1 0.51318671875 0.5451476851851852 0.9732484375 0.9088138888888889
1 0.5129223958333333 0.5455486111111111 0.9737614583333334 0.9096157407407407
1 0.5129223958333333 0.5454680555555556 0.9737614583333334 0.9094546296296296
1 0.51313359375 0.5454680555555556 0.9741838541666666 0.9094546296296296
2 0.51313359375 0.5455486111111111 0.9741838541666666 0.9096157407407407
1 0.12215286458333334 0.5506550925925926 0.003680729166666667 0.006865740740740741
1 0.13611718750000001 0.49148842592592595 0.004526041666666666 0.008902777777777779
1 0.3044502604166667 0.616887962962963 0.008900520833333333 0.01710925925925926
1 0.37537265625 0.941400462962963 0.0132453125 0.02724537037037037
1 0.48670416666666666 0.9748800925925926 0.09111666666666667 0.049760185185185185
1 0.5119343749999999 0.9802449074074074 0.03949375 0.040119444444444444
1 0.48549609375 0.9840662037037038 0.009533854166666666 0.014428703703703704
1 0.5506723958333333 0.5359037037037037 0.018011458333333334 0.019955555555555556
1 0.4791111979166667 0.8427217592592593 0.007180729166666667 0.011369444444444444
1 0.5010078124999999 0.8030638888888889 0.010348958333333333 0.022794444444444444
1 0.45919088541666664 0.8912069444444445 0.007965104166666665 0.010191666666666667
1 0.67963984375 0.6619708333333333 0.023863020833333335 0.04060833333333333
1 0.6732158854166667 0.5573717592592593 0.008931770833333333 0.022150925925925925
1 0.7066026041666666 0.5219087962962964 0.005913541666666666 0.012336111111111112
1 0.8172721354166667 0.8068847222222223 0.012669270833333333 0.03599166666666667
1 0.80835390625 0.7702194444444445 0.005249479166666667 0.008957407407407407
1 0.83124609375 0.9840564814814814 0.03332552083333333 0.031075925925925924
1 0.8812104166666667 0.8209166666666667 0.005129166666666667 0.010351851851851852
1 0.6026192708333333 0.3348833333333333 0.794821875 0.48828518518518516
1 0.8916552083333333 0.5158106481481481 0.011435416666666667 0.02976944444444445
1 0.8697776041666666 0.6334291666666667 0.015596875000000001 0.033525
1 0.8870765625 0.5787277777777777 0.0012364583333333333 0.0074555555555555555
1 0.8881307291666667 0.5733828703703704 0.0075114583333333335 0.018987962962962963
1 0.8850744791666667 0.5629587962962963 0.006607291666666667 0.011102777777777777
1 0.8729674479166667 0.6856777777777778 0.005309895833333333 0.010244444444444445
1 0.96609765625 0.7581787037037037 0.006153645833333333 0.020061111111111113
1 0.9167403645833333 0.4984393518518518 0.004314062499999999 0.011693518518518518
1 0.9289072916666666 0.4932851851851852 0.005731249999999999 0.0162
1 0.8170653645833333 0.5949245370370371 0.003922395833333333 0.008367592592592593
1 0.9010924479166668 0.8479972222222222 0.005309895833333333 0.008957407407407407
1 0.8069122395833334 0.5254782407407407 0.005491145833333333 0.012067592592592592
