1 0.49973958333333335 0.524074074074074 0.9994791666666667 0.95
2 0.49973958333333335 0.524537037037037 0.9994791666666667 0.9490740740740741
1 0.02734375 0.8 0.0036458333333333334 0.020370370370370372
1 0.016145833333333335 0.8569444444444444 0.007291666666666667 0.023148148148148147
1 0.19947916666666668 0.787962962962963 0.014583333333333334 0.044444444444444446
1 0.25286458333333334 0.5958333333333333 0.013020833333333334 0.028703703703703703
1 0.15703125 0.4638888888888889 0.0140625 0.025925925925925925
1 0.3341145833333333 0.7537037037037037 0.016145833333333335 0.024074074074074074
1 0.3658854166666667 0.8125 0.011979166666666667 0.028703703703703703
1 0.28802083333333334 0.8466870370370371 0.004166666666666667 0.01004074074074074
1 0.27890625 0.9074074074074074 0.0078125 0.012962962962962963
1 0.23828125 0.875462962962963 0.0067708333333333336 0.012037037037037037
1 0.46848958333333335 0.8476851851851852 0.008854166666666666 0.019444444444444445
1 0.36666666666666664 0.9611111111111111 0.0125 0.011111111111111112
1 0.09583333333333334 0.15185185185185185 0.016666666666666666 0.05185185185185185
1 0.175 0.3578703703703704 0.015625 0.04537037037037037
1 0.23229166666666667 0.4625 0.005208333333333333 0.017592592592592594
1 0.15026041666666667 0.39166666666666666 0.009895833333333333 0.007407407407407408
1 0.384375 0.22453703703703703 0.007291666666666667 0.013888888888888888
1 0.44296875 0.22407407407407406 0.015104166666666667 0.024074074074074074
1 0.484375 0.324537037037037 0.005208333333333333 0.010185185185185186
1 0.8932291666666666 0.2865740740740741 0.010416666666666666 0.030555555555555555
1 0.8736979166666666 0.5662037037037037 0.005729166666666666 0.012037037037037037
1 0.6322916666666667 0.6671296296296296 0.013541666666666667 0.032407407407407406
1 0.9330729166666667 0.8356481481481481 0.008854166666666666 0.026851851851851852
1 0.9372395833333333 0.9916666666666667 0.009895833333333333 0.014814814814814815
1 0.9565104166666667 0.9625 0.0046875 0.010185185185185186
1 0.9770833333333333 0.8587962962962963 0.007291666666666667 0.012037037037037037
1 0.628125 0.49027777777777776 0.00625 0.008333333333333333
