2 0.5 0.5 1.0 1.0
1 0.3610828125 0.5515453703703703 0.028415625 0.05494259259259259
1 0.1399015625 0.5629625 0.015219791666666668 0.03333240740740741
1 0.2039796875 0.5740791666666667 0.012126041666666667 0.027787962962962962
1 0.239453125 0.6343166666666666 0.009114583333333334 0.022337037037037037
1 0.20139973958333332 0.7704768518518519 0.018424479166666667 0.05391666666666666
1 0.2920046875 0.8680944444444445 0.007967708333333334 0.013966666666666667
1 0.049803125 0.6865592592592593 0.006897916666666667 0.021266666666666666
1 0.012741666666666667 0.31648194444444444 0.005691666666666667 0.021852777777777777
1 0.0639296875 0.10506527777777779 0.011192708333333332 0.03976018518518519
1 0.0646875 0.09813148148148149 0.007500000000000001 0.02404074074074074
1 0.22958463541666668 0.23774953703703702 0.009169270833333333 0.025499074074074077
1 0.30129609375000005 0.2763643518518519 0.0088421875 0.03606203703703704
1 0.34567552083333336 0.21772037037037037 0.011142708333333333 0.026181481481481483
1 0.35623932291666666 0.317137962962963 0.015603645833333334 0.023164814814814815
1 0.39655130208333333 0.01737361111111111 0.018102604166666664 0.03474722222222222
1 0.5553221354166666 0.1218699074074074 0.031477604166666666 0.056702777777777776
1 0.5516463541666667 0.13494212962962965 0.016834375000000002 0.03284722222222222
1 0.57582890625 0.2263425925925926 0.009991145833333333 0.03231481481481481
1 0.5693007812499999 0.34276249999999997 0.017768229166666667 0.035524999999999994
1 0.7268653645833333 0.4108185185185185 0.019355729166666665 0.0346
1 0.7578416666666666 0.2829847222222222 0.015683333333333334 0.04559907407407408
1 0.7189760416666666 0.7456185185185186 0.011910416666666666 0.030125925925925928
1 0.7413901041666667 0.7506333333333333 0.020280208333333334 0.040155555555555555
1 0.65883515625 0.6876564814814815 0.006211979166666667 0.019757407407407408
1 0.6874963541666667 0.8306907407407407 0.005201041666666667 0.015085185185185186
1 0.7443598958333334 0.8230652777777777 0.009553124999999999 0.014649074074074073
1 0.7933567708333332 0.8182615740740741 0.012755208333333332 0.01800462962962963
1 0.5089645833333333 0.9610666666666666 0.017929166666666666 0.02954074074074074
1 0.35788671875 0.7409412037037038 0.0095234375 0.02632685185185185
1 0.37193671875 0.8194574074074075 0.0094984375 0.016692592592592592
1 0.39527838541666666 0.7871912037037038 0.008265104166666667 0.022530555555555554
1 0.24786979166666667 0.7064388888888888 0.010322916666666666 0.02398888888888889
1 0.58129765625 0.04164490740740741 0.008428645833333333 0.031437962962962966
1 0.8441921874999999 0.21021342592592593 0.013384375 0.02968611111111111
1 0.793828125 0.19692314814814815 0.005364583333333334 0.00866111111111111
1 0.6714869791666668 0.21573425925925926 0.005473958333333333 0.009246296296296298
1 0.6623875 0.26714814814814813 0.0049833333333333335 0.00837037037037037
1 0.7244721354166667 0.5861703703703703 0.013527604166666667 0.05197037037037037
1 0.6908911458333333 0.3665157407407407 0.013032291666666666 0.040438888888888885
1 0.6385919270833333 0.128575 0.006350520833333333 0.010853703703703704
