2 0.5 0.4638583333333333 1.0 0.9277166666666666
1 0.17006666666666667 0.8157601851851851 0.008883333333333333 0.03707592592592593
1 0.7202322916666667 0.48710509259259255 0.026922916666666668 0.05013611111111111
1 0.7511104166666667 0.3099208333333333 0.013679166666666666 0.03095277777777778
1 0.8096716145833334 0.27839907407407405 0.015176562499999999 0.021612962962962962
1 0.47268046875 0.09361898148148147 0.020360937500000002 0.03168240740740741
1 0.5864752604166666 0.2188240740740741 0.0114921875 0.022833333333333334
1 0.30168802083333335 0.1924523148148148 0.010667708333333333 0.02749722222222222
1 0.3353791666666667 0.18825416666666667 0.011383333333333334 0.026508333333333335
1 0.5718544270833333 0.5060268518518518 0.0332921875 0.043535185185185184
1 0.6087270833333334 0.7750166666666667 0.0101625 0.012996296296296296
1 0.7353119791666667 0.828486574074074 0.011248958333333333 0.010676851851851852
