2 0.5 0.46087685185185184 1.0 0.9217537037037037
1 0.4672953125 0.7731050925925925 0.017923958333333333 0.03695092592592592
1 0.5183916666666667 0.8304222222222222 0.014908333333333332 0.051585185185185185
1 0.24451197916666667 0.721286574074074 0.012982291666666666 0.024054629629629627
1 0.3063671875 0.5263777777777778 0.011692708333333333 0.03794074074074074
1 0.24765520833333332 0.8199458333333334 0.015102083333333332 0.0269287037037037
1 0.27000963541666667 0.19648703703703702 0.02022760416666667 0.042974074074074074
1 0.6344830729166666 0.45372546296296296 0.0137578125 0.0352287037037037
1 0.7446260416666667 0.4361175925925926 0.00904375 0.022235185185185184
1 0.16610729166666666 0.0530087962962963 0.02700625 0.04120277777777778
1 0.1891203125 0.07956203703703703 0.015740625 0.040605555555555554
