2 0.5002604166666667 0.5379439814814814 0.9994791666666667 0.9240361111111111
1 0.13619791666666667 0.24953703703703703 0.016145833333333335 0.03425925925925926
1 0.06197916666666667 0.30833333333333335 0.010416666666666666 0.014814814814814815
1 0.5236979166666667 0.19907407407407407 0.009895833333333333 0.018518518518518517
1 0.54375 0.1736111111111111 0.01875 0.05277777777777778
1 0.5661458333333333 0.1310185185185185 0.013541666666666667 0.030555555555555555
1 0.5333333333333333 0.11990740740740741 0.016666666666666666 0.021296296296296296
1 0.34270833333333334 0.3712962962962963 0.029166666666666667 0.053703703703703705
1 0.09010416666666667 0.5837962962962963 0.013541666666666667 0.028703703703703703
1 0.025520833333333333 0.5671296296296297 0.00625 0.03611111111111111
1 0.07005208333333333 0.6759259259259259 0.011979166666666667 0.03333333333333333
1 0.12161458333333333 0.7416666666666667 0.0078125 0.020370370370370372
1 0.18984375 0.6953703703703704 0.005729166666666666 0.018518518518518517
1 0.22604166666666667 0.5671296296296297 0.010416666666666666 0.019444444444444445
1 0.08307291666666666 0.861574074074074 0.016145833333333335 0.028703703703703703
1 0.37994791666666666 0.8050925925925926 0.013020833333333334 0.025
1 0.5052083333333334 0.962037037037037 0.027083333333333334 0.044444444444444446
1 0.47604166666666664 0.7430555555555556 0.017708333333333333 0.019444444444444445
1 0.56953125 0.8032407407407407 0.059895833333333336 0.06018518518518518
1 0.5723958333333333 0.8513888888888889 0.009375 0.030555555555555555
1 0.6125 0.7574074074074074 0.010416666666666666 0.016666666666666666
1 0.55546875 0.6078703703703704 0.018229166666666668 0.013888888888888888
1 0.7677083333333333 0.9060185185185186 0.01875 0.025
1 0.6955729166666667 0.8606481481481482 0.0171875 0.025
1 0.7174479166666666 0.9305555555555556 0.0421875 0.027777777777777776
1 0.7166666666666667 0.8134259259259259 0.013541666666666667 0.023148148148148147
1 0.7106770833333333 0.7921296296296296 0.019270833333333334 0.025
1 0.6536458333333334 0.5560185185185185 0.027083333333333334 0.028703703703703703
1 0.7260416666666667 0.9861111111111112 0.013541666666666667 0.025925925925925925
1 0.9731770833333333 0.9675925925925926 0.009895833333333333 0.03333333333333333
1 0.9869791666666666 0.8856481481481482 0.009375 0.026851851851851852
1 0.8520833333333333 0.8824074074074074 0.011458333333333333 0.025925925925925925
1 0.86875 0.6995370370370371 0.014583333333333334 0.017592592592592594
1 0.9489583333333333 0.538425925925926 0.004166666666666667 0.026851851851851852
1 0.8580729166666666 0.4685185185185185 0.011979166666666667 0.022222222222222223
1 0.7815104166666667 0.4875 0.009895833333333333 0.028703703703703703
1 0.74609375 0.3125 0.021354166666666667 0.026851851851851852
1 0.8911458333333333 0.26990740740740743 0.008333333333333333 0.021296296296296296
1 0.6671875 0.2537037037037037 0.013541666666666667 0.053703703703703705
1 0.46041666666666664 0.21666666666666667 0.0125 0.020370370370370372
1 0.7638020833333333 0.12314814814814815 0.016145833333333335 0.04814814814814815
1 0.79453125 0.12731481481481483 0.008854166666666666 0.03796296296296296
1 0.6447916666666667 0.18703703703703703 0.005208333333333333 0.007407407407407408
1 0.8138020833333334 0.31342592592592594 0.0234375 0.06388888888888888
