2 0.49973958333333335 0.549537037037037 0.9994791666666667 0.899074074074074
1 0.19505208333333332 0.37037037037037035 0.028645833333333332 0.05185185185185185
1 0.20885416666666667 0.7652777777777777 0.0125 0.05092592592592592
1 0.4234375 0.8699074074074075 0.007291666666666667 0.04722222222222222
1 0.5552083333333333 0.37222222222222223 0.013541666666666667 0.03888888888888889
1 0.50078125 0.5550925925925926 0.0171875 0.028703703703703703
1 0.85625 0.6518518518518519 0.028125 0.06481481481481481
1 0.5059895833333333 0.16944444444444445 0.016145833333333335 0.024074074074074074
1 0.46015625 0.3388888888888889 0.009895833333333333 0.022222222222222223
1 0.4700520833333333 0.3425925925925926 0.0109375 0.03333333333333333
1 0.35989583333333336 0.899074074074074 0.020833333333333332 0.022222222222222223
1 0.9236979166666667 0.8796296296296297 0.0036458333333333334 0.007407407407407408
1 0.9234375 0.9032407407407408 0.016666666666666666 0.03425925925925926
1 0.7125 0.7685185185185185 0.008333333333333333 0.02962962962962963
