2 0.5078768229166667 0.4153833333333333 0.9845036458333334 0.8307666666666667
1 0.9888059895833333 0.6379611111111112 0.008861979166666667 0.02407037037037037
1 0.9280833333333334 0.16949907407407408 0.011375 0.02418333333333333
1 0.5992177083333333 0.010800462962962963 0.014060416666666666 0.014193518518518519
1 0.9472481770833333 0.3198162037037037 0.0122046875 0.028521296296296298
1 0.8263197916666667 0.49306250000000007 0.007847916666666666 0.013902777777777778
1 0.2885682291666667 0.06390370370370371 0.008386458333333334 0.014844444444444445
1 0.24020286458333334 0.08965185185185184 0.015822395833333332 0.020044444444444445
1 0.2510497395833333 0.2698569444444444 0.012516145833333332 0.024899074074074073
1 0.3627364583333333 0.3494773148148148 0.017139583333333333 0.04154722222222222
1 0.3353296875 0.4061300925925926 0.0071177083333333335 0.01781574074074074
1 0.3083916666666667 0.4398050925925926 0.008450000000000001 0.024054629629629627
1 0.2718200520833333 0.44033333333333335 0.006140104166666666 0.015851851851851853
1 0.27349140625 0.5749981481481482 0.0094828125 0.02407037037037037
1 0.29718958333333334 0.5203689814814815 0.003754166666666667 0.016663888888888888
1 0.22442395833333334 0.5528967592592593 0.008222916666666667 0.031719444444444446
1 0.21489348958333335 0.4773384259259259 0.004786979166666667 0.010232407407407407
1 0.06316692708333334 0.6440981481481481 0.008625520833333334 0.06041851851851852
1 0.23839895833333333 0.7258671296296296 0.00700625 0.027660185185185187
1 0.8341140625 0.7384898148148148 0.006769791666666666 0.012164814814814814
1 0.8500447916666667 0.7698574074074074 0.007381250000000001 0.01749259259259259
