2 0.5 0.4575425925925926 1.0 0.9150851851851852
1 0.32189843749999997 0.8742342592592592 0.016713541666666668 0.0336537037037037
1 0.4139315104166667 0.6082171296296296 0.0257796875 0.05161944444444445
1 0.3864354166666667 0.4838967592592593 0.010370833333333333 0.017793518518518518
1 0.20442213541666668 0.5389365740740741 0.0067609375 0.016762037037037037
1 0.425184375 0.23921805555555556 0.018077083333333334 0.05065833333333333
1 0.4443955729166667 0.2910175925925926 0.004416145833333333 0.024627777777777776
1 0.5644895833333333 0.47585046296296296 0.016479166666666666 0.01836759259259259
1 0.56512265625 0.6956097222222223 0.009411979166666667 0.01899722222222222
1 0.54931640625 0.6426194444444444 0.009049479166666667 0.009312962962962962
1 0.51306796875 0.8629013888888889 0.005302604166666666 0.02580277777777778
1 0.71351953125 0.8876837962962962 0.0176640625 0.02166388888888889
1 0.7906770833333333 0.7233592592592593 0.004270833333333333 0.011533333333333333
1 0.6712158854166667 0.5805106481481481 0.004931770833333333 0.009169444444444445
1 0.7580078125 0.5573171296296296 0.006640625 0.018337962962962962
1 0.6257390625 0.3453055555555556 0.007728125 0.014685185185185185
1 0.60316796875 0.3800912037037037 0.005294270833333333 0.012034259259259258
1 0.75388828125 0.15489907407407408 0.011943229166666668 0.024612962962962965
1 0.7815338541666667 0.2863537037037037 0.010984375 0.015300000000000001
1 0.7507229166666666 0.3273523148148148 0.0118625 0.01581574074074074
1 0.7768666666666667 0.19693842592592592 0.009983333333333334 0.03276574074074074
1 0.99890546875 0.5250662037037037 0.0019776041666666666 0.02235462962962963
1 0.906271875 0.6738189814814816 0.013585416666666666 0.040230555555555554
1 0.90388828125 0.7123171296296297 0.011943229166666668 0.020930555555555556
1 0.97612421875 0.610886111111111 0.006415104166666667 0.016216666666666667
1 0.548696875 0.5280115740740742 0.015102083333333332 0.01713425925925926
1 0.4287174479166667 0.10455277777777779 0.012643229166666665 0.020216666666666668
1 0.3064471354166667 0.16219398148148148 0.012894270833333334 0.02253611111111111
