2 0.4937661458333333 0.5893976851851852 0.9875322916666666 0.821387962962963
1 0.38645572916666665 0.9885282407407407 0.015619791666666666 0.023352777777777778
1 0.23682578125 0.9954370370370369 0.012193229166666668 0.009392592592592593
1 0.18747213541666669 0.9241125 0.008277604166666667 0.024150925925925923
1 0.25207526041666667 0.8332023148148149 0.030192187500000002 0.13121944444444444
1 0.13676354166666668 0.9236018518518518 0.007902083333333334 0.013870370370370371
1 0.64579609375 0.7578523148148149 0.012425520833333334 0.024963888888888886
1 0.19613411458333332 0.6800263888888889 0.005809895833333333 0.02116388888888889
1 0.18884270833333333 0.6420712962962963 0.00476875 0.02303148148148148
1 0.65674765625 0.3522574074074074 0.005161979166666666 0.008218518518518517
1 0.28654375 0.23705092592592591 0.011629166666666666 0.027805555555555556
1 0.2344109375 0.21992268518518518 0.005280208333333333 0.012067592592592592
1 0.21972317708333333 0.3861013888888889 0.0029880208333333334 0.022202777777777776
1 0.14400989583333335 0.25275277777777777 0.005728125 0.01106111111111111
1 0.02860442708333333 0.3819430555555555 0.0061671875 0.015737962962962964
1 0.05123776041666666 0.7189796296296297 0.007683854166666667 0.021292592592592592
1 0.058131510416666664 0.69485 0.0079296875 0.011922222222222221
1 0.00762890625 0.9879861111111112 0.0058828125 0.016712962962962964
1 0.14380885416666667 0.7476194444444444 0.004284375000000001 0.011905555555555556
1 0.6546872395833333 0.46621944444444446 0.004166145833333333 0.006512962962962963
