2 0.49973958333333335 0.5310185185185186 0.9994791666666667 0.9361111111111111
1 0.33619791666666665 0.20833333333333334 0.0296875 0.022222222222222223
1 0.275 0.19490740740740742 0.016666666666666666 0.026851851851851852
1 0.48802083333333335 0.27546296296296297 0.021875 0.025
1 0.5161458333333333 0.39675925925925926 0.01875 0.04351851851851852
1 0.30078125 0.5861111111111111 0.030729166666666665 0.04814814814814815
1 0.27578125 0.6814814814814815 0.04114583333333333 0.07407407407407407
1 0.31197916666666664 0.3060185185185185 0.00625 0.032407407407407406
1 0.3692708333333333 0.6347222222222222 0.04791666666666667 0.030555555555555555
1 0.55 0.6388888888888888 0.01875 0.02962962962962963
1 0.30833333333333335 0.524537037037037 0.010416666666666666 0.019444444444444445
1 0.62890625 0.5634259259259259 0.011979166666666667 0.019444444444444445
1 0.2953125 0.7546296296296297 0.009375 0.014814814814814815
1 0.34921875 0.8662037037037037 0.0171875 0.05462962962962963
1 0.16432291666666668 0.8814814814814815 0.0067708333333333336 0.024074074074074074
1 0.590625 0.8152777777777778 0.009375 0.013888888888888888
1 0.6747395833333333 0.6916666666666667 0.005729166666666666 0.020370370370370372
1 0.4953125 0.48657407407407405 0.008333333333333333 0.017592592592592594
1 0.5653645833333333 0.16712962962962963 0.009895833333333333 0.03981481481481482
1 0.5830729166666667 0.15092592592592594 0.03177083333333333 0.05
1 0.71015625 0.19074074074074074 0.013020833333333334 0.024074074074074074
1 0.7947916666666667 0.42407407407407405 0.025 0.040740740740740744
1 0.7283854166666667 0.6013888888888889 0.0140625 0.025
1 0.91953125 0.6800925925925926 0.018229166666666668 0.125
1 0.83671875 0.6689814814814815 0.005729166666666666 0.012037037037037037
1 0.8359375 0.5902777777777778 0.01875 0.06388888888888888
1 0.84296875 0.44583333333333336 0.009895833333333333 0.013888888888888888
1 0.7580729166666667 0.26851851851851855 0.0109375 0.025925925925925925
1 0.9380208333333333 0.37037037037037035 0.005208333333333333 0.018518518518518517
1 0.9572916666666667 0.9171296296296296 0.008333333333333333 0.021296296296296296
1 0.9291666666666667 0.8324074074074074 0.004166666666666667 0.012962962962962963
1 0.9903645833333333 0.7055555555555556 0.0046875 0.016666666666666666
1 0.9609375 0.6782407407407407 0.004166666666666667 0.008333333333333333
1 0.9921875 0.9263888888888889 0.007291666666666667 0.019444444444444445
1 0.9489583333333333 0.9935185185185185 0.008333333333333333 0.011111111111111112
1 0.7356770833333334 0.9148148148148149 0.005729166666666666 0.012962962962962963
1 0.7184895833333333 0.5504629629629629 0.013020833333333334 0.012037037037037037
1 0.58125 0.5185185185185185 0.005208333333333333 0.009259259259259259
1 0.25738177083333336 0.6051620370370371 0.006430208333333334 0.03439814814814815
1 0.36380208333333336 0.7300925925925926 0.011979166666666667 0.03611111111111111
1 0.45807291666666666 0.85 0.008854166666666666 0.012962962962962963
1 0.46901041666666665 0.8111111111111111 0.011979166666666667 0.012962962962962963
1 0.39869791666666665 0.9606481481481481 0.015104166666666667 0.019444444444444445
1 0.40703125 0.7273148148148149 0.0046875 0.006481481481481481
1 0.43333333333333335 0.6935185185185185 0.004166666666666667 0.005555555555555556
1 0.3984375 0.8513888888888889 0.004166666666666667 0.004629629629629629
1 0.36796875 0.8495370370370371 0.005729166666666666 0.008333333333333333
1 0.4674479166666667 0.6592592592592592 0.0078125 0.009259259259259259
1 0.4328125 0.65 0.003125 0.009259259259259259
1 0.34479166666666666 0.5310185185185186 0.019791666666666666 0.05462962962962963
1 0.5171875 0.25416666666666665 0.026041666666666668 0.017592592592592594
1 0.7690104166666667 0.4111111111111111 0.0140625 0.014814814814814815
1 0.7341145833333333 0.3490740740740741 0.011979166666666667 0.022222222222222223
