2 0.5 0.47087083333333335 1.0 0.9417416666666667
1 0.05126328125 0.1714203703703704 0.007734895833333334 0.016914814814814817
1 0.01104453125 0.23613657407407407 0.0064640625 0.02227314814814815
1 0.0069471354166666666 0.38125324074074074 0.007644270833333333 0.025469444444444447
1 0.14846536458333331 0.2944907407407408 0.0052640625 0.0075
1 0.18080520833333333 0.11703842592592592 0.018902083333333333 0.03407685185185185
1 0.19685364583333334 0.09107037037037037 0.010373958333333332 0.013622222222222221
1 0.23288307291666666 0.1249949074074074 0.0074328125 0.016656481481481484
1 0.06470598958333333 0.05338194444444445 0.0044119791666666665 0.014171296296296296
1 0.205690625 0.32472824074074075 0.007214583333333333 0.008715740740740741
1 0.19973619791666666 0.024393981481481482 0.010930729166666665 0.011750925925925927
1 0.29758125 0.36495555555555553 0.0076625 0.015096296296296295
1 0.24155260416666666 0.738474537037037 0.038313541666666666 0.06768981481481481
1 0.2688565104166667 0.7013194444444444 0.008546354166666666 0.015601851851851853
1 0.30273828125 0.7277231481481482 0.007559895833333333 0.02026111111111111
1 0.1517390625 0.6590037037037038 0.0066031250000000005 0.008748148148148149
1 0.12486927083333334 0.6977912037037037 0.011196875 0.023360185185185185
1 0.13243515625 0.7225342592592593 0.006536979166666667 0.017290740740740742
1 0.14775312499999999 0.7484782407407408 0.010089583333333334 0.011771296296296295
1 0.8038588541666667 0.8078398148148148 0.006676041666666666 0.04716111111111111
1 0.9313361979166667 0.6876162037037037 0.01579739583333333 0.023380555555555557
1 0.8993247395833334 0.5628912037037037 0.0101078125 0.023930555555555556
1 0.9367442708333333 0.5800888888888889 0.005780208333333333 0.01202962962962963
1 0.9050817708333334 0.7391050925925926 0.008080208333333333 0.013395370370370372
1 0.9707020833333334 0.7731245370370371 0.013279166666666667 0.024026851851851855
1 0.9424273437499999 0.3536976851851852 0.007771354166666666 0.020358333333333332
1 0.7935460937500001 0.30669861111111113 0.02355052083333333 0.03006388888888889
1 0.8335606770833334 0.30668287037037034 0.019204687499999998 0.028180555555555556
1 0.8353679687500001 0.3385675925925926 0.010319270833333333 0.01232037037037037
1 0.8371739583333333 0.353700462962963 0.006639583333333333 0.01110462962962963
1 0.8487763020833333 0.3806643518518519 0.011094270833333333 0.015032407407407408
1 0.8650658854166667 0.33379444444444445 0.0061734375 0.0064777777777777785
1 0.8463041666666666 0.24967361111111108 0.014483333333333332 0.028976851851851854
1 0.7919958333333333 0.1806625 0.013158333333333333 0.02058425925925926
1 0.6441942708333334 0.360624537037037 0.012346875 0.02495277777777778
1 0.6094817708333333 0.3174268518518519 0.03771354166666666 0.04781666666666667
1 0.5990098958333333 0.35494305555555555 0.009478125 0.013589814814814815
1 0.6573627604166667 0.33064953703703703 0.005350520833333333 0.009447222222222221
1 0.71373671875 0.31070925925925924 0.0055984375 0.012159259259259259
1 0.7577830729166667 0.12164212962962964 0.0072328125000000005 0.01365462962962963
1 0.9749981770833334 0.2319236111111111 0.0062463541666666665 0.015699074074074074
1 0.4997700520833333 0.5080083333333333 0.01933177083333333 0.025275925925925924
1 0.5711958333333332 0.3964851851851852 0.012183333333333332 0.017044444444444445
1 0.569771875 0.4904347222222222 0.00516875 0.016054629629629627
1 0.44380390625000005 0.1297634259259259 0.020941145833333334 0.03915648148148148
