2 0.5 0.47701805555555554 1.0 0.9540361111111111
1 0.646584375 0.4676226851851852 0.02754375 0.04820833333333333
1 0.2637075520833333 0.48313379629629627 0.0482484375 0.05515648148148149
1 0.3692752604166667 0.8684333333333334 0.021883854166666668 0.031311111111111116
1 0.5701583333333333 0.08713796296296297 0.028858333333333333 0.0446462962962963
1 0.19733229166666666 0.23223472222222222 0.01445625 0.05891388888888889
1 0.13799166666666668 0.25030787037037033 0.0114 0.04135648148148148
1 0.6604606770833333 0.3421851851851852 0.012588020833333333 0.030666666666666665
1 0.48344869791666667 0.9156361111111111 0.010647395833333333 0.02571666666666667
1 0.8039846354166666 0.20097083333333332 0.013177604166666666 0.020460185185185185
1 0.10961458333333333 0.47968148148148154 0.017145833333333336 0.03158518518518519
1 0.08114765624999999 0.30673148148148144 0.017503645833333335 0.03938888888888889
1 0.17340182291666667 0.11142453703703703 0.008261979166666666 0.024700925925925925
