2 0.9727617187500001 0.6642092592592592 0.04760677083333333 0.32101111111111114
2 0.47411953125 0.46080046296296295 0.9482390625 0.9216009259259259
1 0.22383880208333332 0.2896486111111111 0.0247609375 0.06448240740740742
1 0.058103645833333335 0.6798888888888889 0.004748958333333333 0.026444444444444444
1 0.11030520833333333 0.8257509259259259 0.012277083333333333 0.02927962962962963
1 0.14582161458333334 0.8203546296296296 0.005184895833333333 0.012931481481481481
1 0.07468307291666668 0.5139986111111111 0.011866145833333334 0.024293518518518516
1 0.17512786458333332 0.31601851851851853 0.0085890625 0.037592592592592594
1 0.14821953125 0.19810972222222223 0.009980729166666667 0.03140462962962963
1 0.02071901041666667 0.05969398148148148 0.010188020833333334 0.023091666666666667
1 0.13687447916666665 0.05987499999999999 0.021665625 0.023453703703703702
1 0.24306562499999998 0.28519259259259255 0.010089583333333334 0.020385185185185183
1 0.24230494791666668 0.40121574074074073 0.012734895833333334 0.03576481481481481
1 0.3996885416666667 0.5176967592592592 0.011877083333333333 0.020578703703703707
1 0.3811596354166667 0.5256921296296296 0.024819270833333334 0.04027314814814815
1 0.43802604166666664 0.4770680555555556 0.016677083333333335 0.043025
1 0.560978125 0.46800416666666667 0.02195625 0.03415648148148148
1 0.6034598958333334 0.6749046296296297 0.03296145833333333 0.05166111111111111
1 0.6633148437499999 0.7551773148148148 0.03808802083333333 0.047391666666666665
1 0.6978203125 0.8226620370370371 0.010223958333333333 0.026805555555555555
1 0.7158328125 0.868725 0.008748958333333333 0.02448703703703704
1 0.4181247395833333 0.8410291666666667 0.0258328125 0.06353981481481481
1 0.3205734375 0.8402773148148148 0.009896875 0.026850925925925924
1 0.7160963541666666 0.04971620370370371 0.006151041666666667 0.01239537037037037
1 0.9828236979166667 0.5399319444444444 0.03439739583333334 0.06319722222222222
1 0.39544296875 0.34793564814814815 0.016927604166666665 0.025500925925925927
1 0.6569544270833333 0.8096777777777778 0.018075520833333334 0.028614814814814815
1 0.5449955729166667 0.7157458333333333 0.011866145833333334 0.022232407407407406
1 0.5172213541666667 0.16088796296296298 0.012567708333333334 0.02362777777777778
