2 0.5002604166666667 0.4638888888888889 0.9994791666666667 0.9259259259259259
1 0.59765625 0.8402777777777778 0.022395833333333334 0.05277777777777778
1 0.4705729166666667 0.8824074074074074 0.024479166666666666 0.03148148148148148
1 0.8520833333333333 0.875462962962963 0.021875 0.03611111111111111
1 0.9830729166666666 0.7310185185185185 0.0067708333333333336 0.03611111111111111
1 0.8098958333333334 0.5472222222222223 0.00625 0.027777777777777776
1 0.8802083333333334 0.5143518518518518 0.009375 0.025
1 0.8674479166666667 0.6328703703703704 0.009895833333333333 0.021296296296296296
1 0.9692708333333333 0.49166666666666664 0.004166666666666667 0.020370370370370372
1 0.80078125 0.5032407407407408 0.0036458333333333334 0.012037037037037037
1 0.79140625 0.46435185185185185 0.0046875 0.008333333333333333
1 0.83359375 0.4703703703703704 0.008854166666666666 0.012962962962962963
1 0.8518229166666667 0.3837962962962963 0.0036458333333333334 0.004629629629629629
1 0.8341145833333333 0.32592592592592595 0.0109375 0.02962962962962963
1 0.8046875 0.30324074074074076 0.004166666666666667 0.028703703703703703
1 0.759375 0.2518518518518518 0.021875 0.053703703703703705
1 0.7588541666666667 0.24722222222222223 0.026041666666666668 0.06481481481481481
1 0.8739583333333333 0.14027777777777778 0.026041666666666668 0.06388888888888888
1 0.8671875 0.13425925925925927 0.013541666666666667 0.05185185185185185
1 0.9692708333333333 0.25 0.011458333333333333 0.04259259259259259
1 0.8526041666666667 0.21851851851851853 0.007291666666666667 0.018518518518518517
1 0.8203125 0.2462962962962963 0.008333333333333333 0.018518518518518517
1 0.7393229166666667 0.11296296296296296 0.0046875 0.011111111111111112
1 0.7591145833333334 0.07546296296296297 0.0067708333333333336 0.013888888888888888
1 0.8377604166666667 0.005092592592592593 0.0067708333333333336 0.008333333333333333
1 0.9419270833333333 0.05555555555555555 0.0078125 0.012962962962962963
1 0.9346354166666667 0.07592592592592592 0.0078125 0.014814814814814815
1 0.87578125 0.009259259259259259 0.0140625 0.016666666666666666
1 0.5973958333333333 0.06574074074074074 0.004166666666666667 0.016666666666666666
1 0.7942708333333334 0.09259259259259259 0.00625 0.016666666666666666
1 0.80234375 0.14351851851851852 0.0067708333333333336 0.018518518518518517
1 0.4203125 0.032407407407407406 0.023958333333333335 0.046296296296296294
1 0.38958333333333334 0.18518518518518517 0.009375 0.022222222222222223
1 0.23541666666666666 0.225 0.017708333333333333 0.027777777777777776
1 0.18098958333333334 0.3013888888888889 0.019270833333333334 0.07314814814814814
1 0.18229166666666666 0.2814814814814815 0.015625 0.03148148148148148
1 0.19427083333333334 0.37824074074074077 0.01875 0.03796296296296296
1 0.04088541666666667 0.07731481481481481 0.03802083333333333 0.11388888888888889
1 0.040364583333333336 0.10277777777777777 0.03697916666666667 0.12407407407407407
1 0.05911458333333333 0.12546296296296297 0.0078125 0.025
1 0.1609375 0.011574074074074073 0.013541666666666667 0.021296296296296296
1 0.221875 0.2828703703703704 0.010416666666666666 0.03425925925925926
1 0.026302083333333334 0.36898148148148147 0.025520833333333333 0.07685185185185185
1 0.050520833333333334 0.3388888888888889 0.0125 0.024074074074074074
1 0.03697916666666667 0.3490740740740741 0.008333333333333333 0.022222222222222223
1 0.07682291666666667 0.09074074074074075 0.009895833333333333 0.022222222222222223
1 0.40703125 0.3888888888888889 0.015104166666666667 0.014814814814814815
1 0.10625 0.0787037037037037 0.013541666666666667 0.009259259259259259
1 0.09765625 0.16666666666666666 0.005729166666666666 0.020370370370370372
1 0.043229166666666666 0.16157407407407406 0.015625 0.032407407407407406
1 0.11848958333333333 0.3087962962962963 0.013020833333333334 0.028703703703703703
1 0.0890625 0.6398148148148148 0.016666666666666666 0.040740740740740744
1 0.16328125 0.537962962962963 0.009895833333333333 0.024074074074074074
1 0.20963541666666666 0.49166666666666664 0.011979166666666667 0.02962962962962963
1 0.13333333333333333 0.42824074074074076 0.004166666666666667 0.017592592592592594
1 0.06979166666666667 0.5310185185185186 0.019791666666666666 0.04537037037037037
1 0.24375 0.7092592592592593 0.014583333333333334 0.024074074074074074
1 0.2421875 0.7625 0.013541666666666667 0.021296296296296296
1 0.06927083333333334 0.6847222222222222 0.016666666666666666 0.03611111111111111
1 0.053125 0.5967592592592592 0.011458333333333333 0.025
1 0.1140625 0.5305555555555556 0.017708333333333333 0.08333333333333333
1 0.13385416666666666 0.6097222222222223 0.010416666666666666 0.019444444444444445
1 0.13541666666666666 0.5324074074074074 0.014583333333333334 0.024074074074074074
1 0.146875 0.5527777777777778 0.007291666666666667 0.018518518518518517
1 0.10390625 0.2814814814814815 0.0109375 0.016666666666666666
1 0.03229166666666667 0.23981481481481481 0.013541666666666667 0.025925925925925925
1 0.18723958333333332 0.6375 0.0046875 0.004629629629629629
1 0.5325520833333334 0.28703703703703703 0.013020833333333334 0.022222222222222223
1 0.3921875 0.462037037037037 0.005208333333333333 0.018518518518518517
