2 0.5 0.508474826388889 1.0 0.9822274305555556
1 0.346267822265625 0.6353615451388889 0.01577783203125 0.04502864583333333
1 0.2617236328125 0.7792447916666667 0.008798828125 0.01855902777777778
1 0.331625 0.84612890625 0.012859375 0.013438368055555556
1 0.319259765625 0.7592365451388888 0.00473046875 0.008056423611111111
1 0.365460693359375 0.918705295138889 0.01607763671875 0.019702256944444444
1 0.3807900390625 0.9036653645833334 0.031111328125 0.02781684027777778
1 0.34905859375 0.7538559027777778 0.0125703125 0.012920138888888889
1 0.503238525390625 0.6536875 0.01721923828125 0.03133333333333333
1 0.453680908203125 0.5807847222222222 0.00892431640625 0.02788888888888889
1 0.472947021484375 0.5290381944444444 0.01230029296875 0.04245138888888889
1 0.46231103515625 0.4419105902777778 0.0154423828125 0.027918402777777778
1 0.41059619140625 0.14678645833333334 0.0350595703125 0.08350347222222222
1 0.4249453125 0.09319401041666667 0.0129765625 0.019721354166666667
1 0.4408779296875 0.1425529513888889 0.024333984375 0.05073090277777778
1 0.442572998046875 0.10951171875 0.01698193359375 0.021106770833333333
1 0.716644287109375 0.6373988715277777 0.04949951171875 0.04389496527777778
1 0.648936279296875 0.5785143229166666 0.01369287109375 0.025084201388888887
1 0.6866416015625 0.6481549479166666 0.032462890625 0.04457378472222222
1 0.625542236328125 0.49892534722222215 0.00401416015625 0.010003472222222221
1 0.6376728515625 0.5170690104166666 0.003861328125 0.011568576388888889
1 0.63855419921875 0.5333111979166667 0.0085537109375 0.018011284722222222
1 0.881100830078125 0.14901779513888888 0.00536572265625 0.008105034722222222
1 0.787835205078125 0.46838454861111106 0.01805322265625 0.04093576388888889
1 0.95258447265625 0.6460963541666667 0.0086845703125 0.049137152777777776
1 0.88698095703125 0.5676714409722222 0.0122431640625 0.010342881944444444
1 0.89868359375 0.6329713541666666 0.00928125 0.021151041666666665
1 0.444837890625 0.43239756944444446 0.00783984375 0.015836805555555555
1 0.415735107421875 0.2612052951388889 0.01994677734375 0.031091145833333333
