2 0.5 0.5 1.0 1.0
1 0.4771716145833333 0.33485787037037035 0.016843229166666664 0.028975
1 0.25276744791666667 0.38107916666666664 0.0222015625 0.02697314814814815
1 0.16673359375 0.8050226851851852 0.0115921875 0.023008333333333332
1 0.3099028645833333 0.841225462962963 0.012514062500000001 0.03985833333333333
1 0.29001510416666665 0.8604444444444445 0.021696875 0.03940740740740741
1 0.5423421875 0.6511708333333334 0.019059375 0.04308240740740741
1 0.7288820312500001 0.802763425925926 0.0171390625 0.011082407407407407
1 0.8090325520833334 0.4601587962962963 0.024315104166666667 0.042539814814814815
1 0.6271950520833334 0.27769814814814814 0.010640104166666666 0.009099999999999999
1 0.5888953125 0.8212662037037036 0.006957291666666667 0.009199074074074075
1 0.4100890625 0.7730569444444445 0.008719791666666667 0.014632407407407408
1 0.4448067708333333 0.6505680555555556 0.004196875 0.006691666666666667
1 0.54752890625 0.6776981481481481 0.011724479166666666 0.012803703703703703
1 0.17278385416666667 0.45563194444444444 0.005984375 0.0075601851851851845
