2 0.5 0.46347699652777785 1.0 0.9269539930555557
1 0.239607666015625 0.3955755208333333 0.02902001953125 0.07587326388888889
1 0.308361328125 0.2576336805555555 0.02199609375 0.018739583333333334
1 0.227065185546875 0.55873828125 0.03713818359375 0.051504340277777776
1 0.19614892578125 0.6034110243055556 0.0260869140625 0.05925260416666667
1 0.30385205078125 0.5955399305555555 0.0168837890625 0.033093750000000005
1 0.396827392578125 0.4733467881944444 0.01338134765625 0.02481857638888889
1 0.406287841796875 0.5765529513888888 0.01472412109375 0.043730902777777775
1 0.370517333984375 0.6645763888888889 0.01935498046875 0.051375
1 0.923580810546875 0.6323663194444444 0.00927099609375 0.019940972222222225
