2 0.5 0.5 1.0 1.0
1 0.7653528645833333 0.4012046296296296 0.024455729166666666 0.020927777777777778
1 0.7657398437499999 0.4863708333333333 0.014813020833333333 0.03385277777777778
1 0.72193671875 0.5155453703703704 0.024081770833333335 0.027387037037037036
1 0.7052283854166668 0.6379023148148147 0.031290104166666666 0.06839722222222222
1 0.8431359374999999 0.5170467592592592 0.012313541666666667 0.04150092592592593
1 0.8971807291666667 0.4665606481481481 0.012069791666666666 0.02571388888888889
1 0.8249911458333333 0.44778472222222226 0.017690625 0.032606481481481486
1 0.3167533854166667 0.37716342592592594 0.019965104166666667 0.052475
1 0.26991875000000004 0.4432314814814815 0.0210875 0.04942592592592593
1 0.2829671875 0.42511342592592594 0.0076010416666666665 0.013189814814814814
1 0.22218593749999999 0.5241490740740741 0.018330208333333334 0.044594444444444443
1 0.35964921874999994 0.8773083333333334 0.024506770833333334 0.03980185185185185
1 0.14468489583333335 0.8412574074074074 0.014369791666666666 0.04362592592592592
1 0.0672875 0.7406814814814815 0.0074916666666666664 0.022103703703703705
1 0.11049479166666668 0.8576708333333333 0.010572916666666666 0.022749074074074074
1 0.16145338541666668 0.9717837962962962 0.0041567708333333335 0.006530555555555555
1 0.16083229166666665 0.7790597222222222 0.00708125 0.008119444444444445
1 0.4856388020833334 0.9561291666666667 0.022319270833333335 0.04188796296296296
1 0.9119166666666667 0.7645796296296297 0.015500000000000002 0.04397407407407407
1 0.9972453125 0.7425175925925925 0.005948958333333334 0.07207222222222222
1 0.7121864583333333 0.009255092592592593 0.018122916666666666 0.018510185185185185
1 0.6814984375 0.1492736111111111 0.020288541666666667 0.0300287037037037
1 0.5776640625 0.04575462962962963 0.010536458333333333 0.019287037037037037
1 0.45845546875000004 0.041883796296296294 0.0044109375 0.007841666666666667
1 0.37815364583333333 0.11787407407407408 0.006307291666666667 0.00797037037037037
1 0.15354348958333333 0.12857314814814816 0.0091703125 0.046035185185185186
1 0.15094791666666665 0.19744675925925925 0.011270833333333334 0.04674537037037037
1 0.20638046875 0.09655 0.016927604166666665 0.022729629629629627
1 0.041151302083333334 0.4269875 0.010427604166666667 0.07434537037037038
1 0.02852135416666667 0.4295981481481482 0.008084375 0.025862962962962963
