2 0.5 0.5502162037037037 1.0 0.9004324074074074
1 0.17080520833333335 0.4990240740740741 0.020777083333333335 0.05730740740740741
1 0.4069752604166667 0.49978194444444446 0.023325520833333332 0.04956388888888889
1 0.50789296875 0.5365902777777778 0.0126609375 0.05281018518518518
1 0.854328125 0.1976291666666667 0.014906250000000001 0.03414722222222222
1 0.7558424479166667 0.36991574074074074 0.0158515625 0.025016666666666666
1 0.7609526041666667 0.5175476851851852 0.010446875 0.023984259259259257
1 0.8457328125 0.6163625 0.012298958333333334 0.04198425925925926
1 0.5762901041666667 0.6624560185185185 0.009871875 0.037875
1 0.39346197916666664 0.3552972222222222 0.017132291666666667 0.03466851851851852
1 0.04414401041666667 0.5119981481481481 0.009121354166666668 0.022144444444444446
1 0.13013489583333335 0.9623134259259261 0.013394791666666666 0.028330555555555557
