2 0.49973958333333335 0.5300925925925926 0.9994791666666667 0.937962962962963
1 0.29661458333333335 0.19166666666666668 0.0515625 0.07037037037037037
1 0.32369791666666664 0.2351851851851852 0.0036458333333333334 0.04814814814814815
1 0.44140625 0.6805555555555556 0.0234375 0.03333333333333333
1 0.35598958333333336 0.7708333333333334 0.021354166666666667 0.03611111111111111
1 0.6513020833333333 0.8787037037037037 0.050520833333333334 0.08148148148148149
1 0.9270833333333334 0.4356481481481482 0.009375 0.019444444444444445
1 0.8653645833333333 0.8898148148148148 0.016145833333333335 0.025925925925925925
1 0.8841145833333334 0.9722222222222222 0.011979166666666667 0.022222222222222223
1 0.8796875 0.9300925925925926 0.017708333333333333 0.023148148148148147
1 0.9169270833333333 0.9888888888888889 0.019270833333333334 0.020370370370370372
1 0.90234375 0.7212962962962963 0.011979166666666667 0.022222222222222223
1 0.9505208333333334 0.38055555555555554 0.005208333333333333 0.012962962962962963
1 0.9229166666666667 0.35694444444444445 0.014583333333333334 0.030555555555555555
