2 0.49973958333333335 0.5365740740740741 0.9994791666666667 0.925
1 0.05416666666666667 0.2300925925925926 0.016666666666666666 0.04722222222222222
1 0.08541666666666667 0.20416666666666666 0.009375 0.023148148148148147
1 0.21484375 0.20185185185185187 0.0078125 0.025925925925925925
1 0.18567708333333333 0.225 0.022395833333333334 0.040740740740740744
1 0.16354166666666667 0.2884259259259259 0.013541666666666667 0.041666666666666664
1 0.16302083333333334 0.27546296296296297 0.005208333333333333 0.012037037037037037
1 0.14010416666666667 0.28935185185185186 0.019791666666666666 0.06388888888888888
1 0.14296875 0.2712962962962963 0.013020833333333334 0.025925925925925925
1 0.14322916666666666 0.20046296296296295 0.004166666666666667 0.006481481481481481
1 0.95546875 0.9027777777777778 0.0109375 0.08518518518518518
1 0.66875 0.4583333333333333 0.01875 0.018518518518518517
1 0.5401041666666667 0.32685185185185184 0.0125 0.03148148148148148
1 0.4934895833333333 0.8046296296296296 0.016145833333333335 0.027777777777777776
1 0.6197916666666666 0.8222222222222222 0.008333333333333333 0.022222222222222223
1 0.5302083333333333 0.8356481481481481 0.026041666666666668 0.008333333333333333
1 0.4278645833333333 0.9745370370370371 0.013020833333333334 0.017592592592592594
1 0.30963541666666666 0.7773148148148148 0.008854166666666666 0.032407407407407406
1 0.20885416666666667 0.8837962962962963 0.008333333333333333 0.010185185185185186
1 0.21588541666666666 0.8851851851851852 0.0078125 0.016666666666666666
1 0.19791666666666666 0.6796296296296296 0.010416666666666666 0.018518518518518517
1 0.09765625 0.8921296296296296 0.009895833333333333 0.01574074074074074
1 0.1 0.8597222222222223 0.011458333333333333 0.030555555555555555
1 0.08411458333333334 0.7712962962962963 0.0078125 0.012962962962962963
1 0.12942708333333333 0.9694444444444444 0.04739583333333333 0.04814814814814815
1 0.007291666666666667 0.7444444444444445 0.005208333333333333 0.011111111111111112
1 0.043229166666666666 0.8166666666666667 0.022916666666666665 0.04814814814814815
1 0.0296875 0.9009259259259259 0.0125 0.024074074074074074
1 0.0234375 0.687962962962963 0.004166666666666667 0.011111111111111112
1 0.028645833333333332 0.6699074074074074 0.004166666666666667 0.008333333333333333
1 0.062239583333333334 0.6564814814814814 0.011979166666666667 0.024074074074074074
1 0.13333333333333333 0.6527777777777778 0.007291666666666667 0.024074074074074074
1 0.15963541666666667 0.5046296296296297 0.016145833333333335 0.044444444444444446
1 0.20338541666666668 0.43425925925925923 0.008854166666666666 0.024074074074074074
1 0.23489583333333333 0.46574074074074073 0.011458333333333333 0.027777777777777776
1 0.07005208333333333 0.4125 0.0036458333333333334 0.041666666666666664
1 0.06197916666666667 0.3685185185185185 0.004166666666666667 0.005555555555555556
1 0.027604166666666666 0.35462962962962963 0.00625 0.014814814814814815
1 0.026822916666666665 0.35462962962962963 0.0046875 0.014814814814814815
1 0.020052083333333335 0.4083333333333333 0.005729166666666666 0.012962962962962963
1 0.09583333333333334 0.2550925925925926 0.008333333333333333 0.017592592592592594
1 0.1 0.30092592592592593 0.009375 0.02962962962962963
1 0.1203125 0.9106481481481481 0.00625 0.019444444444444445
1 0.0453125 0.7847222222222222 0.007291666666666667 0.026851851851851852
1 0.08958333333333333 0.8226851851851852 0.00625 0.013888888888888888
1 0.28854166666666664 0.9861111111111112 0.004166666666666667 0.016666666666666666
1 0.6421875 0.1476851851851852 0.015625 0.03611111111111111
1 0.6859375 0.18287037037037038 0.0125 0.012037037037037037
1 0.6388020833333333 0.9435185185185185 0.008854166666666666 0.011111111111111112
1 0.49895833333333334 0.6412037037037037 0.009375 0.025
1 0.5567708333333333 0.6273148148148148 0.00625 0.013888888888888888
1 0.6549479166666666 0.5300925925925926 0.008854166666666666 0.03611111111111111
