2 0.5035049479166667 0.523786574074074 0.9934682291666667 0.9531287037037036
1 0.3107802083333333 0.3267986111111111 0.02989375 0.12211574074074073
1 0.44785833333333336 0.37248749999999997 0.015508333333333334 0.02460462962962963
1 0.42170859375 0.2517898148148148 0.0090421875 0.01654259259259259
1 0.28809869791666665 0.49045185185185186 0.0084890625 0.027200000000000002
1 0.30029869791666663 0.4791560185185186 0.014139062499999999 0.028682407407407406
1 0.2782565104166667 0.42811759259259263 0.007554687500000001 0.015494444444444446
1 0.42202942708333335 0.577374537037037 0.0148921875 0.038082407407407405
1 0.22783411458333333 0.7844680555555555 0.005668229166666666 0.05041759259259259
1 0.26038385416666665 0.9030458333333333 0.012434375 0.030165740740740743
1 0.3502151041666667 0.9599731481481482 0.010846875 0.02179814814814815
1 0.4325111979166667 0.3162222222222222 0.010855729166666666 0.023185185185185184
1 0.47600598958333334 0.7035425925925927 0.008261979166666666 0.01264074074074074
1 0.45902578125000004 0.7790078703703703 0.006593229166666667 0.009867592592592593
1 0.7720979166666667 0.9618712962962962 0.016070833333333333 0.031150000000000004
1 0.7411322916666666 0.8754467592592592 0.01455625 0.05830092592592593
1 0.6831403645833334 0.7033032407407407 0.017322395833333334 0.028828703703703704
1 0.776403125 0.7718342592592593 0.013222916666666668 0.023298148148148148
1 0.82433125 0.553525462962963 0.02470416666666667 0.06260648148148147
1 0.8021760416666667 0.7185912037037037 0.010602083333333335 0.026071296296296297
1 0.83297109375 0.793437962962963 0.014900520833333335 0.025764814814814817
1 0.8067028645833333 0.741775 0.007155729166666667 0.018735185185185188
1 0.9648700520833333 0.9622217592592592 0.017240104166666666 0.0633324074074074
1 0.9805984375 0.7749379629629629 0.008071875 0.01654259259259259
1 0.9689682291666667 0.7097708333333334 0.016061458333333334 0.032504629629629626
1 0.9849281249999999 0.462449537037037 0.008397916666666666 0.028602777777777776
1 0.7814190104166666 0.9294430555555555 0.009713020833333334 0.04962685185185185
