2 0.5 0.4984888888888889 1.0 0.9969777777777779
1 0.6018372395833332 0.795786574074074 0.0120078125 0.02120277777777778
1 0.3860028645833333 0.504999537037037 0.019922395833333332 0.03777685185185185
1 0.0244765625 0.7235180555555556 0.006244791666666667 0.01740648148148148
1 0.04252864583333334 0.7504805555555556 0.005890625 0.021331481481481483
1 0.4216416666666667 0.043465277777777776 0.018283333333333332 0.05359722222222222
1 0.41578437500000004 0.37093194444444444 0.00969375 0.034456481481481484
1 0.78255703125 0.4681648148148148 0.013030729166666666 0.030774074074074072
1 0.8350346354166667 0.69295 0.022152604166666666 0.03775185185185185
1 0.8840731770833333 0.5741800925925926 0.015021354166666667 0.029841666666666666
1 0.8397661458333334 0.35536342592592596 0.006615625 0.012578703703703705
1 0.9080544270833334 0.37622222222222224 0.007775520833333333 0.03392592592592593
1 0.6662729166666667 0.1277851851851852 0.0179625 0.014829629629629628
1 0.998 0.5571337962962963 0.004333333333333333 0.0790824074074074
1 0.6787013020833333 0.7541981481481481 0.013652604166666667 0.02876666666666667
1 0.6942723958333333 0.7531398148148147 0.006253125 0.03220555555555555
1 0.736184375 0.7685856481481481 0.015077083333333333 0.040875
1 0.9544481770833334 0.13668194444444445 0.008896354166666667 0.017808333333333332
1 0.93813125 0.030016203703703708 0.006470833333333333 0.015587962962962963
1 0.95434453125 0.1749564814814815 0.007647395833333333 0.022135185185185185
1 0.9697984374999999 0.17954861111111112 0.005221875 0.01650462962962963
1 0.9825453125 0.5939615740740741 0.008840625 0.030515740740740743
1 0.076596875 0.3315111111111111 0.013610416666666668 0.035244444444444446
1 0.12717083333333334 0.28064814814814815 0.005383333333333334 0.007592592592592592
