2 0.5002604166666667 0.5162037037037037 0.9994791666666667 0.9675925925925926
1 0.18776041666666668 0.5023148148148148 0.021354166666666667 0.03796296296296296
1 0.2716145833333333 0.41944444444444445 0.016145833333333335 0.053703703703703705
1 0.2716145833333333 0.07268518518518519 0.0067708333333333336 0.013888888888888888
1 0.20833333333333334 0.1439814814814815 0.00625 0.012037037037037037
1 0.140625 0.3800925925925926 0.009375 0.023148148148148147
1 0.14635416666666667 0.8342592592592593 0.013541666666666667 0.025925925925925925
1 0.057291666666666664 0.8458333333333333 0.010416666666666666 0.03425925925925926
1 0.24609375 0.8875 0.0109375 0.013888888888888888
1 0.29583333333333334 0.8453703703703703 0.011458333333333333 0.03333333333333333
1 0.32916666666666666 0.8861111111111111 0.015625 0.04259259259259259
1 0.34010416666666665 0.6995370370370371 0.01875 0.032407407407407406
1 0.30911458333333336 0.649537037037037 0.011979166666666667 0.023148148148148147
1 0.35442708333333334 0.600462962962963 0.009895833333333333 0.04351851851851852
1 0.3606770833333333 0.5703703703703704 0.008854166666666666 0.037037037037037035
1 0.4127604166666667 0.6467592592592593 0.0078125 0.023148148148148147
1 0.32786458333333335 0.3925925925925926 0.011979166666666667 0.020370370370370372
1 0.5377604166666666 0.5027777777777778 0.009895833333333333 0.02962962962962963
1 0.7375 0.6435185185185185 0.03229166666666667 0.037037037037037035
1 0.7966145833333333 0.8189814814814815 0.022395833333333334 0.04351851851851852
1 0.7736979166666667 0.46944444444444444 0.019270833333333334 0.06851851851851852
1 0.9752604166666666 0.7814814814814814 0.0140625 0.037037037037037035
1 0.6830729166666667 0.13425925925925927 0.011979166666666667 0.016666666666666666
1 0.46380208333333334 0.42685185185185187 0.0046875 0.018518518518518517
1 0.40130208333333334 0.5634259259259259 0.009895833333333333 0.01574074074074074
