2 0.52109375 0.5981481481481481 0.9567708333333333 0.8037037037037037
1 0.27265625 0.7560185185185185 0.0140625 0.023148148148148147
1 0.3346354166666667 0.8305555555555556 0.022395833333333334 0.03518518518518519
1 0.48125 0.7212962962962963 0.0125 0.018518518518518517
1 0.5453125 0.6828703703703703 0.011458333333333333 0.017592592592592594
1 0.6875 0.3685185185185185 0.011458333333333333 0.04259259259259259
1 0.3997395833333333 0.23796296296296296 0.018229166666666668 0.027777777777777776
1 0.41484375 0.2324074074074074 0.009895833333333333 0.016666666666666666
1 0.83984375 0.35185185185185186 0.0109375 0.016666666666666666
1 0.8444010416666666 0.6560185185185186 0.023177083333333334 0.03425925925925926
1 0.9536458333333333 0.9819444444444444 0.007291666666666667 0.019444444444444445
1 0.42734375 0.5287037037037037 0.015104166666666667 0.025925925925925925
1 0.7296875 0.2722222222222222 0.017708333333333333 0.044444444444444446
