2 0.4758588541666667 0.5688101851851852 0.9517177083333334 0.8616944444444444
1 0.6067479166666666 0.5684050925925926 0.028079166666666665 0.04977314814814815
1 0.6942067708333333 0.44666666666666666 0.006121875 0.022962962962962963
1 0.6438658854166667 0.5110694444444445 0.0012734374999999998 0.018435185185185186
1 0.6400223958333334 0.5020740740740741 0.010253125 0.03933333333333333
1 0.6499981770833333 0.46645740740740743 0.007288020833333334 0.025507407407407406
1 0.3489197916666667 0.496449074074074 0.00825625 0.022527777777777775
1 0.3267083333333333 0.49038333333333334 0.01175 0.03447037037037037
1 0.3100848958333334 0.5700092592592593 0.018086458333333333 0.027055555555555555
1 0.3291369791666667 0.32705416666666665 0.009315625 0.026330555555555555
1 0.27207447916666666 0.5250537037037037 0.009773958333333332 0.0075148148148148144
1 0.13080651041666666 0.6190222222222223 0.0095296875 0.028785185185185184
1 0.08693463541666667 0.27873148148148147 0.0249109375 0.03153703703703704
1 0.55693828125 0.7673222222222222 0.0107515625 0.01982962962962963
