2 0.5270833333333333 0.5365740740740741 0.9447916666666667 0.925
2 0.16979166666666667 0.562962962962963 0.33958333333333335 0.8722222222222222
2 0.06015625 0.9115740740740741 0.1203125 0.175
1 0.05677083333333333 0.6018518518518519 0.021875 0.06851851851851852
1 0.45546875 0.6958333333333333 0.018229166666666668 0.03425925925925926
1 0.6666666666666666 0.4513888888888889 0.03333333333333333 0.05277777777777778
1 0.5861979166666667 0.37407407407407406 0.011979166666666667 0.025925925925925925
1 0.9619791666666667 0.9013888888888889 0.021875 0.0824074074074074
1 0.37395833333333334 0.9101851851851852 0.00625 0.012962962962962963
1 0.44505208333333335 0.9652777777777778 0.0109375 0.012037037037037037
1 0.37994791666666666 0.587037037037037 0.0109375 0.011111111111111112
1 0.37265625 0.6152777777777778 0.0265625 0.07685185185185185
1 0.6622395833333333 0.8152777777777778 0.0109375 0.013888888888888888
1 0.69140625 0.6833333333333333 0.0046875 0.012962962962962963
1 0.4630208333333333 0.5472222222222223 0.007291666666666667 0.040740740740740744
1 0.47239583333333335 0.5819444444444445 0.005208333333333333 0.012037037037037037
1 0.10416666666666667 0.586574074074074 0.009375 0.021296296296296296
1 0.11536458333333334 0.674537037037037 0.0078125 0.013888888888888888
1 0.13385416666666666 0.6759259259259259 0.009375 0.046296296296296294
1 0.13333333333333333 0.6916666666666667 0.00625 0.012962962962962963
1 0.19765625 0.7032407407407407 0.008854166666666666 0.030555555555555555
1 0.05572916666666667 0.4212962962962963 0.010416666666666666 0.037037037037037035
1 0.02578125 0.4148148148148148 0.0046875 0.014814814814814815
1 0.04973958333333333 0.5148148148148148 0.005729166666666666 0.024074074074074074
1 0.15520833333333334 0.48055555555555557 0.005208333333333333 0.03888888888888889
1 0.21666666666666667 0.14444444444444443 0.007291666666666667 0.011111111111111112
1 0.3609375 0.25 0.007291666666666667 0.027777777777777776
1 0.75625 0.28194444444444444 0.016666666666666666 0.026851851851851852
1 0.36614583333333334 0.6981481481481482 0.029166666666666667 0.03333333333333333
