2 0.5 0.47008333333333335 1.0 0.9401666666666667
1 0.9473036458333334 0.8027800925925926 0.012315625 0.029634259259259263
1 0.97181328125 0.7697587962962963 0.010293229166666668 0.0395175925925926
1 0.6235434895833334 0.6104064814814815 0.010628645833333334 0.03192407407407408
1 0.91611328125 0.5630550925925927 0.006184895833333333 0.01870277777777778
1 0.8437661458333333 0.4300685185185185 0.004198958333333333 0.0064333333333333334
1 0.7603609375 0.09120694444444445 0.005096875 0.012043518518518518
1 0.19637942708333334 0.1717972222222222 0.011508854166666667 0.015816666666666666
1 0.16207057291666666 0.2551287037037037 0.0158078125 0.02507222222222222
1 0.22209244791666669 0.26600972222222224 0.022309895833333333 0.04313055555555556
1 0.17779453125 0.22632453703703703 0.007672395833333333 0.01931574074074074
1 0.20849973958333334 0.3355550925925926 0.005541145833333333 0.011850925925925926
1 0.37949375 0.31939861111111106 0.016279166666666667 0.029537962962962964
1 0.31555364583333334 0.2610490740740741 0.009232291666666666 0.01654259259259259
1 0.37369427083333334 0.26819814814814813 0.019263541666666665 0.016025925925925926
1 0.43453046875 0.4552953703703704 0.0096859375 0.02170185185185185
1 0.44712968750000004 0.5130148148148148 0.008842708333333334 0.01862222222222222
1 0.5323518229166667 0.4308675925925926 0.0094953125 0.009883333333333333
1 0.39567838541666667 0.4660518518518519 0.0059401041666666664 0.00802962962962963
1 0.2623140625 0.7526111111111111 0.014211458333333335 0.016333333333333335
1 0.35533515625 0.08900277777777778 0.0075453125 0.015042592592592592
1 0.4042192708333333 0.22349722222222224 0.011563541666666668 0.017364814814814816
1 0.16283098958333334 0.13133425925925926 0.007953645833333333 0.021927777777777775
1 0.6394013020833333 0.6617023148148148 0.020469270833333334 0.017849074074074076
1 0.24007760416666668 0.731749537037037 0.008280208333333334 0.01720277777777778
