2 0.5002604166666667 0.5143518518518518 0.9994791666666667 0.9712962962962963
1 0.052083333333333336 0.638425925925926 0.007291666666666667 0.017592592592592594
1 0.6096354166666667 0.9740740740740741 0.0203125 0.05
1 0.59296875 0.9300925925925926 0.013020833333333334 0.026851851851851852
1 0.8580729166666666 0.7481481481481481 0.0171875 0.03333333333333333
1 0.8791666666666667 0.6921296296296297 0.0125 0.032407407407407406
1 0.959375 0.35555555555555557 0.0125 0.02962962962962963
1 0.97421875 0.4212962962962963 0.018229166666666668 0.020370370370370372
1 0.9802083333333333 0.42268518518518516 0.007291666666666667 0.01574074074074074
1 0.8875 0.4898148148148148 0.0125 0.018518518518518517
1 0.9153645833333334 0.21435185185185185 0.008854166666666666 0.05462962962962963
1 0.2872395833333333 0.21898148148148147 0.009895833333333333 0.03611111111111111
1 0.4765625 0.25 0.007291666666666667 0.016666666666666666
