2 0.49973958333333335 0.538425925925926 0.9994791666666667 0.9212962962962963
1 0.018229166666666668 0.2657407407407407 0.00625 0.024074074074074074
1 0.23046875 0.3578703703703704 0.018229166666666668 0.03611111111111111
1 0.26197916666666665 0.42268518518518516 0.007291666666666667 0.013888888888888888
1 0.31484375 0.6361111111111111 0.022395833333333334 0.03518518518518519
1 0.04505208333333333 0.5564814814814815 0.0109375 0.022222222222222223
1 0.024479166666666666 0.6657407407407407 0.008333333333333333 0.022222222222222223
1 0.29453125 0.8444444444444444 0.0140625 0.020370370370370372
1 0.1328125 0.861574074074074 0.0125 0.01574074074074074
1 0.5268229166666667 0.7037037037037037 0.009895833333333333 0.018518518518518517
1 0.44479166666666664 0.7421296296296296 0.013541666666666667 0.025
1 0.41770833333333335 0.6800925925925926 0.011458333333333333 0.017592592592592594
1 0.5765625 0.8949074074074074 0.027083333333333334 0.025
1 0.71796875 0.8907407407407407 0.008854166666666666 0.018518518518518517
1 0.8747395833333333 0.4300925925925926 0.021354166666666667 0.05092592592592592
1 0.8044270833333333 0.2972222222222222 0.019270833333333334 0.06851851851851852
1 0.7216145833333333 0.3875 0.022395833333333334 0.05277777777777778
1 0.7903645833333334 0.6143518518518518 0.013020833333333334 0.01574074074074074
1 0.8325520833333333 0.7305555555555555 0.009895833333333333 0.022222222222222223
1 0.29739583333333336 0.6546296296296297 0.007291666666666667 0.018518518518518517
1 0.30494791666666665 0.6689814814814815 0.009895833333333333 0.021296296296296296
1 0.33359375 0.7245370370370371 0.0234375 0.021296296296296296
1 0.15520833333333334 0.7694444444444445 0.005208333333333333 0.007407407407407408
1 0.09348958333333333 0.7453703703703703 0.0046875 0.007407407407407408
1 0.6635416666666667 0.26064814814814813 0.008333333333333333 0.019444444444444445
1 0.5473958333333333 0.6111111111111112 0.010416666666666666 0.03888888888888889
1 0.76484375 0.9398148148148148 0.021354166666666667 0.03518518518518519
1 0.052083333333333336 0.3060185185185185 0.014583333333333334 0.032407407407407406
1 0.19817708333333334 0.2550925925925926 0.0067708333333333336 0.017592592592592594
