2 0.4902802083333333 0.5041023148148148 0.9805604166666666 0.991537962962963
1 0.6077507812499999 0.12908194444444446 0.0123765625 0.03779351851851852
1 0.5440205729166667 0.23851203703703705 0.014082812500000002 0.02146851851851852
1 0.46073828125 0.1806472222222222 0.010018229166666667 0.020553703703703703
1 0.6140927083333333 0.4756486111111111 0.012560416666666666 0.029075
1 0.6241776041666667 0.6241430555555555 0.018146875 0.03532314814814815
1 0.6003927083333332 0.5204351851851853 0.016410416666666667 0.024203703703703703
1 0.5715065104166667 0.8583305555555555 0.016971354166666668 0.05555
1 0.4984356770833333 0.7409888888888889 0.0114546875 0.015311111111111112
1 0.38970598958333336 0.9031208333333334 0.01795364583333333 0.01920462962962963
1 0.35515520833333336 0.877225925925926 0.017602083333333334 0.037785185185185186
1 0.47517447916666666 0.5143550925925926 0.027432291666666667 0.0472287037037037
1 0.48301015625 0.4633865740740741 0.017061979166666668 0.037884259259259256
1 0.49219192708333337 0.42537037037037034 0.0145921875 0.022962962962962963
1 0.42061953125 0.27274074074074073 0.023530729166666667 0.049185185185185186
1 0.6016268229166666 0.2564365740740741 0.0136703125 0.038799074074074076
1 0.33822500000000005 0.3504425925925926 0.018116666666666666 0.023107407407407406
1 0.29514348958333336 0.5587800925925925 0.016328645833333332 0.03052314814814815
1 0.3260078125 0.6728509259259259 0.012432291666666668 0.019775925925925926
1 0.43711875 0.6483694444444444 0.0086125 0.015257407407407409
1 0.2896372395833334 0.7419046296296296 0.024066145833333333 0.03751296296296296
1 0.3010333333333334 0.8005986111111111 0.014566666666666667 0.025271296296296295
1 0.3298549479166667 0.9323046296296297 0.008668229166666668 0.01646111111111111
1 0.15356484374999999 0.8669458333333334 0.015463020833333334 0.02648425925925926
1 0.06080703125 0.8118587962962963 0.014322395833333333 0.036680555555555557
1 0.10273098958333333 0.7197004629629629 0.0106703125 0.04125277777777778
1 0.04312005208333334 0.7772717592592592 0.01749010416666667 0.03046944444444444
1 0.004009375 0.5865083333333333 0.00801875 0.030424074074074072
1 0.038962239583333336 0.5976305555555556 0.022716145833333333 0.02489074074074074
1 0.10736901041666667 0.37223425925925924 0.0095296875 0.029653703703703706
1 0.20788333333333334 0.05805185185185185 0.010558333333333333 0.010548148148148149
1 0.13134453125 0.8801717592592593 0.019980729166666666 0.027010185185185186
