2 0.5 0.45560185185185187 1.0 0.9112037037037037
1 0.29409557291666666 0.49721712962962966 0.015274479166666667 0.0425824074074074
1 0.18890755208333332 0.8002171296296297 0.0236484375 0.04302685185185185
1 0.33984635416666664 0.7510509259259259 0.016151041666666668 0.02987962962962963
1 0.3743752604166667 0.6355560185185185 0.0122921875 0.028519444444444444
1 0.5347875 0.2975087962962963 0.015408333333333333 0.045017592592592595
1 0.7342458333333333 0.09426898148148148 0.02578333333333333 0.040389814814814816
1 0.8485369791666667 0.6757777777777778 0.015823958333333336 0.07192592592592593
1 0.564221875 0.8080240740740742 0.00969375 0.05864074074074074
1 0.7498544270833333 0.6170199074074074 0.013250520833333333 0.015521296296296299
1 0.45914166666666667 0.6920921296296296 0.020366666666666665 0.019369444444444446
1 0.68886015625 0.14729953703703705 0.016261979166666666 0.026080555555555558
1 0.4829966145833334 0.18431851851851852 0.0118265625 0.016785185185185184
1 0.5368963541666666 0.7582819444444444 0.019626041666666667 0.04248981481481482
1 0.10340885416666666 0.17219675925925926 0.005776041666666666 0.03698611111111111
