2 0.5 0.46673796296296294 1.0 0.9334759259259259
1 0.49044375 0.7314666666666667 0.0402625 0.06848888888888889
1 0.5259544270833333 0.3096805555555555 0.021700520833333334 0.07676851851851851
1 0.46831666666666666 0.2047050925925926 0.01788333333333333 0.02607685185185185
1 0.8220895833333334 0.19994629629629632 0.016054166666666668 0.04618888888888889
1 0.7684875000000001 0.32087824074074073 0.029683333333333332 0.0639787037037037
1 0.55578125 0.10408333333333333 0.015729166666666666 0.02112962962962963
1 0.31572187500000004 0.09009074074074075 0.014777083333333333 0.03203333333333333
1 0.5119088541666666 0.4540958333333333 0.03527604166666667 0.06745092592592591
1 0.7898643229166668 0.05442175925925926 0.017228645833333334 0.03106574074074074
1 0.7434924479166667 0.12078842592592594 0.008859895833333332 0.024910185185185185
1 0.13896328125000001 0.34097453703703706 0.016468229166666667 0.05602314814814815
1 0.08025182291666667 0.17624027777777776 0.009461979166666667 0.03581388888888889
1 0.12460260416666666 0.5111337962962963 0.014830208333333334 0.018563888888888887
1 0.04521015625 0.19245324074074074 0.007086979166666666 0.023795370370370373
1 0.06881041666666667 0.17699490740740742 0.009495833333333334 0.024360185185185186
1 0.5229557291666667 0.8381652777777777 0.010494791666666666 0.04114537037037037
1 0.7712361979166666 0.694376388888889 0.013305729166666667 0.042456481481481484
1 0.7511416666666667 0.49323611111111115 0.008533333333333334 0.01425
1 0.5771364583333334 0.434750462962963 0.010522916666666667 0.02505648148148148
1 0.7492440104166668 0.26720462962962965 0.010988020833333334 0.03440925925925926
1 0.7895518229166666 0.11702268518518519 0.011395312500000001 0.021082407407407407
