1 0.49973958333333335 0.5217592592592593 0.9994791666666667 0.9546296296296296
1 0.49973958333333335 0.5157407407407407 0.9994791666666667 0.9666666666666667
1 0.49973958333333335 0.5157407407407407 0.9994791666666667 0.9666666666666667
1 0.49973958333333335 0.31203703703703706 0.9994791666666667 0.2740740740740741
1 0.49973958333333335 0.31203703703703706 0.9994791666666667 0.27037037037037037
1 0.03333333333333333 0.43842592592592594 0.021875 0.062037037037037036
1 0.3880208333333333 0.612037037037037 0.03229166666666667 0.05185185185185185
1 0.8302083333333333 0.9740740740740741 0.016666666666666666 0.024074074074074074
1 0.8731770833333333 0.9648148148148148 0.018229166666666668 0.03333333333333333
1 0.9760416666666667 0.9481481481481482 0.019791666666666666 0.05185185185185185
1 0.7221354166666667 0.9120370370370371 0.021354166666666667 0.040740740740740744
1 0.7971354166666667 0.9203703703703704 0.0078125 0.012962962962962963
1 0.7960518229166667 0.937962962962963 0.0056453125 0.005555555555555556
1 0.8588541666666667 0.8629629629629629 0.020833333333333332 0.05
1 0.8958333333333334 0.7574074074074074 0.020833333333333332 0.06296296296296296
1 0.09661458333333334 0.9092592592592592 0.0046875 0.011111111111111112
1 0.13645833333333332 0.9435185185185185 0.009375 0.014814814814814815
1 0.12994791666666666 0.8791666666666667 0.0109375 0.025
1 0.20729166666666668 0.4777777777777778 0.019791666666666666 0.03333333333333333
1 0.32109375 0.9879629629629629 0.005729166666666666 0.011111111111111112
1 0.31354166666666666 0.9166939814814815 0.007291666666666667 0.03709166666666666
1 0.38177083333333334 0.9393518518518519 0.0125 0.019444444444444445
1 0.3953125 0.8930555555555556 0.01875 0.01574074074074074
1 0.5119791666666667 0.5643518518518519 0.008333333333333333 0.023148148148148147
1 0.6028645833333334 0.500462962962963 0.0109375 0.025
1 0.7203125 0.4587962962962963 0.015625 0.03981481481481482
1 0.5815104166666667 0.49074074074074076 0.0109375 0.018518518518518517
1 0.5841145833333333 0.29074074074074074 0.0109375 0.011111111111111112
1 0.6755208333333333 0.23333333333333334 0.009375 0.02962962962962963
1 0.77235859375 0.22592592592592592 0.0030505208333333335 0.005555555555555556
1 0.7761903645833333 0.22592592592592592 0.0044640625 0.005555555555555556
1 0.675 0.18796296296296297 0.010416666666666666 0.03148148148148148
1 0.2166125 0.08796296296296297 0.004058333333333333 0.007407407407407408
1 0.22109375 0.09252268518518518 0.0067708333333333336 0.010971296296296297
1 0.062239583333333334 0.3611111111111111 0.0109375 0.018518518518518517
1 0.15234375 0.28888888888888886 0.009895833333333333 0.016666666666666666
1 0.029947916666666668 0.32407407407407407 0.0078125 0.03888888888888889
1 0.8440104166666667 0.8958333333333334 0.005729166666666666 0.013888888888888888
1 0.8841145833333334 0.9041666666666667 0.008854166666666666 0.028703703703703703
1 0.10859375 0.850462962962963 0.013020833333333334 0.023148148148148147
1 0.19192708333333333 0.9708333333333333 0.011979166666666667 0.023148148148148147
1 0.42265625 0.6768518518518518 0.03802083333333333 0.03518518518518519
1 0.20078125 0.8453703703703703 0.0078125 0.020370370370370372
1 0.23125 0.750462962962963 0.005208333333333333 0.013888888888888888
1 0.25416666666666665 0.8625 0.007291666666666667 0.017592592592592594
1 0.24713541666666666 0.8379629629629629 0.0026041666666666665 0.009259259259259259
1 0.40260416666666665 0.8189814814814815 0.009375 0.012037037037037037
1 0.29609375 0.45925925925925926 0.009895833333333333 0.03148148148148148
1 0.8638020833333333 0.7203703703703703 0.0078125 0.014814814814814815
1 0.17083333333333334 0.3143518518518518 0.010416666666666666 0.017592592592592594
1 0.14919192708333334 0.6319444444444444 0.004633854166666667 0.004629629629629629
1 0.15208333333333332 0.6346666666666667 0.004166666666666667 0.008222222222222223
1 0.24583333333333332 0.14675925925925926 0.010416666666666666 0.013888888888888888
1 0.43802083333333336 0.09537037037037037 0.00625 0.020370370370370372
