2 0.5 0.4781106481481482 1.0 0.9562212962962964
1 0.84385390625 0.7793060185185184 0.006457812499999999 0.019723148148148146
1 0.8543872395833334 0.7959106481481482 0.022316145833333335 0.045525
1 0.7762989583333333 0.6813847222222222 0.021347916666666668 0.05165833333333333
1 0.7645656249999999 0.3927736111111111 0.017672916666666667 0.04295462962962963
1 0.6962177083333334 0.2600504629629629 0.011185416666666666 0.018249074074074074
1 0.42471510416666663 0.40721666666666667 0.020263541666666666 0.04221111111111111
1 0.38945390625 0.4277833333333333 0.017449479166666667 0.035196296296296295
1 0.4253921875 0.17102685185185185 0.015367708333333334 0.03464629629629629
1 0.6501187500000001 0.055887962962962966 0.016904166666666668 0.022887037037037036
1 0.11499479166666667 0.19164444444444445 0.011239583333333332 0.020325925925925928
1 0.04849817708333334 0.16482175925925927 0.009496354166666667 0.02964351851851852
1 0.08426041666666667 0.6770324074074074 0.017479166666666667 0.04480555555555556
1 0.0266296875 0.7754523148148148 0.007426041666666666 0.03423796296296296
1 0.55574296875 0.8216111111111112 0.0333609375 0.06174074074074075
1 0.49206510416666666 0.882000462962963 0.013296875000000001 0.02881574074074074
1 0.4446364583333333 0.9449004629629629 0.01323125 0.023134259259259257
1 0.63615703125 0.867712962962963 0.015022395833333334 0.02987037037037037
1 0.96655625 0.5119189814814814 0.015404166666666667 0.03494907407407407
