2 0.5 0.5247231481481481 1.0 0.9512981481481482
1 0.3018184895833333 0.2323314814814815 0.010928645833333334 0.020218518518518518
1 0.26214270833333336 0.24997777777777777 0.022202083333333334 0.04254814814814815
1 0.36628958333333334 0.39645185185185183 0.0127875 0.02994074074074074
1 0.30692552083333335 0.31330185185185183 0.023226041666666666 0.026603703703703702
1 0.46332786458333336 0.35709074074074076 0.005822395833333333 0.008625925925925926
1 0.88776875 0.7449490740740741 0.017204166666666666 0.06026851851851852
1 0.8693143229166667 0.7443328703703703 0.004253645833333333 0.014591666666666668
1 0.9695098958333334 0.5785837962962963 0.005686458333333333 0.014575
1 0.37767526041666666 0.8437421296296296 0.019933854166666667 0.035632407407407404
1 0.5331026041666667 0.920549074074074 0.007871875 0.015172222222222222
1 0.5615705729166667 0.884112037037037 0.005432812499999999 0.021927777777777775
1 0.5698635416666666 0.8184837962962963 0.00639375 0.009189814814814816
1 0.6346890625 0.8992847222222222 0.012086458333333333 0.020791666666666667
1 0.10261640625 0.7468412037037037 0.012524479166666666 0.021460185185185186
1 0.09253723958333333 0.6240189814814815 0.0090328125 0.01470462962962963
1 0.04037421875 0.7860203703703704 0.004706770833333334 0.009077777777777778
1 0.07872161458333334 0.7953300925925926 0.005359895833333334 0.012882407407407408
2 0.02745833333333333 0.2537050925925926 0.014291666666666668 0.014817592592592592
2 0.042163020833333335 0.2449611111111111 0.013492708333333332 0.025107407407407408
1 0.7419776041666667 0.26714907407407407 0.012080208333333333 0.025038888888888892
