2 0.49973958333333335 0.5314814814814814 0.9994791666666667 0.937037037037037
1 0.5778645833333333 0.1814814814814815 0.011979166666666667 0.020370370370370372
1 0.38645833333333335 0.524074074074074 0.021875 0.03518518518518519
1 0.011458333333333333 0.3962962962962963 0.005208333333333333 0.016666666666666666
1 0.027604166666666666 0.3648148148148148 0.00625 0.020370370370370372
1 0.025 0.9634259259259259 0.03125 0.0712962962962963
1 0.4583333333333333 0.9712962962962963 0.014583333333333334 0.05555555555555555
1 0.42682291666666666 0.6481481481481481 0.0078125 0.03518518518518519
1 0.7822916666666667 0.4615740740740741 0.0125 0.030555555555555555
1 0.8166666666666667 0.22546296296296298 0.020833333333333332 0.03981481481481482
1 0.8744791666666667 0.33101851851851855 0.014583333333333334 0.028703703703703703
1 0.84765625 0.5583333333333333 0.005729166666666666 0.012962962962962963
1 0.9145833333333333 0.5208333333333334 0.007291666666666667 0.03425925925925926
1 0.6940104166666666 0.8277777777777777 0.0171875 0.016666666666666666
1 0.9924479166666667 0.32037037037037036 0.0140625 0.07777777777777778
1 0.6572916666666667 0.20462962962962963 0.015625 0.025925925925925925
1 0.6723958333333333 0.20185185185185187 0.00625 0.03148148148148148
1 0.7130208333333333 0.17731481481481481 0.015625 0.041666666666666664
1 0.9783854166666667 0.7467592592592592 0.0078125 0.017592592592592594
1 0.9708333333333333 0.8569444444444444 0.00625 0.01574074074074074
1 0.9752604166666666 0.7092592592592593 0.0067708333333333336 0.022222222222222223
1 0.9903645833333333 0.700925925925926 0.0046875 0.016666666666666666
1 0.97109375 0.2875 0.008854166666666666 0.030555555555555555
1 0.09375 0.7717592592592593 0.0125 0.03611111111111111
1 0.14765625 0.8097222222222222 0.005729166666666666 0.008333333333333333
