2 0.5 0.5238884259259259 1.0 0.9514805555555554
1 0.7426408854166666 0.1515537037037037 0.016531770833333334 0.04014444444444445
1 0.49345989583333333 0.5732953703703704 0.02441979166666667 0.022516666666666667
1 0.43082499999999996 0.5064513888888889 0.027275 0.05919907407407408
1 0.42511354166666665 0.4852143518518519 0.015852083333333333 0.013021296296296296
1 0.40540390625 0.7179546296296296 0.0233078125 0.013687037037037037
1 0.11881328125 0.34227037037037034 0.016793229166666666 0.0438
1 0.15766848958333332 0.3871949074074074 0.009086979166666667 0.011426851851851851
1 0.28571796875 0.8559736111111111 0.007894270833333333 0.010095370370370371
1 0.29782864583333335 0.867950462962963 0.016490625 0.024789814814814813
