2 0.49973958333333335 0.5300925925925926 0.9994791666666667 0.937962962962963
1 0.4401041666666667 0.2125 0.023958333333333335 0.023148148148148147
1 0.22317708333333333 0.20787037037037037 0.011979166666666667 0.021296296296296296
1 0.23541666666666666 0.3990740740740741 0.009375 0.016666666666666666
1 0.4588541666666667 0.7703703703703704 0.015625 0.024074074074074074
1 0.8903645833333333 0.5361111111111111 0.013020833333333334 0.05185185185185185
1 0.20286458333333332 0.49953703703703706 0.011979166666666667 0.019444444444444445
1 0.1671875 0.38472222222222224 0.004166666666666667 0.008333333333333333
1 0.4822916666666667 0.5722222222222222 0.008333333333333333 0.020370370370370372
1 0.94140625 0.3939814814814815 0.0067708333333333336 0.019444444444444445
1 0.9296875 0.5773148148148148 0.005208333333333333 0.01574074074074074
