2 0.49973958333333335 0.5462962962962963 0.9994791666666667 0.9055555555555556
1 0.6986979166666667 0.4837962962962963 0.025520833333333333 0.062037037037037036
1 0.6731770833333334 0.33425925925925926 0.013020833333333334 0.025925925925925925
1 0.83359375 0.31203703703703706 0.0078125 0.014814814814814815
1 0.8908854166666667 0.3638888888888889 0.0109375 0.018518518518518517
1 0.16848958333333333 0.5615740740740741 0.009895833333333333 0.030555555555555555
1 0.02734375 0.7342592592592593 0.013020833333333334 0.025925925925925925
1 0.04791666666666667 0.3625 0.009375 0.025
1 0.04791666666666667 0.425462962962963 0.010416666666666666 0.017592592592592594
1 0.5190104166666667 0.4222222222222222 0.011979166666666667 0.025925925925925925
1 0.5822916666666667 0.40046296296296297 0.014583333333333334 0.05277777777777778
1 0.54296875 0.29907407407407405 0.0109375 0.018518518518518517
1 0.51796875 0.3384259259259259 0.008854166666666666 0.032407407407407406
