2 0.49973958333333335 0.5305555555555556 0.9994791666666667 0.937037037037037
1 0.321875 0.32175925925925924 0.0125 0.04537037037037037
1 0.3885416666666667 0.2625 0.0125 0.023148148148148147
1 0.6463541666666667 0.8902777777777777 0.023958333333333335 0.023148148148148147
1 0.3932291666666667 0.8773148148148148 0.009375 0.01574074074074074
1 0.19270833333333334 0.8597222222222223 0.008333333333333333 0.01574074074074074
1 0.015885416666666666 0.7671296296296296 0.0067708333333333336 0.017592592592592594
1 0.42291666666666666 0.5560185185185185 0.011458333333333333 0.041666666666666664
1 0.021354166666666667 0.1884259259259259 0.007291666666666667 0.017592592592592594
1 0.8052083333333333 0.47314814814814815 0.007291666666666667 0.024074074074074074
1 0.953125 0.5768518518518518 0.013541666666666667 0.027777777777777776
1 0.9158854166666667 0.8194444444444444 0.0078125 0.016666666666666666
