2 0.49973958333333335 0.49953703703703706 0.9994791666666667 0.9990740740740741
1 0.39557291666666666 0.1736111111111111 0.028645833333333332 0.03425925925925926
1 0.39765625 0.16712962962962963 0.0234375 0.021296296296296296
1 0.31223958333333335 0.13935185185185187 0.0046875 0.010185185185185186
1 0.3223958333333333 0.3509259259259259 0.00625 0.014814814814814815
1 0.36875 0.10925925925925926 0.015625 0.03333333333333333
1 0.9822916666666667 0.825925925925926 0.034375 0.07407407407407407
1 0.8794270833333333 0.9662037037037037 0.0109375 0.023148148148148147
1 0.9200520833333333 0.5842592592592593 0.0109375 0.03148148148148148
1 0.8950520833333333 0.775 0.0078125 0.016666666666666666
1 0.8505208333333333 0.7810185185185186 0.03125 0.03796296296296296
1 0.18098958333333334 0.8222222222222222 0.0109375 0.02962962962962963
1 0.021875 0.7305555555555555 0.008333333333333333 0.018518518518518517
1 0.04635416666666667 0.7166666666666667 0.004166666666666667 0.007407407407407408
1 0.12552083333333333 0.8967592592592593 0.013541666666666667 0.030555555555555555
1 0.27057291666666666 0.687037037037037 0.0140625 0.020370370370370372
1 0.23880208333333333 0.36666666666666664 0.005729166666666666 0.014814814814814815
1 0.16796875 0.5407407407407407 0.0078125 0.016666666666666666
1 0.29375 0.2175925925925926 0.013541666666666667 0.040740740740740744
1 0.23645833333333333 0.9541666666666667 0.00625 0.010185185185185186
1 0.14973958333333334 0.8060185185185185 0.0046875 0.008333333333333333
