2 0.49973958333333335 0.5287037037037037 0.9994791666666667 0.9407407407407408
1 0.5877604166666667 0.19305555555555556 0.0078125 0.01574074074074074
1 0.9049479166666666 0.7643518518518518 0.015104166666666667 0.03796296296296296
1 0.90859375 0.6620370370370371 0.009895833333333333 0.027777777777777776
1 0.010416666666666666 0.5861111111111111 0.009375 0.020370370370370372
1 0.5549479166666667 0.4671296296296296 0.0109375 0.017592592592592594
1 0.027604166666666666 0.23842592592592593 0.014583333333333334 0.04351851851851852
1 0.32526041666666666 0.35509259259259257 0.009895833333333333 0.03425925925925926
1 0.8161458333333333 0.26805555555555555 0.016666666666666666 0.03796296296296296
1 0.5541666666666667 0.899537037037037 0.007291666666666667 0.006481481481481481
1 0.2390625 0.9513888888888888 0.013541666666666667 0.023148148148148147
