2 0.5 0.4649125 1.0 0.929825
1 0.8871747395833334 0.6589157407407408 0.009766145833333333 0.04190555555555556
1 0.6463455729166667 0.8520435185185186 0.016649479166666665 0.022605555555555556
1 0.5408723958333332 0.8615393518518518 0.027578125000000002 0.03048611111111111
1 0.5377424479166667 0.54325 0.011943229166666668 0.02353703703703704
1 0.8054299479166667 0.23054907407407407 0.020234895833333332 0.04257962962962963
1 0.8668065104166666 0.2914055555555556 0.021113020833333333 0.05318148148148148
1 0.8700393229166666 0.29759953703703707 0.014036979166666666 0.03223611111111111
1 0.9882971354166667 0.4174587962962963 0.009927604166666666 0.02565833333333333
1 0.9655742187499999 0.41355000000000003 0.010315104166666667 0.01598888888888889
1 0.9778721354166666 0.33446990740740745 0.0099109375 0.061532407407407404
1 0.8204075520833333 0.15963518518518519 0.009565104166666666 0.01927037037037037
1 0.9439572916666666 0.17657175925925925 0.010831249999999999 0.01425462962962963
1 0.9579320312499999 0.04478287037037037 0.005447395833333333 0.013639814814814815
1 0.16353125000000002 0.45083935185185187 0.0270625 0.10723425925925927
1 0.20008489583333333 0.4673703703703704 0.028294791666666666 0.056962962962962965
1 0.22269479166666667 0.4067791666666667 0.016222916666666667 0.03207685185185185
1 0.07887734375000001 0.5665087962962964 0.015046354166666666 0.04227685185185185
1 0.016155729166666667 0.20828148148148148 0.017728124999999997 0.10174814814814816
1 0.09349088541666667 0.1304861111111111 0.014065104166666667 0.06097222222222222
1 0.25624401041666667 0.15580972222222222 0.0135296875 0.01902685185185185
1 0.3141450520833333 0.22215 0.006415104166666667 0.01467037037037037
1 0.34515911458333337 0.14443842592592593 0.008026562499999999 0.012950925925925926
1 0.2909763020833333 0.387450462962963 0.0038276041666666667 0.010086111111111112
1 0.07275494791666667 0.719400462962963 0.019468229166666667 0.057319444444444444
1 0.10811744791666666 0.8587328703703704 0.0141515625 0.05265092592592593
1 0.06131588541666667 0.7581787037037037 0.013256770833333332 0.033024074074074074
1 0.05325729166666667 0.5860208333333333 0.008597916666666667 0.033152777777777774
1 0.16310494791666666 0.7417351851851851 0.012668229166666666 0.02421111111111111
1 0.11122057291666666 0.32390138888888886 0.015149479166666667 0.03669166666666667
1 0.04283463541666667 0.4570416666666667 0.010669270833333333 0.02149074074074074
1 0.0223578125 0.2895597222222222 0.021798958333333333 0.060600925925925926
1 0.7542265625 0.692375 0.008453125 0.016231481481481482
1 0.7153315104166666 0.8065398148148148 0.0067046875 0.013079629629629629
1 0.6588380208333333 0.4139726851851852 0.004134375 0.009426851851851851
1 0.8559432291666667 0.1753037037037037 0.0077197916666666665 0.019125925925925925
