2 0.5 0.5124157407407407 1.0 0.9748314814814815
1 0.6758895833333334 0.1198486111111111 0.017404166666666665 0.04154907407407407
1 0.6558575520833333 0.22132083333333333 0.016923437500000003 0.025975
1 0.7307057291666667 0.1353800925925926 0.02078645833333333 0.015204629629629629
1 0.8668791666666666 0.5135143518518519 0.021258333333333334 0.032584259259259264
1 0.85232109375 0.47324490740740743 0.0108921875 0.06500833333333333
1 0.7698736979166667 0.2619694444444445 0.008497395833333334 0.03319814814814815
1 0.93099140625 0.25366805555555555 0.014066145833333333 0.020299074074074074
1 0.8857252604166667 0.26712731481481483 0.007908854166666666 0.028699074074074075
1 0.8776442708333333 0.24277824074074073 0.0063302083333333335 0.01333425925925926
1 0.9462549479166668 0.14153287037037038 0.008134895833333333 0.018250925925925924
1 0.9209726562499999 0.10499120370370371 0.005486979166666667 0.01183425925925926
1 0.9521221354166667 0.20955879629629628 0.011535937500000001 0.02837685185185185
1 0.9826296874999999 0.5430972222222222 0.012134375 0.04730555555555556
1 0.9436671874999999 0.5350828703703704 0.012334375 0.029425
1 0.9282697916666667 0.590723611111111 0.0075812499999999994 0.03700277777777778
1 0.9927075520833333 0.6577277777777778 0.0062484375 0.022862962962962963
1 0.9720971354166666 0.4402962962962963 0.0077359375 0.023185185185185184
1 0.5101888020833333 0.2850018518518519 0.012044270833333334 0.029262962962962963
1 0.4616986979166667 0.22522685185185184 0.022355729166666668 0.04119444444444444
1 0.45170520833333333 0.3932527777777778 0.01799375 0.05132037037037037
1 0.4667268229166667 0.5049981481481481 0.0094953125 0.02295925925925926
1 0.32027942708333335 0.49013750000000006 0.019725520833333333 0.05249722222222222
1 0.3878822916666667 0.19574722222222224 0.010139583333333334 0.022975925925925927
1 0.34276796875 0.1855236111111111 0.008452604166666666 0.013639814814814815
1 0.5217479166666666 0.7885351851851853 0.0070375 0.014107407407407409
1 0.47924375 0.7801675925925926 0.014737499999999999 0.023298148148148148
1 0.5279067708333334 0.7083 0.005813541666666667 0.011044444444444445
1 0.49699088541666664 0.7105962962962963 0.011690104166666666 0.02674814814814815
1 0.3609213541666667 0.7535634259259258 0.010384375 0.020089814814814814
1 0.38473906249999995 0.8910990740740741 0.024686458333333335 0.03219814814814815
1 0.3771434895833333 0.8590277777777777 0.0094953125 0.016203703703703703
1 0.3741682291666667 0.9932259259259258 0.009794791666666667 0.01422962962962963
1 0.47381119791666665 0.44892777777777776 0.011164062499999999 0.023781481481481483
1 0.31763854166666666 0.9586166666666667 0.011318749999999999 0.028344444444444443
