2 0.5 0.5 1.0 1.0
2 0.10255989583333333 0.017005555555555555 0.015536458333333333 0.017344444444444444
2 0.12051588541666666 0.01636064814814815 0.013948437499999999 0.02531388888888889
1 0.20531588541666668 0.024442592592592592 0.0054234375 0.009996296296296297
1 0.20247578125 0.07685555555555557 0.012243229166666668 0.03148888888888889
1 0.2571765625 0.20125370370370368 0.019561458333333333 0.07287777777777778
1 0.24439921875 0.5101078703703704 0.009631770833333332 0.018363888888888888
1 0.03285416666666666 0.5717074074074073 0.008416666666666666 0.02674814814814815
1 0.035541145833333336 0.7420134259259259 0.010665625000000001 0.026619444444444442
1 0.04437135416666667 0.797611574074074 0.008534375 0.01744537037037037
1 0.06735078125 0.8554865740740741 0.007618229166666667 0.018380555555555556
1 0.078690625 0.8958930555555555 0.006339583333333333 0.012156481481481482
1 0.08630572916666666 0.8528282407407407 0.009069791666666667 0.02973055555555556
1 0.16804140625 0.7465439814814815 0.0110828125 0.035680555555555556
1 0.2899700520833333 0.818887037037037 0.0101484375 0.02295925925925926
1 0.27483880208333333 0.8220689814814816 0.0173859375 0.038582407407407406
1 0.25899036458333335 0.8060578703703704 0.0075640625 0.017671296296296296
1 0.2600502604166667 0.9029166666666667 0.029475520833333334 0.04287037037037037
1 0.21876614583333334 0.863224537037037 0.004198958333333333 0.006078703703703704
1 0.34341562499999995 0.9124000000000001 0.00870625 0.02665185185185185
1 0.3390268229166667 0.7945583333333334 0.008261979166666666 0.015042592592592592
1 0.4582231770833333 0.7461685185185185 0.0122796875 0.01455925925925926
1 0.78074140625 0.6602069444444445 0.0052328125000000005 0.009302777777777778
1 0.7834835937500001 0.8734833333333333 0.008633854166666668 0.0340037037037037
1 0.7861473958333334 0.9425180555555556 0.009794791666666667 0.022073148148148147
1 0.8121781250000001 0.9777652777777778 0.0066479166666666666 0.018493518518518517
1 0.7124526041666667 0.9467236111111111 0.018655208333333333 0.03974351851851852
1 0.7115463541666667 0.9354444444444444 0.017884375 0.015333333333333332
1 0.35555885416666666 0.6218560185185186 0.010076041666666667 0.0066749999999999995
1 0.34229192708333334 0.6211777777777777 0.007500520833333333 0.01642962962962963
1 0.419865625 0.2185875 0.016814583333333334 0.020508333333333333
1 0.42104140624999997 0.2816449074074074 0.028541145833333333 0.05588240740740741
1 0.41065963541666667 0.2383949074074074 0.004652604166666667 0.008271296296296296
1 0.5591591145833333 0.39839953703703707 0.009984895833333333 0.04124351851851852
1 0.6147486979166668 0.5077587962962963 0.018039062499999998 0.034036111111111114
1 0.6436658854166667 0.5255083333333334 0.0321234375 0.052868518518518516
1 0.6267776041666667 0.4750518518518519 0.010846875 0.01862222222222222
1 0.751628125 0.7490819444444444 0.017839583333333336 0.025941666666666665
1 0.9241643229166667 0.956012037037037 0.010828645833333334 0.034246296296296296
1 0.9518117187499999 0.9143740740740741 0.015081770833333334 0.028748148148148148
1 0.9568692708333334 0.8649819444444445 0.01998854166666667 0.035519444444444444
1 0.9250674479166666 0.8348342592592592 0.006384895833333334 0.017816666666666668
1 0.9619111979166667 0.6630921296296296 0.007155729166666667 0.013221296296296297
1 0.9625200520833334 0.4194097222222222 0.010456770833333334 0.022152777777777778
1 0.8877869791666666 0.4033236111111111 0.009948958333333334 0.023313888888888887
1 0.16475963541666666 0.5698041666666667 0.021185937499999998 0.03405277777777778
