2 0.50390625 0.549537037037037 0.9921875 0.9009259259259259
1 0.20026041666666666 0.175 0.009895833333333333 0.037037037037037035
1 0.21796875 0.262037037037037 0.013020833333333334 0.037037037037037035
1 0.42578125 0.35138888888888886 0.0359375 0.0824074074074074
1 0.35494791666666664 0.3287037037037037 0.011979166666666667 0.03333333333333333
1 0.38619791666666664 0.3226851851851852 0.015104166666666667 0.049074074074074076
1 0.4265625 0.275 0.0125 0.020370370370370372
1 0.42864583333333334 0.22916666666666666 0.015625 0.030555555555555555
1 0.31171875 0.2351851851851852 0.018229166666666668 0.02962962962962963
1 0.3684895833333333 0.2462962962962963 0.0140625 0.024074074074074074
1 0.44140625 0.16435185185185186 0.0109375 0.04722222222222222
1 0.34270833333333334 0.5208333333333334 0.035416666666666666 0.06574074074074074
1 0.3885416666666667 0.5967592592592592 0.017708333333333333 0.03611111111111111
1 0.40260416666666665 0.5972222222222222 0.0125 0.027777777777777776
1 0.34296875 0.4564814814814815 0.009895833333333333 0.016666666666666666
1 0.3966145833333333 0.41944444444444445 0.0067708333333333336 0.022222222222222223
1 0.2864583333333333 0.7384259259259259 0.022916666666666665 0.06944444444444445
1 0.3645833333333333 0.7027777777777777 0.016666666666666666 0.03148148148148148
1 0.334375 0.8194444444444444 0.017708333333333333 0.03148148148148148
1 0.36354166666666665 0.7851851851851852 0.010416666666666666 0.02962962962962963
1 0.32369791666666664 0.6138888888888889 0.013020833333333334 0.025925925925925925
1 0.3502604166666667 0.9152777777777777 0.0171875 0.07314814814814814
1 0.31015625 0.9148148148148149 0.016145833333333335 0.025925925925925925
1 0.3145833333333333 0.9712962962962963 0.013541666666666667 0.025925925925925925
1 0.34322916666666664 0.9782407407407407 0.0125 0.025
1 0.3606770833333333 0.9833333333333333 0.013020833333333334 0.020370370370370372
1 0.41328125 0.8921296296296296 0.028645833333333332 0.05277777777777778
1 0.6223958333333334 0.9787037037037037 0.03229166666666667 0.03333333333333333
1 0.5799479166666667 0.6523148148148148 0.005729166666666666 0.058333333333333334
1 0.6046875 0.8175925925925925 0.009375 0.018518518518518517
1 0.39010416666666664 0.9652777777777778 0.009375 0.023148148148148147
1 0.40859375 0.8310185185185185 0.008854166666666666 0.04722222222222222
1 0.8901041666666667 0.8837962962962963 0.010416666666666666 0.030555555555555555
1 0.96484375 0.7236111111111111 0.0171875 0.06388888888888888
1 0.8755208333333333 0.5324074074074074 0.028125 0.06296296296296296
1 0.8190104166666666 0.44305555555555554 0.011979166666666667 0.028703703703703703
1 0.9057291666666667 0.48333333333333334 0.0125 0.053703703703703705
1 0.9643229166666667 0.6083333333333333 0.005729166666666666 0.022222222222222223
1 0.5122395833333333 0.5777777777777777 0.0067708333333333336 0.025925925925925925
1 0.36041666666666666 0.1638888888888889 0.011458333333333333 0.014814814814814815
1 0.36770833333333336 0.55 0.008333333333333333 0.018518518518518517
1 0.33567708333333335 0.3143518518518518 0.0067708333333333336 0.013888888888888888
