1 0.5 0.4846532407407408 1.0 0.9693064814814816
2 0.5 0.48594861111111104 1.0 0.9718972222222221
1 0.7091270833333333 0.08904675925925927 0.015129166666666666 0.029945370370370372
1 0.6893171875 0.19472824074074074 0.004676041666666667 0.006123148148148148
1 0.6587140625 0.09715462962962962 0.016386458333333333 0.01838333333333333
1 0.7339580729166666 0.7881476851851852 0.004374479166666666 0.007776851851851851
1 0.028984895833333333 0.7893694444444445 0.010053125 0.012072222222222222
1 0.14773880208333334 0.505999537037037 0.0069359375 0.015702777777777777
1 0.14305130208333333 0.8268430555555556 0.0069359375 0.007389814814814814
1 0.20525651041666665 0.7310384259259258 0.0053046875 0.010225
1 0.13410624999999998 0.298825 0.006754166666666667 0.010612962962962963
1 0.17656796875 0.13285555555555556 0.010427604166666667 0.012007407407407408
1 0.178978125 0.16063564814814815 0.01420625 0.047197222222222224
1 0.15552057291666666 0.1647300925925926 0.006874479166666667 0.016497222222222222
1 0.4749231770833333 0.12921296296296297 0.009221354166666666 0.023240740740740742
1 0.28080234374999996 0.43087453703703704 0.0147296875 0.011749074074074075
1 0.46608619791666667 0.43357824074074075 0.004047395833333333 0.011600925925925926
1 0.3770247395833334 0.4217564814814815 0.009257812499999999 0.028698148148148146
1 0.14582187500000002 0.24358379629629628 0.009352083333333334 0.02605648148148148
