2 0.49973958333333335 0.5467592592592593 0.9994791666666667 0.9046296296296297
1 0.2513020833333333 0.125 0.0078125 0.02962962962962963
1 0.27239583333333334 0.10787037037037037 0.008333333333333333 0.017592592592592594
1 0.17734375 0.2865740740740741 0.0078125 0.017592592592592594
1 0.20338541666666668 0.39490740740740743 0.022395833333333334 0.041666666666666664
1 0.23333333333333334 0.4287037037037037 0.0125 0.024074074074074074
1 0.18880208333333334 0.5944444444444444 0.0078125 0.025925925925925925
1 0.16510416666666666 0.6944444444444444 0.009375 0.022222222222222223
1 0.1484375 0.749537037037037 0.008333333333333333 0.013888888888888888
1 0.17864583333333334 0.711574074074074 0.00625 0.013888888888888888
1 0.3265625 0.8356481481481481 0.010416666666666666 0.01574074074074074
1 0.5651041666666666 0.9009259259259259 0.009375 0.018518518518518517
1 0.45755208333333336 0.8296296296296296 0.019270833333333334 0.022222222222222223
1 0.4557291666666667 0.7726851851851851 0.011458333333333333 0.019444444444444445
1 0.54609375 0.6736111111111112 0.0109375 0.028703703703703703
1 0.5184895833333333 0.5962962962962963 0.015104166666666667 0.05555555555555555
1 0.42994791666666665 0.48333333333333334 0.0234375 0.03518518518518519
1 0.9934895833333334 0.4287037037037037 0.011979166666666667 0.05925925925925926
1 0.8140625 0.37083333333333335 0.008333333333333333 0.021296296296296296
1 0.88671875 0.6601851851851852 0.013020833333333334 0.03148148148148148
1 0.9122395833333333 0.9236111111111112 0.019270833333333334 0.03611111111111111
1 0.94296875 0.9009259259259259 0.015104166666666667 0.03888888888888889
1 0.9268229166666667 0.8 0.005729166666666666 0.011111111111111112
1 0.90859375 0.7638888888888888 0.0078125 0.012962962962962963
1 0.6520833333333333 0.6347222222222222 0.00625 0.026851851851851852
1 0.6526041666666667 0.6902777777777778 0.00625 0.03425925925925926
1 0.9802083333333333 0.6097222222222223 0.008333333333333333 0.032407407407407406
1 0.7966145833333333 0.975925925925926 0.034895833333333334 0.014814814814814815
