2 0.5254302083333333 0.41509953703703706 0.9487770833333333 0.8301990740740741
1 0.6208471354166666 0.08133981481481481 0.019819270833333333 0.029346296296296294
1 0.6346098958333334 0.1162625 0.017136458333333333 0.05289537037037037
1 0.7193302083333334 0.4015689814814815 0.03136875 0.05869351851851852
1 0.81353359375 0.6824861111111111 0.021858854166666667 0.06497222222222222
1 0.6731854166666668 0.4872240740740741 0.007829166666666667 0.013337037037037036
1 0.9911010416666667 0.3675731481481481 0.010327083333333332 0.022183333333333333
1 0.88820859375 0.28977916666666664 0.006625520833333333 0.016595370370370368
1 0.4935278645833333 0.01966759259259259 0.0037223958333333336 0.03933518518518518
1 0.3762755208333333 0.790801388888889 0.017134375 0.02049166666666667
