2 0.49973958333333335 0.5458333333333333 0.9994791666666667 0.9064814814814814
1 0.17110234375 0.4787037037037037 0.02137135416666667 0.05740740740740741
1 0.40729166666666666 0.49389629629629633 0.023958333333333335 0.048903703703703706
1 0.5072916666666667 0.5365740740740741 0.013541666666666667 0.05277777777777778
1 0.8600817708333334 0.22003194444444446 0.014955208333333333 0.03450833333333333
1 0.7583333333333333 0.38657407407407407 0.015625 0.025
1 0.7604166666666666 0.5332754629629629 0.010416666666666666 0.023958333333333335
1 0.84296875 0.6376736111111111 0.011979166666666667 0.04201388888888889
1 0.5729166666666666 0.6671296296296296 0.010416666666666666 0.03796296296296296
1 0.39642526041666665 0.34970555555555555 0.016808854166666668 0.03459629629629629
1 0.04401041666666667 0.48333333333333334 0.008854166666666666 0.022222222222222223
1 0.12109375 0.9393518518518519 0.013020833333333334 0.028703703703703703
