2 0.5 0.4744805555555555 1.0 0.948961111111111
1 0.7107114583333334 0.5850805555555555 0.015172916666666668 0.05905
1 0.2284497395833333 0.8005347222222222 0.017316145833333334 0.028847222222222222
1 0.13321067708333334 0.6825912037037036 0.0153796875 0.06147870370370371
1 0.11580286458333333 0.7556314814814815 0.017022395833333332 0.07052222222222222
1 0.21715963541666666 0.9150324074074074 0.03327760416666667 0.052287037037037035
1 0.26040729166666665 0.8939097222222222 0.013522916666666666 0.03226388888888889
1 0.07570260416666666 0.6619685185185186 0.010780208333333334 0.029492592592592595
1 0.12625130208333332 0.4198041666666667 0.0295859375 0.156275
1 0.1650265625 0.4733615740740741 0.014428125000000002 0.01894537037037037
1 0.08735859375 0.5128361111111112 0.007008854166666667 0.016412962962962963
1 0.09996875 0.5310291666666667 0.0061875 0.017613888888888887
1 0.10183281250000001 0.5837791666666666 0.006790625 0.013854629629629628
1 0.009771614583333333 0.43959166666666666 0.0122515625 0.0421462962962963
1 0.027676041666666665 0.3425226851851852 0.01576875 0.05726759259259259
1 0.05458932291666666 0.19109675925925926 0.0102203125 0.02663796296296296
1 0.025541145833333334 0.2567407407407407 0.007332291666666667 0.026444444444444444
1 0.32211067708333335 0.7363814814814815 0.009846354166666666 0.017207407407407407
1 0.4217736979166667 0.8000615740740741 0.04563072916666667 0.1167898148148148
1 0.67062421875 0.8245800925925926 0.03708177083333333 0.054715740740740745
1 0.39561796875 0.6921106481481482 0.007902604166666667 0.015702777777777777
1 0.47089192708333333 0.3645828703703704 0.0219921875 0.031017592592592593
1 0.9685484375000001 0.5905449074074074 0.006888541666666667 0.019978703703703707
1 0.20001562499999997 0.5833986111111111 0.012531249999999999 0.02605648148148148
1 0.2126 0.5296347222222222 0.0074916666666666664 0.022232407407407406
1 0.82158046875 0.5085277777777778 0.012952604166666666 0.026314814814814815
1 0.9319330729166667 0.3696013888888889 0.022199479166666664 0.0651287037037037
1 0.9389627604166667 0.3016055555555555 0.0070921875 0.034692592592592594
1 0.9452703125 0.3547574074074074 0.009290625 0.028033333333333334
1 0.9786205729166666 0.5112625 0.007241145833333334 0.04289537037037037
1 0.9268716145833333 0.21873935185185184 0.0152015625 0.03933055555555555
1 0.8032205729166667 0.007146759259259259 0.012691145833333334 0.014293518518518518
1 0.8130791666666667 0.03188842592592593 0.007408333333333334 0.01933240740740741
1 0.5626523437500001 0.15044398148148147 0.013846354166666667 0.015702777777777777
1 0.52761484375 0.39677685185185185 0.006271354166666667 0.012072222222222222
