2 0.49973958333333335 0.49953703703703706 0.9994791666666667 0.9990740740740741
1 0.24348958333333334 0.23425925925925925 0.0203125 0.04259259259259259
1 0.2630208333333333 0.20925925925925926 0.009375 0.018518518518518517
1 0.2630208333333333 0.24537037037037038 0.010416666666666666 0.020370370370370372
1 0.3059895833333333 0.3236111111111111 0.0109375 0.019444444444444445
1 0.13411458333333334 0.3148148148148148 0.0328125 0.03888888888888889
1 0.15729166666666666 0.500462962962963 0.014583333333333334 0.04722222222222222
1 0.12447916666666667 0.5453703703703704 0.0125 0.03888888888888889
1 0.3424479166666667 0.40185185185185185 0.034895833333333334 0.05185185185185185
1 0.42526041666666664 0.5064814814814815 0.027604166666666666 0.040740740740740744
1 0.3640625 0.40925925925925927 0.019791666666666666 0.044444444444444446
1 0.46875 0.5041666666666667 0.01875 0.04537037037037037
1 0.6013020833333333 0.5944444444444444 0.0140625 0.025925925925925925
1 0.56328125 0.5217592592592593 0.0078125 0.013888888888888888
1 0.39088541666666665 0.11944444444444445 0.013020833333333334 0.025925925925925925
1 0.425 0.19722222222222222 0.013541666666666667 0.020370370370370372
1 0.4166666666666667 0.09212962962962963 0.010416666666666666 0.021296296296296296
1 0.4315104166666667 0.05092592592592592 0.009895833333333333 0.016666666666666666
1 0.8421875 0.15694444444444444 0.013541666666666667 0.03425925925925926
1 0.8203125 0.22916666666666666 0.009375 0.028703703703703703
1 0.8213541666666667 0.3050925925925926 0.015625 0.03981481481481482
1 0.9026041666666667 0.25972222222222224 0.023958333333333335 0.0712962962962963
1 0.98671875 0.22824074074074074 0.0067708333333333336 0.03425925925925926
1 0.8716145833333333 0.11944444444444445 0.018229166666666668 0.06666666666666667
1 0.771875 0.06018518518518518 0.015625 0.046296296296296294
1 0.975 0.34814814814814815 0.011458333333333333 0.025925925925925925
1 0.7807291666666667 0.4439814814814815 0.01875 0.05277777777777778
1 0.6419270833333334 0.34305555555555556 0.022395833333333334 0.05092592592592592
1 0.8174479166666667 0.65 0.0203125 0.04259259259259259
1 0.8041666666666667 0.6078703703703704 0.00625 0.021296296296296296
1 0.82109375 0.6101851851851852 0.015104166666666667 0.027777777777777776
1 0.9291666666666667 0.5611111111111111 0.009375 0.020370370370370372
1 0.82734375 0.7050925925925926 0.04635416666666667 0.08425925925925926
1 0.8697916666666666 0.6819444444444445 0.010416666666666666 0.021296296296296296
1 0.640625 0.674074074074074 0.017708333333333333 0.02962962962962963
1 0.6268229166666667 0.7703703703703704 0.0078125 0.018518518518518517
1 0.6888020833333334 0.7157407407407408 0.008854166666666666 0.027777777777777776
1 0.8213541666666667 0.7717592592592593 0.008333333333333333 0.013888888888888888
1 0.9036458333333334 0.6648148148148149 0.025 0.04814814814814815
1 0.8466145833333333 0.6032407407407407 0.011979166666666667 0.032407407407407406
1 0.9223958333333333 0.6125 0.00625 0.017592592592592594
1 0.93828125 0.6111111111111112 0.009895833333333333 0.020370370370370372
1 0.9192708333333334 0.4462962962962963 0.014583333333333334 0.020370370370370372
1 0.9932291666666667 0.7925925925925926 0.0125 0.1
1 0.74921875 0.9208333333333333 0.013020833333333334 0.019444444444444445
1 0.7075520833333333 0.9592592592592593 0.011979166666666667 0.022222222222222223
1 0.5393229166666667 0.9800925925925926 0.011979166666666667 0.025
1 0.5044270833333333 0.7527777777777778 0.0140625 0.018518518518518517
1 0.46822916666666664 0.8638888888888889 0.008333333333333333 0.025925925925925925
1 0.6432291666666666 0.9787037037037037 0.008333333333333333 0.011111111111111112
1 0.4359375 0.5935185185185186 0.021875 0.05
1 0.16497395833333334 0.6796296296296296 0.01953125 0.03333333333333333
1 0.114453125 0.8636574074074074 0.018489583333333334 0.05138888888888889
1 0.08268229166666667 0.9824074074074074 0.029947916666666668 0.03333333333333333
1 0.7303385416666667 0.8840277777777777 0.013802083333333333 0.034722222222222224
