2 0.5 0.529463888888889 1.0 0.9404092592592593
1 0.13268203125 0.8436370370370371 0.010155729166666665 0.03171851851851852
1 0.24076692708333333 0.706063425925926 0.012783854166666667 0.03620092592592593
1 0.30524296875 0.6196013888888888 0.02090260416666667 0.026239814814814813
1 0.437125 0.5748722222222222 0.022166666666666668 0.05715185185185185
1 0.30572499999999997 0.8581810185185186 0.0052 0.008954629629629628
1 0.028082552083333333 0.6517148148148147 0.007206770833333333 0.025651851851851853
1 0.15750416666666667 0.8067523148148148 0.0035499999999999998 0.019060185185185187
1 0.24913437500000002 0.5263833333333333 0.05868541666666667 0.06758148148148148
1 0.1674515625 0.47001296296296297 0.021361458333333336 0.038174074074074076
1 0.5207968749999999 0.1995898148148148 0.020760416666666667 0.047327777777777774
1 0.5803549479166666 0.19441851851851852 0.023209895833333334 0.027725925925925925
1 0.5545184895833334 0.3232439814814815 0.016328645833333332 0.027969444444444446
1 0.28585182291666666 0.49120231481481486 0.005036979166666666 0.008330555555555555
1 0.30930442708333333 0.4712166666666667 0.011317187499999999 0.012803703703703703
1 0.38688072916666666 0.36515787037037034 0.0029281249999999997 0.01920462962962963
1 0.7063166666666666 0.5886990740740741 0.015758333333333333 0.038509259259259264
1 0.7955549479166667 0.5493032407407407 0.016109895833333335 0.037495370370370366
1 0.5302471354166667 0.7758967592592592 0.021952604166666667 0.025867592592592595
1 0.5263872395833333 0.8523097222222222 0.0173578125 0.036100925925925925
1 0.6153447916666667 0.911124537037037 0.033814583333333335 0.042619444444444446
1 0.5233197916666666 0.9926597222222222 0.012264583333333332 0.014949074074074073
1 0.8014294270833333 0.8438629629629629 0.018483854166666664 0.03587407407407407
1 0.6793382812500001 0.6677949074074073 0.009718229166666667 0.026330555555555555
1 0.66943828125 0.9343782407407407 0.0170015625 0.01690462962962963
1 0.8753624999999999 0.8059296296296297 0.0101 0.03408148148148148
1 0.9101270833333334 0.873949537037037 0.015045833333333335 0.03678796296296297
1 0.9214315104166667 0.7688393518518518 0.011613020833333333 0.015456481481481483
1 0.977565625 0.7670523148148148 0.00825625 0.032252777777777776
1 0.7662895833333334 0.8583300925925925 0.007579166666666666 0.016660185185185184
1 0.8416346354166666 0.6303652777777777 0.005144270833333334 0.007026851851851852
1 0.8729661458333333 0.6885916666666666 0.005307291666666667 0.012368518518518518
1 0.93789453125 0.6667925925925926 0.004955729166666667 0.011362962962962964
1 0.9246466145833333 0.2198375 0.0107515625 0.023008333333333332
1 0.7647700520833334 0.17841805555555554 0.007665104166666667 0.014243518518518518
1 0.8731848958333334 0.1790699074074074 0.007828125 0.015547222222222223
1 0.8690244791666667 0.1276212962962963 0.008882291666666665 0.008946296296296298
