2 0.95654296875 0.3064236111111111 0.041015625 0.027777777777777776
2 0.4998046875 0.5939236111111111 0.999609375 0.8111111111111111
1 0.38671875 0.7309027777777778 0.029296875 0.03819444444444445
1 0.446875 0.9279513888888888 0.016796875 0.041666666666666664
1 0.64794921875 0.6536458333333334 0.00390625 0.006944444444444444
1 0.68564453125 0.8885416666666667 0.008984375 0.02361111111111111
1 0.7455078125 0.7984374999999999 0.0046875 0.015277777777777779
1 0.997265625 0.9984375000000001 0.004296875 0.0020833333333333333
1 0.9962890625 0.9519097222222221 0.00625 0.02361111111111111
1 0.7060546875 0.9286458333333333 0.00390625 0.004861111111111111
1 0.81611328125 0.9909722222222221 0.00625 0.016666666666666666
1 0.0849609375 0.7871527777777777 0.009765625 0.025694444444444447
1 0.03662109375 0.6692708333333334 0.00390625 0.017361111111111112
1 0.93916015625 0.40850694444444446 0.00625 0.00625
