2 0.5 0.47379212962962963 1.0 0.9475842592592593
1 0.8592809895833333 0.14703472222222225 0.009186979166666666 0.023699074074074074
1 0.95257578125 0.24830601851851852 0.0051515625 0.013278703703703702
1 0.7294088541666667 0.33768333333333334 0.017151041666666665 0.04758888888888889
1 0.8423609375000001 0.3686393518518518 0.014930208333333334 0.018760185185185185
1 0.8272544270833334 0.40668935185185184 0.0128421875 0.030045370370370368
1 0.7664450520833334 0.37727685185185184 0.005806770833333333 0.013812962962962963
1 0.7701343749999999 0.49104999999999993 0.01526875 0.03765555555555555
1 0.8655197916666667 0.48971574074074076 0.008122916666666667 0.018320370370370372
1 0.7610429687500001 0.5734157407407408 0.011669270833333334 0.02646111111111111
1 0.8469664062500001 0.6077898148148149 0.011641145833333333 0.03780185185185185
1 0.8231471354166667 0.6439888888888889 0.010877604166666667 0.04168148148148148
1 0.7223927083333332 0.6925370370370371 0.015618749999999999 0.05544444444444445
1 0.5872973958333334 0.4718222222222222 0.023553125 0.030681481481481483
1 0.7595752604166666 0.9038027777777777 0.011858854166666665 0.026124074074074074
1 0.72177890625 0.8285152777777778 0.019599479166666666 0.04221574074074074
1 0.6984244791666666 0.846062962962963 0.019765625000000002 0.04027407407407407
1 0.68545546875 0.9215587962962963 0.01570260416666667 0.028302777777777777
1 0.7869177083333334 0.7677967592592593 0.012377083333333334 0.031889814814814815
1 0.7557903645833334 0.819624074074074 0.017830729166666667 0.022581481481481484
1 0.6801085937500001 0.7248472222222223 0.011258854166666667 0.020064814814814817
1 0.7596177083333333 0.6170032407407408 0.0067354166666666665 0.019191666666666666
1 0.78168046875 0.6483430555555556 0.037319270833333335 0.04483425925925926
1 0.0331875 0.5835324074074074 0.008041666666666666 0.03373148148148148
1 0.050584375 0.4928902777777778 0.011585416666666666 0.024669444444444445
1 0.011476822916666666 0.46873472222222223 0.008370312500000001 0.018950925925925923
1 0.10024947916666666 0.34063657407407405 0.008832291666666665 0.020162037037037037
1 0.04970989583333333 0.2220699074074074 0.005669791666666666 0.010806481481481481
1 0.021789322916666666 0.1810337962962963 0.006078645833333333 0.012067592592592592
1 0.07790677083333333 0.001650462962962963 0.003730208333333333 0.003300925925925926
1 0.5488098958333333 0.19096388888888888 0.009078125 0.007853703703703703
1 0.6963864583333332 0.13119027777777778 0.008397916666666666 0.03460277777777778
