2 0.5 0.531862962962963 1.0 0.9359481481481481
1 0.27865520833333335 0.5234805555555556 0.02918541666666667 0.037701851851851854
1 0.2936588541666667 0.46097962962962963 0.024817708333333334 0.04047777777777778
1 0.6178518229166666 0.6733768518518518 0.0148703125 0.04490185185185185
1 0.61783671875 0.518074074074074 0.022131770833333335 0.0454074074074074
1 0.2555677083333333 0.5692101851851852 0.015302083333333332 0.025457407407407408
1 0.38727395833333333 0.45490324074074073 0.017256249999999997 0.03758425925925926
1 0.4989635416666667 0.8409791666666667 0.012510416666666666 0.013439814814814816
1 0.20177343749999999 0.12689166666666668 0.012921875 0.027857407407407407
1 0.2176046875 0.3140976851851852 0.025834375 0.057825
1 0.18018072916666666 0.6567148148148148 0.012444791666666667 0.028244444444444447
1 0.10257734375 0.3823490740740741 0.028071354166666666 0.08506851851851852
1 0.8662130208333333 0.3219069444444444 0.017842708333333335 0.03270277777777778
1 0.9136466145833333 0.22215185185185185 0.0137515625 0.018377777777777778
1 0.8547916666666667 0.40459814814814815 0.024166666666666666 0.0629
1 0.8456802083333332 0.7746523148148148 0.014277083333333333 0.04560092592592593
1 0.8241325520833332 0.6950287037037037 0.013890104166666667 0.027094444444444445
1 0.6778052083333334 0.8779180555555556 0.016027083333333334 0.016947222222222225
1 0.29934583333333337 0.2768013888888889 0.011191666666666666 0.059158333333333334
1 0.5651208333333333 0.9775143518518519 0.023991666666666668 0.03465833333333333
1 0.5925604166666666 0.9661805555555555 0.0080375 0.023101851851851853
1 0.8338942708333333 0.6361541666666667 0.017788541666666668 0.01860462962962963
1 0.09302786458333333 0.8816032407407407 0.015222395833333334 0.024317592592592596
1 0.7123127604166667 0.8905027777777778 0.04858385416666667 0.1365611111111111
