2 0.5 0.5403120370370371 1.0 0.9195129629629629
1 0.09762942708333333 0.872774074074074 0.026508854166666665 0.043696296296296296
1 0.4206739583333333 0.9168680555555555 0.011139583333333335 0.020773148148148148
1 0.045164062500000005 0.7376976851851852 0.011161458333333334 0.04206203703703704
1 0.9880833333333333 0.6305425925925926 0.008458333333333333 0.018492592592592595
1 0.6207843749999999 0.3260560185185185 0.01031875 0.02618611111111111
1 0.8498328125000001 0.27337314814814817 0.013207291666666668 0.03563518518518518
1 0.3026875 0.4870379629629629 0.006416666666666667 0.025927777777777775
1 0.43825651041666663 0.7629680555555556 0.009846354166666666 0.022232407407407406
1 0.4827916666666667 0.2763125 0.005166666666666667 0.05447685185185185
1 0.08895052083333334 0.5970935185185186 0.019567708333333333 0.04789074074074074
