2 0.9613182291666666 0.6610837962962963 0.05284479166666667 0.29994537037037033
2 0.47265 0.4633736111111111 0.9453 0.9267472222222222
1 0.21327864583333334 0.5566712962962963 0.020307291666666668 0.039268518518518515
1 0.08469348958333334 0.5764217592592592 0.007928645833333334 0.021362037037037037
1 0.10100598958333333 0.5772472222222222 0.023886979166666666 0.03412407407407407
1 0.07876953125000001 0.6228152777777778 0.013789062500000001 0.038223148148148145
1 0.11000598958333334 0.6181555555555555 0.014803645833333332 0.03260740740740741
1 0.1412046875 0.7110643518518518 0.017826041666666667 0.031387962962962965
1 0.24125755208333333 0.6938601851851852 0.017931770833333336 0.03031296296296296
1 0.22999244791666668 0.825537962962963 0.0141515625 0.021446296296296297
1 0.2894 0.6163101851851852 0.0413 0.10669444444444445
1 0.2813291666666667 0.6203342592592592 0.013699999999999999 0.02215
1 0.2930395833333333 0.6274805555555555 0.011079166666666666 0.04570185185185185
1 0.33126067708333334 0.6925199074074074 0.025021354166666666 0.044299074074074074
1 0.276765625 0.6604083333333334 0.010822916666666666 0.020816666666666667
1 0.31150364583333334 0.7083027777777777 0.015715625 0.04438333333333333
1 0.32624062499999995 0.5422986111111111 0.010814583333333332 0.02163425925925926
1 0.36046614583333336 0.5559624999999999 0.018848958333333332 0.03785092592592593
1 0.43022916666666666 0.7464189814814816 0.0115 0.028023148148148148
1 0.5147239583333333 0.8039643518518519 0.008614583333333333 0.026447222222222223
1 0.58438671875 0.8320236111111111 0.012523437500000002 0.02515833333333333
1 0.60594375 0.8689180555555556 0.0118875 0.03783611111111111
1 0.6625755208333334 0.8929476851851852 0.029317708333333335 0.037747222222222224
1 0.5734010416666667 0.6810314814814815 0.01971875 0.026877777777777778
1 0.5800296875 0.7301736111111111 0.004851041666666667 0.008495370370370372
1 0.6196643229166666 0.7338967592592593 0.010161979166666666 0.017793518518518518
1 0.6669856770833333 0.7424078703703704 0.0204296875 0.03296388888888889
1 0.6972153645833333 0.7322078703703704 0.006930729166666667 0.01256388888888889
1 0.48885260416666665 0.6355310185185186 0.012080208333333333 0.034025
1 0.5214919270833334 0.6452037037037037 0.028400520833333335 0.06448148148148149
1 0.5123953125 0.5453282407407408 0.019582291666666665 0.02028611111111111
1 0.5421507812499999 0.5331337962962963 0.03325989583333334 0.05330462962962963
1 0.56233125 0.4860342592592593 0.022579166666666664 0.03503148148148148
1 0.5668747395833333 0.5266416666666667 0.009791145833333332 0.016246296296296297
1 0.59983046875 0.5964652777777778 0.0121609375 0.017004629629629626
1 0.7107822916666666 0.6046263888888889 0.01010625 0.024067592592592592
1 0.7112552083333333 0.3966375 0.00896875 0.02475648148148148
1 0.4858994791666667 0.38869398148148143 0.021798958333333333 0.03664722222222222
1 0.49066458333333335 0.4587569444444444 0.012579166666666667 0.021217592592592593
1 0.4580239583333333 0.24379953703703702 0.013964583333333334 0.04871018518518518
1 0.49783046875000003 0.17152546296296298 0.017535937499999998 0.02823611111111111
1 0.4978450520833333 0.20441666666666666 0.018606770833333335 0.04031481481481482
1 0.44916119791666664 0.13012083333333332 0.01915572916666667 0.03246388888888889
1 0.3537385416666667 0.10911342592592593 0.015810416666666667 0.031189814814814816
1 0.38293203125 0.1736199074074074 0.013780729166666667 0.02316574074074074
1 0.51881875 0.04060601851851852 0.024095833333333334 0.018249074074074074
1 0.5701 0.04851805555555556 0.006866666666666666 0.01740648148148148
1 0.5138263020833334 0.15830787037037036 0.009944270833333333 0.018467592592592594
1 0.5316992187499999 0.1801074074074074 0.007148437499999999 0.010214814814814815
1 0.76830234375 0.18714305555555555 0.015771354166666664 0.029841666666666666
1 0.6805908854166667 0.21973194444444444 0.004931770833333333 0.020945370370370368
1 0.06261302083333334 0.06322314814814815 0.011684375 0.04126111111111111
1 0.08422239583333332 0.04900185185185185 0.006986458333333333 0.01467037037037037
1 0.1177015625 0.09566527777777778 0.0062364583333333334 0.020960185185185186
1 0.05608723958333333 0.1135125 0.009049479166666667 0.02517314814814815
1 0.05654583333333333 0.153174537037037 0.006841666666666666 0.01190462962962963
1 0.028734375 0.16582314814814814 0.0043437499999999995 0.011275925925925927
1 0.053221875 0.1991726851851852 0.01581875 0.04464166666666667
1 0.037393749999999996 0.2924412037037037 0.013329166666666666 0.02932685185185185
1 0.323675 0.20053287037037038 0.02443333333333333 0.041806481481481486
