2 0.49973958333333335 0.5157407407407407 0.9994791666666667 0.9666666666666667
2 0.9005208333333333 0.8708333333333333 0.19791666666666666 0.2564814814814815
2 0.9671875 0.961574074074074 0.06458333333333334 0.075
1 0.196875 0.2064814814814815 0.014583333333333334 0.027777777777777776
1 0.2921875 0.43842592592592594 0.01875 0.0787037037037037
1 0.39479166666666665 0.19027777777777777 0.010416666666666666 0.021296296296296296
1 0.6916666666666667 0.3263888888888889 0.013541666666666667 0.06574074074074074
1 0.34791666666666665 0.9226851851851852 0.034375 0.032407407407407406
1 0.5924479166666666 0.5972222222222222 0.015104166666666667 0.06296296296296296
1 0.6252604166666667 0.7273148148148149 0.013020833333333334 0.025
1 0.75625 0.3421296296296296 0.01875 0.03425925925925926
1 0.7127604166666667 0.1912037037037037 0.0067708333333333336 0.021296296296296296
1 0.7002604166666667 0.6726851851851852 0.008854166666666666 0.017592592592592594
1 0.6372395833333333 0.6856481481481481 0.008854166666666666 0.01574074074074074
1 0.6442708333333333 0.75 0.008333333333333333 0.024074074074074074
