2 0.5 0.5461925925925926 1.0 0.9072
2 0.9951815104166666 0.29385046296296297 0.0101546875 0.02473796296296296
1 0.8168877604166667 0.4245736111111111 0.008775520833333333 0.017665740740740742
1 0.8290856770833333 0.4308490740740741 0.011296354166666666 0.02280925925925926
1 0.74576328125 0.38249583333333337 0.020693229166666667 0.048325
1 0.7479125 0.2945365740740741 0.0052 0.01685092592592593
1 0.8707283854166668 0.5307777777777778 0.0143734375 0.03192592592592592
1 0.9068976562500001 0.5384893518518519 0.012753645833333332 0.028830555555555557
1 0.8581622395833333 0.624775462962963 0.007991145833333333 0.016217592592592592
1 0.93030078125 0.855438425925926 0.005393229166666667 0.03865462962962963
1 0.9330463541666667 0.9150018518518519 0.006717708333333333 0.01704074074074074
1 0.43292291666666666 0.7755902777777778 0.03355416666666667 0.03266203703703704
1 0.4232533854166666 0.8383175925925926 0.0162984375 0.013672222222222223
1 0.3082372395833334 0.8157074074074073 0.011266145833333333 0.03326666666666667
1 0.5045809895833333 0.7390953703703703 0.017495312500000002 0.0411537037037037
1 0.5032986979166666 0.7465032407407407 0.015972395833333333 0.02263611111111111
1 0.5207770833333334 0.5077060185185185 0.010304166666666666 0.050597222222222224
1 0.5469528645833334 0.5108601851851853 0.023072395833333332 0.036535185185185184
1 0.4470041666666667 0.36854629629629626 0.014841666666666666 0.03894444444444445
1 0.6213203125 0.34907499999999997 0.016598958333333334 0.031483333333333335
1 0.690134375 0.3185722222222222 0.006310416666666666 0.011218518518518518
1 0.39796848958333336 0.1791537037037037 0.009478645833333334 0.013862962962962962
1 0.4237401041666667 0.22721388888888888 0.011021874999999999 0.00813148148148148
1 0.31497135416666666 0.23835185185185187 0.005984375 0.008185185185185184
1 0.28121145833333333 0.16770740740740742 0.006172916666666667 0.013192592592592593
1 0.34394713541666666 0.18127962962962965 0.003519270833333333 0.008855555555555556
1 0.04973046875 0.5682564814814814 0.013002604166666666 0.04206851851851852
1 0.05350651041666667 0.7935648148148148 0.0111796875 0.020462962962962964
1 0.04959088541666667 0.7513912037037037 0.008556770833333333 0.023152777777777776
1 0.031233072916666667 0.7925935185185184 0.0072578125 0.031483333333333335
1 0.12712864583333333 0.8350712962962963 0.010507291666666667 0.010883333333333333
1 0.06527395833333333 0.35849907407407405 0.008672916666666667 0.03551666666666666
1 0.0583140625 0.3823472222222222 0.007253125 0.025805555555555557
1 0.06881458333333333 0.19320277777777778 0.007420833333333333 0.01973888888888889
1 0.502928125 0.6729810185185184 0.014189583333333334 0.03855462962962963
1 0.49329375000000003 0.6903486111111111 0.009504166666666668 0.015882407407407408
1 0.43442447916666665 0.6722986111111111 0.005307291666666667 0.0075601851851851845
1 0.820396875 0.9568587962962963 0.01787708333333333 0.024828703703703704
1 0.6823346354166666 0.9833986111111112 0.004252604166666666 0.009389814814814814
1 0.38407291666666665 0.9714907407407408 0.0066875 0.004092592592592592
1 0.44734453125 0.9903328703703704 0.008230729166666667 0.0028879629629629633
