2 0.5 0.5 1.0 1.0
2 0.10804140625 0.6375902777777778 0.21504114583333334 0.11406944444444443
1 0.7705838541666666 0.43310324074074075 0.016167708333333333 0.04768796296296296
1 0.7566989583333333 0.6709120370370371 0.011314583333333333 0.021453703703703704
1 0.5926028645833333 0.7318314814814815 0.022705729166666667 0.04144074074074074
1 0.5956921875 0.3464523148148148 0.036176041666666665 0.06697870370370371
1 0.648809375 0.051861111111111115 0.014285416666666667 0.0315
1 0.6750177083333334 0.10456805555555555 0.023993749999999998 0.048025
1 0.25727812499999997 0.6374064814814815 0.01455625 0.02481296296296296
1 0.8604257812499999 0.5217740740740741 0.0114765625 0.021325925925925925
1 0.8322335937500001 0.3031564814814815 0.016550520833333335 0.05631296296296296
1 0.1367859375 0.44228472222222226 0.020446875 0.040125
1 0.5712736979166666 0.2166675925925926 0.03942239583333333 0.04259444444444445
1 0.76334609375 0.3643134259259259 0.011067187499999999 0.023071296296296298
1 0.5834755208333333 0.053065277777777774 0.012784374999999999 0.028352777777777775
1 0.5616859375 0.05558842592592592 0.011913541666666666 0.014880555555555557
1 0.15559375 0.21123055555555556 0.009104166666666667 0.018757407407407407
1 0.6813135416666667 0.37784675925925926 0.011585416666666666 0.02791574074074074
