2 0.5 0.5 1.0 1.0
1 0.16642473958333334 0.8046685185185185 0.028682812499999998 0.0648925925925926
1 0.16739921875 0.7713893518518519 0.010840104166666666 0.013149074074074075
1 0.21057421875000001 0.6765949074074074 0.009690104166666666 0.014300925925925927
1 0.12174739583333333 0.5913819444444445 0.019536458333333333 0.05128240740740741
1 0.35702786458333335 0.43738055555555555 0.010930729166666665 0.021057407407407407
1 0.35003255208333334 0.6392375 0.004231770833333333 0.05625277777777778
1 0.3309635416666667 0.9988050925925925 0.004635416666666667 0.0031657407407407407
1 0.15870859375000002 0.9358972222222223 0.0111671875 0.012535185185185186
1 0.38991432291666667 0.4524564814814815 0.006911979166666667 0.01232037037037037
1 0.3087078125 0.20358333333333334 0.013248958333333333 0.02383333333333333
1 0.04379270833333333 0.3022925925925926 0.009460416666666667 0.0194
1 0.6913838541666667 0.1388351851851852 0.014017708333333333 0.01655925925925926
1 0.7827666666666667 0.19347546296296295 0.012408333333333334 0.035099074074074074
1 0.7899583333333333 0.20827870370370372 0.012208333333333333 0.02026111111111111
1 0.8026171875 0.20854537037037035 0.01669270833333333 0.02820185185185185
1 0.9805278645833333 0.1524509259259259 0.025639062499999997 0.06416111111111111
1 0.9840757812500001 0.183175 0.019193229166666666 0.042275925925925925
