2 0.5 0.47008472222222225 1.0 0.9401694444444445
1 0.7163041666666667 0.05785324074074074 0.028441666666666664 0.030521296296296296
1 0.7469515624999999 0.2631458333333333 0.013694791666666668 0.022587962962962962
1 0.7477088541666668 0.4781324074074074 0.015209375 0.039598148148148146
1 0.5014958333333334 0.582825462962963 0.016533333333333334 0.024910185185185185
1 0.2677484375 0.7035851851851851 0.0063302083333333335 0.01642962962962963
1 0.56668984375 0.7559458333333333 0.0083796875 0.019299074074074073
1 0.6627901041666667 0.04515277777777778 0.015163541666666667 0.02549074074074074
1 0.5157856770833333 0.9059421296296296 0.0180296875 0.013736111111111112
1 0.8153231770833334 0.1874976851851852 0.009813020833333333 0.01573611111111111
1 0.4799552083333333 0.5879078703703704 0.007827083333333333 0.01470462962962963
