1 0.5 0.535813425925926 1.0 0.9290342592592592
1 0.5 0.5347708333333333 1.0 0.9306527777777778
1 0.5 0.5345305555555555 1.0 0.9301722222222223
2 0.5 0.5345305555555555 1.0 0.9301722222222223
1 0.3448791666666667 0.8949555555555556 0.048091666666666665 0.07139259259259259
1 0.6318059895833333 0.7027203703703704 0.0531953125 0.10729259259259259
1 0.8546111979166666 0.7007990740740742 0.0133890625 0.04048703703703704
1 0.8377822916666666 0.6892212962962964 0.00785625 0.013627777777777779
1 0.8526916666666666 0.6566333333333333 0.011633333333333332 0.02622962962962963
1 0.73047265625 0.6445949074074074 0.0140703125 0.028078703703703703
1 0.7350286458333334 0.7834925925925926 0.005473958333333333 0.015133333333333334
1 0.7593885416666667 0.724325462962963 0.04169375 0.052354629629629626
1 0.7462903645833333 0.7396523148148147 0.013414062499999999 0.021897222222222224
1 0.63994140625 0.8728236111111111 0.018424479166666667 0.04564722222222222
1 0.6367822916666667 0.8009870370370371 0.006897916666666667 0.01678888888888889
1 0.7742270833333333 0.742775 0.007829166666666667 0.01703148148148148
1 0.7770510416666667 0.7200851851851852 0.007227083333333333 0.023503703703703704
1 0.8184864583333333 0.969588425925926 0.00468125 0.002139814814814815
1 0.9607127604166668 0.8772398148148148 0.011008854166666667 0.03596111111111111
1 0.91491015625 0.9426361111111111 0.0027369791666666666 0.007494444444444444
1 0.9234052083333334 0.9390458333333334 0.007227083333333333 0.018832407407407405
1 0.93934375 0.9347981481481481 0.007854166666666667 0.03070740740740741
1 0.9696755208333333 0.9336777777777777 0.010184374999999999 0.028466666666666668
1 0.9759919270833334 0.5425314814814814 0.011358854166666666 0.05358148148148149
1 0.9711458333333333 0.7889055555555556 0.0037500000000000003 0.011144444444444445
1 0.7323848958333333 0.7287458333333333 0.0033114583333333334 0.009343518518518518
1 0.8096140625 0.8174476851851852 0.012978125 0.031191666666666666
1 0.8107690104166667 0.7814851851851852 0.0038296874999999998 0.029637037037037038
1 0.8147244791666667 0.7452689814814815 0.014865625 0.03868611111111111
1 0.8024882812499999 0.49263101851851854 0.0081015625 0.05007685185185185
1 0.8440895833333334 0.4986041666666666 0.0038041666666666666 0.010171296296296296
1 0.61181953125 0.5918620370370371 0.012180729166666666 0.03372407407407407
1 0.5921942708333333 0.581212962962963 0.011471875 0.03464814814814815
1 0.6013721354166667 0.45726527777777776 0.0569109375 0.0626787037037037
1 0.5732270833333334 0.47566898148148146 0.006870833333333334 0.01800462962962963
1 0.5366585937499999 0.46621203703703706 0.006650520833333334 0.023164814814814815
1 0.6656164062500001 0.3483912037037037 0.0093578125 0.037523148148148146
1 0.13901875 0.6392231481481482 0.020745833333333335 0.04881666666666667
1 0.18406770833333336 0.5887791666666666 0.008760416666666666 0.018299074074074075
1 0.20085833333333333 0.5575629629629629 0.006925 0.02068148148148148
1 0.23206822916666667 0.506011574074074 0.005803125 0.010171296296296296
1 0.21562005208333332 0.4325402777777778 0.007281770833333334 0.018784259259259257
1 0.26204453125 0.7918273148148148 0.004297395833333333 0.01328425925925926
1 0.020127864583333332 0.7612138888888889 0.009005729166666667 0.029835185185185187
1 0.03084765625 0.8290078703703704 0.006486979166666667 0.019126851851851853
1 0.044801041666666666 0.6357342592592592 0.00626875 0.015912962962962962
1 0.005096875 0.6634916666666667 0.0018604166666666667 0.010316666666666667
1 0.008190885416666667 0.6903652777777778 0.007006770833333333 0.01406388888888889
1 0.005547916666666667 0.6621009259259258 0.0038041666666666666 0.013090740740740741
1 0.07957317708333332 0.6822736111111111 0.006021354166666667 0.018250925925925924
1 0.12007682291666667 0.5620805555555556 0.0036953125 0.007494444444444444
1 0.1505171875 0.43149814814814813 0.005201041666666667 0.011144444444444445
1 0.19296041666666666 0.6464935185185184 0.0369625 0.057801851851851854
1 0.17977864583333333 0.6396069444444444 0.006432291666666667 0.019954629629629628
1 0.19610338541666666 0.6752824074074074 0.0057484375 0.015379629629629629
1 0.5005588541666667 0.39031944444444444 0.004242708333333334 0.010268518518518519
1 0.5630588541666667 0.3872013888888889 0.004242708333333334 0.007736111111111111
1 0.7121361979166667 0.38916620370370375 0.009689062500000001 0.022776851851851854
1 0.7430065104166667 0.3448967592592592 0.0047630208333333335 0.015719444444444446
1 0.9484755208333334 0.2574162037037037 0.004242708333333334 0.022239814814814813
1 0.8177471354166667 0.41069212962962964 0.0032026041666666665 0.006569444444444445
1 0.82010546875 0.3986310185185185 0.0016692708333333334 0.006521296296296297
1 0.8352348958333333 0.45294212962962965 0.0048447916666666665 0.007736111111111111
1 0.7956510416666667 0.5719078703703703 0.003802083333333333 0.030852777777777778
