2 0.5 0.5341199074074074 1.0 0.9312027777777777
1 0.43061276041666663 0.5995310185185185 0.018517187499999997 0.036099074074074075
1 0.52764375 0.7762708333333332 0.025079166666666666 0.05994907407407408
1 0.7014557291666667 0.5086319444444445 0.03624479166666667 0.054300925925925926
1 0.29251041666666666 0.5321231481481481 0.029812500000000002 0.05498703703703704
1 0.5860187499999999 0.3259939814814815 0.0439125 0.0779138888888889
1 0.44090885416666664 0.647363888888889 0.012026041666666666 0.041024074074074074
1 0.5057854166666667 0.9477388888888889 0.0157375 0.03066296296296296
1 0.48584244791666664 0.950275 0.017518229166666666 0.026475925925925927
1 0.7234385416666667 0.7416291666666667 0.01666875 0.022147222222222224
1 0.73686328125 0.6435060185185185 0.0081015625 0.018493518518518517
1 0.69626171875 0.9388444444444445 0.0112734375 0.0388
