2 0.5 0.5 1.0 1.0
1 0.017005729166666664 0.6874958333333333 0.026719791666666666 0.06388055555555555
1 0.15809505208333335 0.597574537037037 0.013065104166666668 0.06551944444444444
1 0.13900937500000002 0.41205324074074073 0.019685416666666667 0.04447685185185185
1 0.15181380208333334 0.4520893518518519 0.01925260416666667 0.056030555555555556
1 0.10213723958333333 0.4608337962962963 0.019899479166666668 0.01796388888888889
1 0.16587161458333333 0.8190564814814815 0.0088265625 0.019594444444444442
1 0.012566927083333335 0.5460333333333334 0.0115921875 0.01428888888888889
1 0.2988411458333333 0.3181685185185185 0.023723958333333333 0.04004074074074074
1 0.16442083333333332 0.37661249999999996 0.01738333333333333 0.03470648148148148
1 0.16327213541666669 0.07288194444444444 0.0150859375 0.03094907407407407
1 0.17380677083333335 0.0162537037037037 0.013238541666666666 0.0325074074074074
1 0.17814713541666669 0.05919907407407408 0.012544270833333334 0.03321296296296296
1 0.15301197916666667 0.009458333333333332 0.011232291666666666 0.018916666666666665
1 0.17903750000000002 0.17960046296296298 0.022658333333333332 0.10179351851851852
1 0.4054169270833333 0.4746537037037037 0.036875520833333335 0.047455555555555556
1 0.49073906250000005 0.5923606481481482 0.012728125 0.02175833333333333
1 0.7013421875 0.907675 0.024559375 0.03201666666666667
1 0.6654822916666667 0.9452675925925926 0.02783958333333333 0.03127592592592592
1 0.51618125 0.36082314814814814 0.03027916666666667 0.05868333333333333
1 0.460059375 0.22874259259259258 0.013868750000000001 0.033411111111111114
1 0.3947921875 0.2513384259259259 0.015626041666666667 0.03230648148148148
1 0.8640841145833333 0.9600226851851852 0.046918229166666665 0.07930462962962963
1 0.8681502604166667 0.9618972222222222 0.03838385416666667 0.0756462962962963
1 0.59734453125 0.7925129629629629 0.006147395833333334 0.009099999999999999
1 0.6076947916666666 0.8072976851851852 0.012264583333333332 0.018299074074074075
1 0.6319515625 0.6420407407407407 0.024319791666666667 0.03408148148148148
1 0.6068760416666666 0.6110199074074074 0.009585416666666667 0.014632407407407408
1 0.6082953124999999 0.48772361111111107 0.017632291666666668 0.04211388888888889
1 0.3128049479166667 0.5820689814814815 0.013109895833333333 0.027100925925925924
1 0.48239921875 0.9861935185185184 0.009590104166666667 0.027942592592592592
