2 0.4998046875 0.5291666666666667 0.999609375 0.9402777777777778
1 0.76328125 0.5635416666666667 0.028515625 0.07847222222222222
1 0.70283203125 0.7124999999999999 0.021875 0.018750000000000003
1 0.7685546875 0.39947916666666666 0.037109375 0.050694444444444445
1 0.7974609375 0.34930555555555554 0.0265625 0.05972222222222222
1 0.69072265625 0.37447916666666664 0.0171875 0.03194444444444444
1 0.60400390625 0.5104166666666666 0.013671875 0.024305555555555556
1 0.5900390625 0.40937500000000004 0.0140625 0.044444444444444446
1 0.6201171875 0.31736111111111115 0.01953125 0.051388888888888894
1 0.07158203125 0.43368055555555557 0.009375 0.020138888888888887
