1 0.5 0.41980925925925927 1.0 0.8396185185185185
1 0.49774531250000004 0.40718518518518515 0.9954906250000001 0.8143703703703703
1 0.5 0.4674236111111111 1.0 0.9348472222222222
1 0.69119921875 0.4603763888888889 0.0605234375 0.10593796296296296
1 0.5582276041666667 0.7353064814814815 0.8831218750000001 0.4113537037037037
1 0.42211484375 0.6094365740740741 0.005688020833333333 0.013317592592592591
1 0.4508817708333333 0.6786509259259259 0.006971875 0.027672222222222223
1 0.22209791666666667 0.7777319444444445 0.0077375 0.023982407407407407
1 0.09674192708333333 0.45850694444444445 0.0049421875 0.015162037037037036
1 0.14963020833333335 0.47152083333333333 0.00446875 0.009708333333333333
1 0.25916380208333334 0.2994300925925926 0.009994270833333334 0.013675
1 0.27566770833333337 0.3445615740740741 0.00654375 0.01134537037037037
1 0.8238270833333333 0.06284398148148147 0.009112499999999999 0.01087314814814815
1 0.8771395833333333 0.14723425925925926 0.006362499999999999 0.01483888888888889
1 0.7944828125 0.5326129629629629 0.025423958333333333 0.013374074074074075
1 0.8094401041666667 0.4074685185185185 0.008463541666666666 0.0316037037037037
