2 0.5 0.5139796296296296 1.0 0.9724037037037037
1 0.377759375 0.22054675925925923 0.020102083333333333 0.057760185185185185
1 0.34833697916666667 0.5915773148148148 0.026882291666666665 0.06648796296296297
1 0.3899609375 0.5905356481481482 0.014296874999999999 0.029219444444444444
1 0.38223229166666667 0.5527939814814815 0.016547916666666666 0.03706944444444444
1 0.4659744791666667 0.7634819444444445 0.018407291666666666 0.030667592592592594
1 0.3886515625 0.8463467592592592 0.020011458333333332 0.024175000000000002
1 0.6183296875 0.16417175925925925 0.009576041666666667 0.04501018518518518
1 0.8843755208333334 0.9791337962962964 0.013542708333333332 0.04160092592592593
1 0.3352927083333333 0.4224208333333333 0.009127083333333334 0.01891574074074074
1 0.09839895833333333 0.10751851851851853 0.010339583333333334 0.04466666666666667
1 0.0896390625 0.28362361111111106 0.0063614583333333335 0.035765740740740744
1 0.04053541666666667 0.2581851851851852 0.008154166666666667 0.023777777777777776
1 0.02976796875 0.3129398148148148 0.0064109375 0.029583333333333333
1 0.050619791666666664 0.3036736111111111 0.006447916666666667 0.020310185185185185
1 0.9658804687500001 0.47305787037037034 0.0098859375 0.04611574074074074
1 0.9053927083333334 0.6109328703703704 0.009743749999999999 0.032976851851851854
1 0.9683536458333334 0.6848847222222223 0.008582291666666667 0.036436111111111114
