2 0.5 0.4739949074074074 1.0 0.9479898148148148
1 0.49665130208333336 0.732937037037037 0.041219270833333335 0.06587407407407408
1 0.5208367187499999 0.3078814814814815 0.022923437499999998 0.07687407407407408
1 0.4594697916666667 0.20792962962962963 0.017897916666666666 0.02511851851851852
1 0.8126593750000001 0.16996342592592592 0.016985416666666666 0.04548240740740741
1 0.7629578124999999 0.2959995370370371 0.031123958333333333 0.06236944444444444
1 0.5439263020833334 0.09960046296296296 0.015977604166666666 0.02142314814814815
1 0.30454192708333333 0.10725601851851851 0.0142921875 0.033030555555555556
1 0.5098778645833334 0.4543837962962963 0.03642239583333333 0.066175
1 0.7764838541666667 0.028559722222222222 0.017551041666666666 0.03119351851851852
1 0.731715625 0.09779814814814815 0.009264583333333333 0.025225925925925926
1 0.13445208333333333 0.37477314814814816 0.015779166666666667 0.0569537037037037
1 0.07133723958333334 0.21544444444444444 0.009341145833333333 0.036444444444444446
1 0.12567552083333333 0.5460601851851852 0.014892708333333334 0.018046296296296296
1 0.03655078125 0.23515925925925926 0.007476562500000001 0.024022222222222223
1 0.059651822916666666 0.21710138888888889 0.008886979166666666 0.024943518518518518
1 0.5324591145833334 0.8356361111111111 0.0107515625 0.04164259259259259
1 0.7759734374999999 0.6692546296296296 0.013405208333333333 0.042212962962962966
1 0.7505231770833334 0.4699171296296296 0.008338020833333333 0.013908333333333333
1 0.5751955729166667 0.4282314814814815 0.010807812500000001 0.024981481481481483
1 0.7419156250000001 0.24425462962962965 0.010914583333333333 0.03480555555555556
1 0.77753359375 0.09007407407407407 0.011317187499999999 0.020888888888888887
