2 0.5 0.5152226851851852 1.0 0.9693342592592593
1 0.7455299479166667 0.5067689814814815 0.028559895833333335 0.0468712962962963
1 0.9100125 0.7438648148148148 0.018983333333333335 0.04884074074074074
1 0.25680625 0.17170092592592592 0.011529166666666667 0.02303148148148148
1 0.26117838541666666 0.8491837962962964 0.016106770833333332 0.04651574074074074
1 0.31041093750000004 0.9142930555555556 0.014571875000000001 0.03228981481481481
1 0.41615833333333335 0.9033680555555555 0.01565 0.023402777777777776
1 0.09252916666666668 0.5259004629629629 0.005891666666666667 0.018467592592592594
1 0.047019791666666665 0.2571833333333333 0.02528958333333333 0.0477
1 0.025991145833333333 0.3500069444444444 0.005107291666666666 0.016680555555555556
1 0.40739583333333335 0.3016847222222222 0.022083333333333333 0.04411018518518519
1 0.4016208333333333 0.16046944444444444 0.011575 0.01167962962962963
1 0.2669533854166667 0.10001481481481482 0.014115104166666666 0.016696296296296296
1 0.34681093749999997 0.1695074074074074 0.005080208333333333 0.022348148148148148
1 0.021554947916666668 0.5796365740740741 0.005609895833333334 0.016680555555555556
1 0.22656197916666668 0.6810907407407407 0.007290624999999999 0.008477777777777779
1 0.7166114583333333 0.7139439814814814 0.009264583333333333 0.02233240740740741
1 0.7523026041666667 0.7634657407407407 0.0046052083333333335 0.010264814814814815
1 0.80400078125 0.6721634259259259 0.012168229166666666 0.031363888888888886
1 0.65570078125 0.43984537037037036 0.0145265625 0.025987037037037038
1 0.8292432291666666 0.45132268518518515 0.009528125 0.019312037037037037
1 0.9002916666666666 0.22735462962962963 0.005791666666666666 0.008412962962962964
1 0.7622434895833333 0.37823981481481483 0.006778645833333334 0.013887037037037036
