1 0.5229166666666667 0.5990740740740741 0.953125 0.8
2 0.9692708333333333 0.9490740740740741 0.06041666666666667 0.1
1 0.37473958333333335 0.8152777777777778 0.0328125 0.017592592592592594
1 0.4979166666666667 0.44351851851851853 0.03125 0.024074074074074074
1 0.4427083333333333 0.9310185185185185 0.00625 0.012037037037037037
1 0.6583333333333333 0.7773148148148148 0.026041666666666668 0.06018518518518518
1 0.703125 0.8101851851851852 0.022916666666666665 0.03333333333333333
1 0.6138020833333333 0.9189814814814815 0.043229166666666666 0.05462962962962963
1 0.515625 0.5833333333333334 0.016666666666666666 0.03333333333333333
1 0.6080729166666666 0.8819444444444444 0.005729166666666666 0.012037037037037037
1 0.5546875 0.5365740740740741 0.011458333333333333 0.010185185185185186
1 0.5565104166666667 0.5365740740740741 0.0067708333333333336 0.008333333333333333
1 0.5375 0.675 0.009375 0.012962962962962963
1 0.5520833333333334 0.6513888888888889 0.009375 0.013888888888888888
1 0.5575520833333333 0.6995370370370371 0.009895833333333333 0.017592592592592594
1 0.57109375 0.8060185185185185 0.0109375 0.01574074074074074
1 0.5638020833333334 0.7532407407407408 0.0067708333333333336 0.006481481481481481
1 0.5190104166666667 0.6509259259259259 0.0046875 0.009259259259259259
1 0.6796875 0.6518518518518519 0.004166666666666667 0.018518518518518517
1 0.7231770833333333 0.5796296296296296 0.0026041666666666665 0.018518518518518517
1 0.5677083333333334 0.9333333333333333 0.007291666666666667 0.027777777777777776
1 0.6385416666666667 0.9708333333333333 0.01875 0.05648148148148148
1 0.4869791666666667 0.26064814814814813 0.014583333333333334 0.03796296296296296
1 0.57421875 0.2212962962962963 0.0203125 0.027777777777777776
1 0.5744791666666667 0.28703703703703703 0.04479166666666667 0.025925925925925925
1 0.5565104166666667 0.26435185185185184 0.009895833333333333 0.017592592592592594
1 0.565625 0.27870370370370373 0.009375 0.03888888888888889
1 0.5513020833333333 0.23148148148148148 0.009895833333333333 0.024074074074074074
1 0.3966145833333333 0.2777777777777778 0.008854166666666666 0.011111111111111112
1 0.6260416666666667 0.325 0.003125 0.03518518518518519
1 0.5934895833333333 0.4708333333333333 0.0036458333333333334 0.013888888888888888
1 0.765625 0.35509259259259257 0.009375 0.025
1 0.8143229166666667 0.3416666666666667 0.0078125 0.022222222222222223
1 0.8721354166666667 0.4125 0.0067708333333333336 0.012037037037037037
1 0.6747395833333333 0.45925925925925926 0.005729166666666666 0.007407407407407408
1 0.946875 0.28379629629629627 0.004166666666666667 0.017592592592592594
1 0.9197916666666667 0.31805555555555554 0.004166666666666667 0.010185185185185186
1 0.7786458333333334 0.7111111111111111 0.004166666666666667 0.012962962962962963
1 0.84375 0.7583333333333333 0.005208333333333333 0.009259259259259259
1 0.88203125 0.8763888888888889 0.018229166666666668 0.030555555555555555
1 0.9223958333333333 0.8495370370370371 0.005208333333333333 0.010185185185185186
1 0.6799479166666667 0.7430555555555556 0.0046875 0.010185185185185186
1 0.7057291666666666 0.6814814814814815 0.00625 0.018518518518518517
1 0.6885416666666667 0.7513888888888889 0.007291666666666667 0.008333333333333333
1 0.6348958333333333 0.862037037037037 0.007291666666666667 0.014814814814814815
1 0.6416666666666667 0.8851851851851852 0.00625 0.009259259259259259
1 0.6544270833333333 0.8611111111111112 0.005729166666666666 0.009259259259259259
1 0.659375 0.8148148148148148 0.014583333333333334 0.020370370370370372
