1 0.5 0.46760243055555556 1.0 0.9352048611111111
2 0.5 0.44141102430555557 1.0 0.8828220486111111
1 0.5 0.38855946180555556 1.0 0.7771189236111111
1 0.42712841796875 0.14346354166666667 0.0114833984375 0.03171875
1 0.099973876953125 0.7386905381944444 0.03197900390625 0.05029774305555555
1 0.136796630859375 0.30116015625000003 0.03042919921875 0.10058420138888889
1 0.144466552734375 0.4502048611111111 0.01940185546875 0.0375625
1 0.283402099609375 0.6770776909722223 0.03457763671875 0.03991927083333333
1 0.793305908203125 0.6046506076388889 0.01336962890625 0.021801215277777775
1 0.668845703125 0.2788875868055556 0.02519140625 0.03346961805555556
1 0.66690478515625 0.28155208333333337 0.0115439453125 0.017965277777777778
1 0.107106689453125 0.6048780381944444 0.01011181640625 0.015311631944444444
1 0.823690673828125 0.6313776041666667 0.02042822265625 0.033588541666666666
1 0.724282958984375 0.3765720486111111 0.00618310546875 0.01356076388888889
1 0.83509130859375 0.3787300347222222 0.0051435546875 0.012668402777777777
1 0.699784912109375 0.4969878472222222 0.00894482421875 0.02001736111111111
