2 0.5 0.4912912037037037 1.0 0.9825824074074074
1 0.34928281250000004 0.5853199074074074 0.036065625 0.06878796296296295
1 0.4835291666666667 0.7257634259259259 0.03685 0.023749074074074075
1 0.36214557291666666 0.25508101851851855 0.021166145833333334 0.0805324074074074
1 0.8731505208333333 0.597900462962963 0.008801041666666667 0.019875
1 0.8666713541666666 0.48638611111111113 0.006259375 0.026475925925925927
1 0.8565005208333333 0.23215648148148146 0.011959375 0.036535185185185184
1 0.7940804687499999 0.12557222222222222 0.015244270833333332 0.010403703703703705
1 0.7435765624999999 0.1581199074074074 0.007986458333333333 0.014387962962962964
1 0.9307528645833333 0.16198425925925927 0.007339062499999999 0.020264814814814815
1 0.99651953125 0.1689226851851852 0.004497395833333333 0.017475
1 0.8582197916666666 0.28348240740740743 0.0028979166666666667 0.011409259259259258
1 0.8154731770833333 0.2146398148148148 0.006988020833333333 0.016316666666666667
1 0.9476145833333334 0.41759675925925926 0.004604166666666667 0.011119444444444444
1 0.8710585937499999 0.4156268518518519 0.005658854166666667 0.018290740740740743
1 0.7981161458333333 0.4998476851851852 0.005607291666666667 0.012658333333333332
1 0.6153294270833333 0.24138101851851854 0.0035755208333333333 0.006836111111111111
1 0.3872903645833333 0.35787685185185186 0.018330729166666667 0.030568518518518523
1 0.3875604166666667 0.3535101851851852 0.0167875 0.019983333333333336
1 0.3397997395833333 0.3203787037037037 0.004599479166666667 0.018535185185185186
1 0.3967893229166667 0.3951574074074074 0.0071203125 0.006981481481481482
1 0.44162812500000004 0.19020370370370368 0.004089583333333333 0.008185185185185184
1 0.28289869791666666 0.031718055555555555 0.008505729166666667 0.020843518518518518
1 0.07671718749999999 0.32312916666666663 0.010726041666666667 0.018480555555555556
1 0.34727604166666665 0.7536351851851852 0.003927083333333334 0.007270370370370371
1 0.2655416666666667 0.49685694444444445 0.013375 0.01593611111111111
1 0.6425005208333334 0.8640532407407407 0.006876041666666667 0.016995370370370372
