2 0.5 0.5487601851851852 1.0 0.9030759259259259
1 0.32015911458333335 0.7586324074074073 0.019484895833333335 0.04504259259259259
1 0.34797421875 0.7383546296296296 0.03553177083333334 0.10263518518518519
1 0.1393859375 0.6281129629629629 0.015230208333333333 0.037707407407407405
1 0.22988541666666668 0.3572842592592593 0.0201875 0.03679074074074074
1 0.8349627604166667 0.4427134259259259 0.014717187500000001 0.06505648148148148
1 0.8343369791666666 0.8911523148148147 0.021798958333333333 0.04711944444444445
1 0.9645408854166667 0.8000509259259259 0.010331770833333333 0.02787962962962963
1 0.7887716145833333 0.6640685185185184 0.011918229166666666 0.02813703703703704
1 0.8233242187500001 0.5274722222222222 0.016440104166666667 0.017907407407407407
1 0.7058856770833334 0.22728287037037037 0.012813020833333333 0.021232407407407408
1 0.6812414062500001 0.40597175925925927 0.008316145833333333 0.02120277777777778
1 0.6685065104166666 0.3185060185185185 0.008888020833333335 0.055530555555555555
1 0.7400651041666666 0.37575787037037034 0.011380208333333334 0.04596018518518519
1 0.7685247395833333 0.2795990740740741 0.015174479166666668 0.04438333333333333
1 0.6445041666666668 0.3166527777777778 0.012966666666666666 0.02775
1 0.5800598958333333 0.33510555555555555 0.0069947916666666665 0.014655555555555555
1 0.8138484375 0.31976481481481484 0.012071875000000001 0.017307407407407407
1 0.8118796875 0.6296277777777778 0.010217708333333332 0.016662962962962963
1 0.7701127604166668 0.18501435185185183 0.0100171875 0.020028703703703705
1 0.8366041666666667 0.5088050925925925 0.007583333333333333 0.02316574074074074
1 0.6695 0.6572648148148148 0.004625000000000001 0.027492592592592593
1 0.8455515625000001 0.7891175925925925 0.019228125 0.02267962962962963
1 0.87239765625 0.5619481481481482 0.009378645833333334 0.04611851851851852
1 0.9442098958333334 0.34199166666666664 0.012378124999999999 0.026575925925925926
1 0.68329375 0.16630231481481483 0.0072125 0.01964166666666667
1 0.4604385416666667 0.20214074074074076 0.010460416666666666 0.033911111111111114
1 0.39133697916666665 0.3732300925925926 0.014965625000000001 0.04646018518518519
1 0.15752682291666667 0.2877097222222222 0.010886979166666666 0.02356759259259259
1 0.13696640625 0.8192898148148148 0.008307812500000001 0.01820925925925926
1 0.198115625 0.6327759259259259 0.010814583333333332 0.019255555555555554
1 0.4188744791666667 0.5895180555555555 0.012748958333333334 0.030887962962962964
1 0.18119453125 0.36189444444444446 0.0061390625 0.042307407407407405
1 0.09507552083333333 0.29700740740740744 0.010984375 0.042162962962962965
1 0.16592135416666667 0.5394745370370371 0.022467708333333333 0.02339351851851852
1 0.81651328125 0.1901111111111111 0.008026562499999999 0.01911111111111111
1 0.7644317708333334 0.46249074074074076 0.005946875 0.026833333333333334
