2 0.5 0.48516898148148146 1.0 0.9703379629629629
1 0.6441044270833333 0.21154768518518519 0.01737552083333333 0.030502777777777774
1 0.58817421875 0.44022592592592596 0.014890104166666666 0.04156296296296296
1 0.532165625 0.49693703703703707 0.024747916666666665 0.03091111111111111
1 0.81588828125 0.14023425925925925 0.02344322916666667 0.041579629629629626
1 0.9379651041666667 0.5010444444444445 0.016555208333333335 0.03542222222222222
1 0.3759385416666667 0.8841828703703704 0.023752083333333333 0.04984722222222222
1 0.4176572916666667 0.5139513888888889 0.012397916666666666 0.029754629629629627
1 0.6609315104166666 0.040217592592592596 0.017696354166666664 0.047101851851851846
1 0.6447622395833333 0.2753365740740741 0.009316145833333334 0.06548796296296297
1 0.12842473958333334 0.4373282407407407 0.020391145833333336 0.026508333333333335
1 0.29120885416666664 0.9092092592592593 0.008459375 0.02027037037037037
1 0.9078890625 0.07633055555555555 0.010569791666666667 0.02303148148148148
1 0.9162359375 0.013424074074074073 0.009555208333333334 0.021292592592592592
1 0.9643359375 0.21019953703703703 0.007838541666666667 0.022250925925925924
1 0.876378125 0.4522564814814815 0.01525625 0.02303148148148148
1 0.9300018229166667 0.6078851851851852 0.010003645833333333 0.017622222222222223
1 0.9893815104166667 0.3222125 0.0079296875 0.024054629629629627
1 0.7789690104166667 0.797236574074074 0.010021354166666666 0.02595462962962963
1 0.77036640625 0.6912425925925926 0.007399479166666667 0.021374074074074073
