2 0.5 0.5 1.0 1.0
1 0.35547057291666667 0.38680324074074074 0.0432328125 0.06434722222222222
1 0.5353143229166667 0.3423236111111111 0.0247953125 0.08464722222222222
1 0.7305135416666667 0.5028916666666667 0.03186041666666666 0.05393148148148148
1 0.8073416666666666 0.4839023148148148 0.014683333333333333 0.0344712962962963
1 0.9967182291666667 0.29237268518518517 0.006978125 0.032893518518518516
1 0.10885260416666667 0.713524074074074 0.026038541666666668 0.13815925925925926
1 0.1455359375 0.7996199074074074 0.009821875 0.023313888888888887
1 0.16965364583333334 0.8391675925925927 0.018473958333333332 0.0468537037037037
1 0.17264921875 0.7695101851851852 0.0140484375 0.040872222222222226
1 0.4381424479166667 0.7755425925925926 0.013784895833333333 0.043677777777777774
1 0.45233255208333334 0.8238425925925926 0.007790104166666667 0.029166666666666667
1 0.35937942708333337 0.7859361111111112 0.0145921875 0.042242592592592595
1 0.024486979166666666 0.3908064814814815 0.005223958333333333 0.014946296296296296
1 0.0414671875 0.3990050925925926 0.006892708333333333 0.018380555555555556
1 0.08488671874999999 0.4372166666666667 0.0072734374999999995 0.029988888888888888
1 0.33640000000000003 0.16688333333333333 0.0228 0.05043333333333334
1 0.43349322916666666 0.01922824074074074 0.031569791666666666 0.02734537037037037
1 0.49881901041666665 0.10006018518518518 0.0236796875 0.044564814814814814
1 0.4116828125 0.0803486111111111 0.011907291666666665 0.042178703703703704
1 0.6128580729166667 0.9254370370370371 0.0298828125 0.028651851851851852
1 0.10668463541666666 0.6648449074074074 0.021702604166666663 0.03524537037037037
1 0.027653385416666666 0.8327953703703703 0.013640104166666667 0.028553703703703706
1 0.0363734375 0.31885046296296293 0.016496875 0.04140462962962963
1 0.08480833333333333 0.2985962962962963 0.012325000000000001 0.021266666666666666
1 0.06542682291666667 0.24992407407407408 0.008978645833333333 0.020218518518518518
1 0.03755052083333333 0.26478981481481484 0.008434375 0.024024074074074076
1 0.0261453125 0.44752731481481484 0.006457291666666667 0.011721296296296297
1 0.0069140625 0.5360351851851852 0.0044531250000000005 0.020218518518518518
1 0.04495807291666667 0.5108787037037037 0.005541145833333333 0.01435
1 0.2181578125 0.02235833333333333 0.009232291666666666 0.011383333333333334
1 0.44832213541666666 0.04516759259259259 0.011227604166666665 0.02366851851851852
1 0.56083515625 0.2925550925925926 0.017503645833333335 0.02955462962962963
1 0.4883645833333333 0.3492240740740741 0.021520833333333333 0.08548518518518518
1 0.3534197916666667 0.026039814814814814 0.00788125 0.015042592592592592
1 0.43459322916666665 0.5655023148148147 0.008769791666666667 0.018041666666666668
1 0.32298541666666664 0.9284930555555556 0.008470833333333334 0.02365277777777778
1 0.38084062500000004 0.8754319444444444 0.004389583333333334 0.008271296296296296
1 0.16977682291666665 0.691625 0.0124703125 0.036953703703703704
1 0.8206848958333333 0.4481657407407407 0.009078125 0.027812962962962963
1 0.8198552083333334 0.48240879629629624 0.00741875 0.014817592592592592
1 0.7813184895833333 0.5451430555555555 0.051178645833333335 0.10139722222222222
1 0.9742739583333333 0.5506657407407408 0.012089583333333332 0.02170185185185185
1 0.9825664062499999 0.46072175925925923 0.0047161458333333335 0.008480555555555555
1 0.9605799479166667 0.2660046296296297 0.007618229166666667 0.02275
1 0.88753828125 0.2516550925925926 0.01778489583333333 0.01997685185185185
1 0.86191640625 0.26051805555555557 0.015499479166666667 0.017332407407407407
1 0.8560169270833333 0.303462962962963 0.018283854166666665 0.027296296296296298
1 0.8288182291666666 0.08186944444444444 0.014928124999999999 0.028553703703703706
1 0.9422731770833334 0.1506634259259259 0.013713020833333334 0.01799351851851852
