2 0.5 0.4732402777777778 1.0 0.9464805555555555
1 0.821696875 0.920300462962963 0.013185416666666666 0.03874907407407407
1 0.87195703125 0.751836111111111 0.007455729166666666 0.012931481481481481
1 0.8669565104166667 0.817775 0.005788020833333333 0.009624074074074075
1 0.7493317708333334 0.6142921296296296 0.026788541666666665 0.04895462962962963
1 0.9458088541666666 0.7014731481481482 0.005159375 0.010353703703703704
1 0.8394252604166667 0.3850078703703704 0.010100520833333333 0.03112685185185185
1 0.7077841145833333 0.28215509259259264 0.029109895833333333 0.06616203703703703
1 0.7981625 0.20422361111111112 0.011949999999999999 0.02511388888888889
1 0.6006580729166667 0.30319351851851856 0.023191145833333333 0.05453518518518519
1 0.5941921874999999 0.02728611111111111 0.030051041666666667 0.03420185185185185
1 0.5721638020833333 0.01657222222222222 0.010994270833333335 0.01647777777777778
1 0.5729403645833333 0.0602962962962963 0.010464062500000001 0.015037037037037036
1 0.5625497395833333 0.08423981481481481 0.01884947916666667 0.024035185185185184
1 0.5596583333333334 0.043244444444444446 0.010983333333333335 0.012414814814814814
1 0.5516799479166666 0.07061805555555556 0.012734895833333334 0.017162037037037038
1 0.5480322916666667 0.10822268518518519 0.00960625 0.010889814814814814
1 0.31922812500000003 0.16033842592592593 0.015539583333333332 0.015121296296296296
1 0.44962812500000005 0.7469388888888888 0.02113125 0.03832222222222222
1 0.44554791666666665 0.6833152777777778 0.016095833333333334 0.03329722222222222
1 0.4563796875 0.5902819444444445 0.011717708333333333 0.041675000000000004
1 0.2515244791666667 0.7927583333333333 0.017632291666666668 0.03922037037037037
1 0.3656046875 0.8822458333333334 0.016626041666666667 0.01819537037037037
1 0.42324140625 0.6315004629629629 0.006899479166666667 0.011149074074074075
1 0.29791953125 0.3748064814814815 0.012505729166666667 0.01813148148148148
