2 0.5208333333333334 0.5972222222222222 0.9572916666666667 0.8037037037037037
1 0.44479166666666664 0.9657407407407408 0.01875 0.03148148148148148
1 0.6416666666666667 0.9462962962962963 0.019791666666666666 0.03888888888888889
1 0.7234375 0.7717592592592593 0.014583333333333334 0.03611111111111111
1 0.8963541666666667 0.5925925925925926 0.007291666666666667 0.012962962962962963
1 0.8947916666666667 0.8050925925925926 0.007291666666666667 0.017592592592592594
1 0.4705729166666667 0.5990740740740741 0.0078125 0.027777777777777776
1 0.4708333333333333 0.5995370370370371 0.007291666666666667 0.026851851851851852
1 0.76875 0.8277777777777777 0.008333333333333333 0.022222222222222223
1 0.7484375 0.5527777777777778 0.016666666666666666 0.027777777777777776
1 0.24739583333333334 0.7907407407407407 0.010416666666666666 0.016666666666666666
1 0.5072916666666667 0.5263888888888889 0.008333333333333333 0.017592592592592594
1 0.64921875 0.7916666666666666 0.009895833333333333 0.03333333333333333
1 0.43697916666666664 0.8486111111111111 0.010416666666666666 0.01574074074074074
