2 0.5 0.48107335069444446 1.0 0.9621467013888889
1 0.8429111328125 0.6365690104166667 0.011017578125 0.028346354166666667
1 0.816228759765625 0.6170863715277778 0.02015283203125 0.03104774305555556
1 0.74713818359375 0.7354418402777778 0.0343154296875 0.04380034722222222
1 0.78217578125 0.5970164930555556 0.010640625 0.025630208333333335
1 0.439318359375 0.03458029513888889 0.02609765625 0.06395225694444445
1 0.38276171875 0.13343880208333334 0.01259375 0.0220859375
1 0.29931201171875 0.2693302951388889 0.0117099609375 0.016091145833333334
1 0.0536396484375 0.41522395833333337 0.010599609375 0.016211805555555556
1 0.057642333984375 0.4475625 0.01274560546875 0.042694444444444445
1 0.317939697265625 0.8843246527777777 0.02455126953125 0.025593750000000002
1 0.749307861328125 0.24574869791666668 0.02302978515625 0.027955729166666665
1 0.678730712890625 0.26143359374999997 0.00980517578125 0.00897829861111111
1 0.524841552734375 0.16592274305555554 0.00866748046875 0.01587326388888889
1 0.832182861328125 0.7454908854166667 0.00713916015625 0.01528732638888889
1 0.410539306640625 0.35903819444444446 0.00857861328125 0.02015972222222222
