2 0.49973958333333335 0.5314814814814814 0.9994791666666667 0.9351851851851852
1 0.4671875 0.3638888888888889 0.021875 0.053703703703703705
1 0.40963541666666664 0.4476851851851852 0.0203125 0.06759259259259259
1 0.44505208333333335 0.4217592592592593 0.0109375 0.01574074074074074
1 0.5643229166666667 0.46064814814814814 0.015104166666666667 0.058333333333333334
1 0.41770833333333335 0.7194444444444444 0.023958333333333335 0.06666666666666667
1 0.3111979166666667 0.6296296296296297 0.009895833333333333 0.020370370370370372
1 0.3109375 0.711574074074074 0.022916666666666665 0.049074074074074076
1 0.20286458333333332 0.8935185185185185 0.008854166666666666 0.022222222222222223
1 0.06927083333333334 0.825925925925926 0.011458333333333333 0.016666666666666666
1 0.25625 0.9944444444444445 0.00625 0.009259259259259259
1 0.24505208333333334 0.9893518518518518 0.0078125 0.019444444444444445
1 0.3776041666666667 0.9194444444444444 0.009375 0.014814814814814815
1 0.39375 0.9393518518518519 0.016666666666666666 0.04351851851851852
1 0.5723958333333333 0.9384259259259259 0.020833333333333332 0.028703703703703703
1 0.7401041666666667 0.8162037037037037 0.034375 0.05648148148148148
1 0.7377604166666667 0.8185185185185185 0.0296875 0.03518518518518519
1 0.7872395833333333 0.8944444444444445 0.0265625 0.025925925925925925
1 0.8403645833333333 0.9847222222222223 0.005729166666666666 0.017592592592592594
1 0.9408854166666667 0.8967592592592593 0.005729166666666666 0.013888888888888888
1 0.96640625 0.600925925925926 0.0067708333333333336 0.037037037037037035
1 0.9966145833333333 0.6013888888888889 0.005729166666666666 0.019444444444444445
1 0.9786458333333333 0.4310185185185185 0.014583333333333334 0.03796296296296296
1 0.97109375 0.21805555555555556 0.024479166666666666 0.06018518518518518
1 0.9611979166666667 0.18518518518518517 0.0067708333333333336 0.012962962962962963
1 0.8703125 0.24166666666666667 0.005208333333333333 0.014814814814814815
1 0.74296875 0.3199074074074074 0.0203125 0.03425925925925926
1 0.7559895833333333 0.175 0.0265625 0.011111111111111112
1 0.6205729166666667 0.2125 0.024479166666666666 0.049074074074074076
1 0.5677083333333334 0.07777777777777778 0.016666666666666666 0.020370370370370372
1 0.45208333333333334 0.4115740740740741 0.0125 0.01574074074074074
1 0.5533854166666666 0.46111111111111114 0.0109375 0.020370370370370372
1 0.6169270833333333 0.39166666666666666 0.0140625 0.024074074074074074
1 0.678125 0.5078703703703704 0.00625 0.01574074074074074
1 0.6815104166666667 0.7814814814814814 0.0078125 0.014814814814814815
1 0.32369791666666664 0.9185185185185185 0.013020833333333334 0.016666666666666666
1 0.190625 0.40046296296296297 0.0125 0.032407407407407406
