2 0.50397421875 0.45413796296296294 0.9923234375 0.9082759259259259
1 0.17517630208333335 0.7376625 0.0118109375 0.036436111111111114
1 0.2002578125 0.6560361111111112 0.011973958333333333 0.036146296296296294
1 0.4131671875 0.6265902777777778 0.03362604166666667 0.08095833333333334
1 0.34159609375 0.6292384259259259 0.011317187499999999 0.03625462962962963
1 0.37086588541666665 0.6419268518518518 0.0146484375 0.048668518518518514
1 0.4077635416666666 0.7015972222222222 0.012402083333333334 0.02171296296296296
1 0.40526640625 0.7480763888888889 0.014699479166666666 0.03133796296296296
1 0.2911078125 0.7092375 0.019715625 0.027734259259259257
1 0.34774140625 0.7138699074074074 0.015274479166666667 0.022184259259259258
1 0.4131932291666667 0.8154060185185186 0.012844791666666666 0.045626851851851856
1 0.34602265625 0.43522777777777777 0.0357953125 0.06304814814814814
1 0.39804817708333334 0.372825 0.019013020833333335 0.03639074074074074
1 0.4116666666666667 0.3771495370370371 0.012916666666666667 0.026521296296296296
1 0.34127890625 0.49916620370370374 0.009641145833333333 0.01685092592592593
1 0.39133255208333334 0.5512805555555556 0.007665104166666667 0.02107962962962963
1 0.3103283854166667 0.20510787037037037 0.017531770833333335 0.0731787037037037
1 0.38411822916666666 0.26184305555555554 0.017194791666666667 0.03109351851851852
1 0.36470598958333333 0.13858425925925924 0.01795364583333333 0.02902037037037037
1 0.39028203125 0.1808800925925926 0.0086890625 0.030278703703703704
1 0.33604505208333335 0.33778796296296293 0.013756770833333333 0.023724074074074075
1 0.3880411458333333 0.048362499999999996 0.017748958333333335 0.07079907407407407
1 0.3493598958333333 0.037285185185185185 0.017469791666666668 0.02271851851851852
1 0.44918203125 0.08849722222222223 0.030655729166666666 0.05106851851851852
1 0.6632700520833333 0.06031111111111111 0.03279010416666667 0.02988148148148148
1 0.5910481770833333 0.37247083333333336 0.008138020833333334 0.057904629629629625
1 0.6312010416666667 0.215425 0.01031875 0.01973888888888889
1 0.4322609375 0.010152777777777778 0.010355208333333334 0.020305555555555556
1 0.43832161458333335 0.14746712962962963 0.012059895833333334 0.04678611111111111
1 0.9186067708333333 0.22948564814814815 0.010130208333333333 0.03119351851851852
1 0.9774591145833333 0.4065509259259259 0.0195015625 0.06310185185185185
1 0.8730583333333333 0.5725134259259259 0.02528333333333333 0.06354537037037038
1 0.8104403645833334 0.6449481481481482 0.011505729166666668 0.028785185185185184
1 0.9000684895833333 0.6289680555555555 0.010553645833333335 0.05608425925925926
1 0.9685958333333333 0.5225199074074074 0.0049 0.022817592592592594
1 0.5192109375 0.42620092592592596 0.0050885416666666666 0.026475925925925927
1 0.33258776041666666 0.7927032407407407 0.012050520833333333 0.01318425925925926
1 0.3731098958333333 0.41470092592592595 0.008719791666666667 0.018290740740740743
1 0.32098567708333337 0.6377763888888889 0.006554687500000001 0.014441666666666667
