2 0.49973958333333335 0.5310185185185186 0.9994791666666667 0.9361111111111111
1 0.2786458333333333 0.5092592592592593 0.029166666666666667 0.03888888888888889
1 0.2946515625 0.44857546296296297 0.024719791666666668 0.03974351851851852
1 0.6145833333333334 0.6805555555555556 0.015625 0.044444444444444446
1 0.617628125 0.5254629629629629 0.02275625 0.04537037037037037
1 0.2544671875 0.5537037037037037 0.015184375 0.025925925925925925
1 0.3880208333333333 0.4476851851851852 0.016666666666666666 0.03796296296296296
1 0.4921875 0.8407407407407408 0.0125 0.012962962962962963
1 0.20963541666666666 0.10833333333333334 0.013020833333333334 0.027777777777777776
1 0.22132447916666667 0.29682546296296297 0.024940625 0.05846574074074074
1 0.17709088541666668 0.6371032407407408 0.012515104166666667 0.027910185185185187
1 0.1046875 0.3575925925925926 0.028125 0.08555555555555557
1 0.8692708333333333 0.34523796296296294 0.017708333333333333 0.03306851851851852
1 0.91875 0.24814814814814815 0.013541666666666667 0.018518518518518517
1 0.8568825520833333 0.4273810185185185 0.024181770833333335 0.062169444444444444
1 0.83984375 0.7958333333333333 0.015104166666666667 0.04537037037037037
1 0.8200520833333333 0.7152777777777778 0.0140625 0.026851851851851852
1 0.6705729166666666 0.8882541666666667 0.016145833333333335 0.017249074074074076
1 0.30416666666666664 0.26481481481481484 0.010416666666666666 0.05925925925925926
1 0.5559895833333334 0.9819444444444444 0.024479166666666666 0.03425925925925926
1 0.5833333333333334 0.9717592592592592 0.008333333333333333 0.023148148148148147
1 0.83125 0.6564814814814814 0.017708333333333333 0.018518518518518517
1 0.08567708333333333 0.8564814814814815 0.015104166666666667 0.024074074074074074
1 0.7042411458333333 0.902976388888889 0.04910729166666667 0.1355824074074074
