2 0.5 0.5 1.0 1.0
1 0.8686861979166667 0.35381666666666667 0.008205729166666667 0.020596296296296297
1 0.8817567708333333 0.34070787037037037 0.019763541666666665 0.04993425925925926
1 0.79228046875 0.42496666666666666 0.017894270833333333 0.05363703703703703
1 0.7462703125 0.7017833333333334 0.020665625 0.0406037037037037
1 0.6641408854166666 0.8069837962962964 0.011615104166666666 0.01952314814814815
1 0.41496015625000005 0.562475925925926 0.020545312500000003 0.04532222222222222
1 0.3838265625 0.5291060185185185 0.015569791666666666 0.035989814814814815
1 0.38861171875 0.7945375 0.014723437499999999 0.03722314814814815
1 0.5955997395833333 0.9896412037037037 0.018282812500000002 0.020023148148148148
1 0.08742942708333333 0.6591847222222222 0.009233854166666666 0.020221296296296296
1 0.018881510416666667 0.6605226851851852 0.0106796875 0.03030462962962963
1 0.11403958333333333 0.17277175925925928 0.018704166666666668 0.041839814814814816
1 0.06949218750000001 0.05668425925925926 0.010859375000000001 0.03373888888888889
1 0.5928455729166667 0.20619027777777776 0.03569114583333333 0.06238055555555555
1 0.536784375 0.12399722222222222 0.015235416666666666 0.027624074074074075
1 0.49733125 0.04565740740740741 0.012370833333333333 0.022796296296296297
1 0.6763682291666666 0.19063472222222222 0.015236458333333334 0.03126944444444445
1 0.9563270833333333 0.6604546296296296 0.015779166666666667 0.03202037037037037
