2 0.5 0.49006064814814815 1.0 0.9801212962962963
1 0.6106768229166666 0.4905083333333334 0.023436979166666667 0.053238888888888884
1 0.3597567708333333 0.4936180555555555 0.020555208333333335 0.03168055555555556
1 0.5162223958333334 0.6553930555555555 0.009528125 0.021897222222222224
1 0.8990895833333333 0.3873111111111111 0.0075541666666666665 0.024622222222222222
1 0.5654606770833334 0.17143935185185183 0.0205046875 0.039174999999999995
1 0.6074606770833333 0.25693055555555555 0.0138796875 0.02312037037037037
1 0.5792114583333333 0.3297583333333333 0.012589583333333333 0.02433148148148148
1 0.98007734375 0.47672314814814815 0.0101546875 0.04603888888888889
1 0.98406875 0.5185263888888889 0.0056375 0.024089814814814814
1 0.9591611979166667 0.4769736111111111 0.013114062499999999 0.031724999999999996
1 0.9485171875 0.20680046296296298 0.006409374999999999 0.030267592592592592
1 0.9448000000000001 0.7717384259259259 0.006266666666666667 0.03051388888888889
1 0.9872072916666668 0.6808541666666666 0.008789583333333333 0.024671296296296295
1 0.9380114583333333 0.04799074074074074 0.013522916666666666 0.0145
1 0.73273515625 0.2349550925925926 0.013386979166666667 0.01435462962962963
1 0.7019958333333334 0.10776203703703703 0.008158333333333333 0.013672222222222223
1 0.6089302083333333 0.1991351851851852 0.008485416666666667 0.01678888888888889
1 0.5893986979166667 0.2835699074074074 0.009005729166666667 0.011584259259259258
1 0.030190364583333334 0.31585 0.019755729166666666 0.09095925925925927
1 0.030011718750000003 0.2685018518518518 0.004815104166666666 0.02404074074074074
1 0.05184401041666666 0.09608333333333333 0.008896354166666667 0.02735185185185185
1 0.07491145833333333 0.13982638888888888 0.00815625 0.018541666666666665
1 0.5599565104166667 0.9530277777777778 0.012621354166666666 0.024574074074074075
1 0.22154036458333334 0.7787152777777778 0.008705729166666667 0.018541666666666665
1 0.3465697916666667 0.8512851851851853 0.005639583333333333 0.009977777777777778
1 0.20472421875 0.3719675925925926 0.0063234375 0.014305555555555556
1 0.69331953125 0.4586810185185185 0.0074723958333333335 0.0266212962962963
