2 0.49973958333333335 0.5291666666666667 0.9994791666666667 0.9398148148148148
1 0.09322916666666667 0.9009259259259259 0.011458333333333333 0.022222222222222223
1 0.10703125 0.7375 0.0109375 0.032407407407407406
1 0.22578125 0.6310185185185185 0.011979166666666667 0.03611111111111111
1 0.296875 0.562962962962963 0.020833333333333332 0.024074074074074074
1 0.4322916666666667 0.5578703703703703 0.025 0.05277777777777778
1 0.27682291666666664 0.799537037037037 0.0046875 0.008333333333333333
1 0.0203125 0.5189814814814815 0.00625 0.026851851851851852
1 0.13515625 0.7078703703703704 0.0026041666666666665 0.019444444444444445
1 0.24947916666666667 0.45601851851851855 0.06354166666666666 0.05277777777777778
1 0.17395833333333333 0.3763888888888889 0.021875 0.03796296296296296
1 0.5473958333333333 0.20972222222222223 0.022916666666666665 0.04351851851851852
1 0.6065104166666667 0.22083333333333333 0.021354166666666667 0.030555555555555555
1 0.5697916666666667 0.3402777777777778 0.015625 0.026851851851851852
1 0.28932291666666665 0.43148148148148147 0.0046875 0.007407407407407408
1 0.3140625 0.4185185185185185 0.011458333333333333 0.012962962962962963
1 0.4002604166666667 0.33564814814814814 0.0036458333333333334 0.019444444444444445
1 0.6958333333333333 0.6449074074074074 0.016666666666666666 0.03796296296296296
1 0.7872395833333333 0.6310185185185185 0.016145833333333335 0.03796296296296296
1 0.5057291666666667 0.7800925925925926 0.023958333333333335 0.021296296296296296
1 0.4947916666666667 0.8550925925925926 0.016666666666666666 0.03611111111111111
1 0.57734375 0.9365740740740741 0.034895833333333334 0.03796296296296296
1 0.47942708333333334 0.9925925925925926 0.013020833333333334 0.012962962962962963
1 0.7674479166666667 0.9231481481481482 0.021354166666666667 0.03148148148148148
1 0.6619791666666667 0.7148148148148148 0.010416666666666666 0.025925925925925925
1 0.6291666666666667 0.9773148148148149 0.017708333333333333 0.013888888888888888
1 0.8434895833333333 0.9064814814814814 0.0109375 0.03333333333333333
1 0.871875 0.9824074074074074 0.017708333333333333 0.03333333333333333
1 0.8927083333333333 0.8828703703703704 0.0125 0.013888888888888888
1 0.9484375 0.8972222222222223 0.009375 0.03148148148148148
1 0.9950520833333333 0.9425925925925925 0.008854166666666666 0.024074074074074074
1 0.9958333333333333 0.9833333333333333 0.007291666666666667 0.020370370370370372
1 0.7317708333333334 0.9277777777777778 0.008333333333333333 0.014814814814814815
1 0.8260416666666667 0.7240740740740741 0.005208333333333333 0.007407407407407408
1 0.8520833333333333 0.7898148148148149 0.005208333333333333 0.012962962962962963
1 0.9177083333333333 0.7865740740740741 0.005208333333333333 0.010185185185185186
1 0.9440104166666666 0.34120370370370373 0.009895833333333333 0.023148148148148147
1 0.78984375 0.25601851851851853 0.0067708333333333336 0.01574074074074074
1 0.896875 0.2865740740740741 0.007291666666666667 0.01574074074074074
1 0.896875 0.2351851851851852 0.008333333333333333 0.011111111111111112
