2 0.5 0.4655106481481482 1.0 0.9310212962962964
1 0.33172421874999997 0.3862527777777778 0.008240104166666666 0.041024074074074074
1 0.47520989583333334 0.5870384259259259 0.013961458333333334 0.03333611111111111
1 0.09821510416666666 0.29043564814814815 0.025596875 0.05309351851851852
1 0.059848437500000004 0.052882407407407406 0.009280208333333335 0.024283333333333334
1 0.191803125 0.05237407407407407 0.023189583333333333 0.04919259259259259
1 0.45823906249999996 0.29988425925925927 0.016478125 0.027546296296296298
1 0.33366953125 0.13130277777777777 0.009005729166666667 0.012605555555555556
1 0.31057421875 0.10077777777777779 0.013856770833333334 0.07192592592592593
1 0.30557317708333337 0.16392824074074072 0.0069796875 0.013041666666666667
1 0.34737447916666664 0.20147777777777778 0.011415625 0.012214814814814815
1 0.04985807291666667 0.1187148148148148 0.008049479166666667 0.031874074074074076
1 0.38335520833333336 0.6353296296296296 0.022960416666666667 0.07806666666666666
1 0.8472205729166667 0.2155277777777778 0.015274479166666667 0.02735185185185185
1 0.7804325520833333 0.7896958333333333 0.0129484375 0.029391666666666667
1 0.9930484375 0.6347611111111111 0.004846875 0.013966666666666667
1 0.9644283854166668 0.648601388888889 0.006981770833333333 0.013869444444444443
1 0.9987408854166666 0.7279106481481482 0.0026901041666666666 0.022487962962962963
1 0.7480875 0.7267402777777778 0.012841666666666666 0.05348055555555556
1 0.8713223958333334 0.02856527777777778 0.008269791666666667 0.021945370370370372
1 0.83336953125 0.06565231481481482 0.008405729166666666 0.02019351851851852
1 0.6559770833333334 0.06044722222222222 0.015079166666666668 0.04496851851851852
1 0.6862322916666667 0.11050972222222222 0.00788125 0.02472314814814815
1 0.63620078125 0.00485 0.005734895833333333 0.0097
1 0.52325 0.39289305555555554 0.013166666666666667 0.024675000000000002
1 0.5569283854166667 0.57075 0.0076067708333333334 0.05075925925925926
1 0.5047901041666667 0.822787962962963 0.009580208333333333 0.02705740740740741
1 0.31746692708333335 0.8851458333333333 0.0120171875 0.022143518518518517
1 0.5159440104166666 0.8826189814814815 0.014179687500000001 0.009682407407407409
1 0.12793177083333332 0.5001342592592593 0.004821875 0.05212037037037037
1 0.10684791666666667 0.6388763888888889 0.0084875 0.018493518518518517
1 0.12060598958333334 0.7187958333333333 0.009961979166666666 0.022776851851851854
1 0.11936197916666667 0.7531800925925926 0.006432291666666667 0.017471296296296297
1 0.09610416666666667 0.5734370370370371 0.004708333333333333 0.006133333333333333
1 0.106465625 0.5129055555555555 0.005639583333333333 0.012848148148148148
1 0.0320015625 0.4870078703703703 0.0035864583333333334 0.007349074074074075
1 0.09713151041666666 0.47455046296296294 0.005721354166666666 0.015767592592592593
1 0.6983367187499999 0.6872967592592593 0.0060484375 0.013482407407407406
