2 0.49973958333333335 0.5231481481481481 0.9994791666666667 0.9518518518518518
1 0.1609375 0.19212962962962962 0.013541666666666667 0.062037037037037036
1 0.07890625 0.30277777777777776 0.0140625 0.037037037037037035
1 0.096875 0.2712962962962963 0.013541666666666667 0.04259259259259259
1 0.07864583333333333 0.17962962962962964 0.005208333333333333 0.012962962962962963
1 0.002864583333333333 0.4837962962962963 0.005729166666666666 0.013888888888888888
1 0.11692708333333333 0.7606481481481482 0.015104166666666667 0.03796296296296296
1 0.06015625 0.8342592592592593 0.008854166666666666 0.016666666666666666
1 0.019270833333333334 0.6296296296296297 0.011458333333333333 0.024074074074074074
1 0.08229166666666667 0.6851851851851852 0.00625 0.018518518518518517
1 0.09036458333333333 0.6671296296296296 0.008854166666666666 0.01574074074074074
1 0.27760416666666665 0.986574074074074 0.014583333333333334 0.013888888888888888
1 0.2747395833333333 0.9638888888888889 0.0067708333333333336 0.020370370370370372
1 0.23515625 0.8634259259259259 0.011979166666666667 0.026851851851851852
1 0.48385416666666664 0.12175925925925926 0.021875 0.05462962962962963
1 0.4890625 0.16111111111111112 0.016666666666666666 0.024074074074074074
1 0.6075520833333333 0.13796296296296295 0.03177083333333333 0.05185185185185185
1 0.5252604166666667 0.18518518518518517 0.0067708333333333336 0.012962962962962963
1 0.5385416666666667 0.1787037037037037 0.004166666666666667 0.025925925925925925
1 0.5872395833333334 0.25462962962962965 0.0109375 0.018518518518518517
1 0.5752604166666667 0.2337962962962963 0.018229166666666668 0.030555555555555555
1 0.6231770833333333 0.27314814814814814 0.030729166666666665 0.046296296296296294
1 0.6997395833333333 0.19953703703703704 0.033854166666666664 0.041666666666666664
1 0.7109375 0.20416666666666666 0.010416666666666666 0.030555555555555555
1 0.70703125 0.3236111111111111 0.011979166666666667 0.017592592592592594
1 0.7145833333333333 0.32314814814814813 0.005208333333333333 0.022222222222222223
1 0.7434895833333334 0.3060185185185185 0.027604166666666666 0.030555555555555555
1 0.74375 0.35555555555555557 0.009375 0.03333333333333333
1 0.7630208333333334 0.30925925925925923 0.015625 0.02962962962962963
1 0.7578125 0.2810185185185185 0.008333333333333333 0.01574074074074074
1 0.42213541666666665 0.4337962962962963 0.0109375 0.023148148148148147
1 0.48072916666666665 0.4083333333333333 0.0125 0.02962962962962963
1 0.5942708333333333 0.41712962962962963 0.03229166666666667 0.030555555555555555
1 0.5544270833333333 0.5046296296296297 0.0140625 0.044444444444444446
1 0.5739583333333333 0.5199074074074074 0.010416666666666666 0.03611111111111111
1 0.6005208333333333 0.48009259259259257 0.01875 0.025
1 0.56328125 0.5541666666666667 0.0140625 0.058333333333333334
1 0.584375 0.5962962962962963 0.019791666666666666 0.02962962962962963
1 0.5994791666666667 0.6328703703703704 0.03125 0.049074074074074076
1 0.5979166666666667 0.7490740740740741 0.016666666666666666 0.027777777777777776
1 0.38385416666666666 0.8828703703703704 0.03854166666666667 0.08981481481481482
1 0.5002604166666667 0.8032407407407407 0.016145833333333335 0.017592592592592594
1 0.5901041666666667 0.7171296296296297 0.005208333333333333 0.008333333333333333
1 0.7166666666666667 0.4185185185185185 0.013541666666666667 0.05
1 0.20833333333333334 0.32592592592592595 0.020833333333333332 0.05
