2 0.49973958333333335 0.549074074074074 0.9994791666666667 0.9
1 0.22786458333333334 0.2212962962962963 0.0234375 0.13148148148148148
1 0.5177083333333333 0.3226851851851852 0.011458333333333333 0.013888888888888888
1 0.5375 0.5185185185185185 0.01875 0.04814814814814815
1 0.5932291666666667 0.46296296296296297 0.0125 0.024074074074074074
1 0.5932291666666667 0.6300925925925925 0.0125 0.025
1 0.5515625 0.725925925925926 0.011458333333333333 0.03148148148148148
1 0.5411458333333333 0.712037037037037 0.010416666666666666 0.018518518518518517
1 0.5080729166666667 0.6717592592592593 0.005729166666666666 0.017592592592592594
1 0.49947916666666664 0.7685185185185185 0.019791666666666666 0.05
1 0.4661458333333333 0.8175925925925925 0.026041666666666668 0.06111111111111111
1 0.6114583333333333 0.8333333333333334 0.03333333333333333 0.04259259259259259
1 0.5651041666666666 0.7787037037037037 0.03854166666666667 0.06481481481481481
1 0.5658854166666667 0.9953703703703703 0.015104166666666667 0.007407407407407408
1 0.47760416666666666 0.9337962962962963 0.009375 0.013888888888888888
1 0.20833333333333334 0.762962962962963 0.030208333333333334 0.046296296296296294
1 0.2755208333333333 0.7384259259259259 0.007291666666666667 0.021296296296296296
1 0.26927083333333335 0.6555555555555556 0.009375 0.022222222222222223
1 0.016145833333333335 0.9777777777777777 0.007291666666666667 0.024074074074074074
1 0.0036458333333333334 0.4222222222222222 0.007291666666666667 0.027777777777777776
1 0.5924479166666666 0.462037037037037 0.0067708333333333336 0.009259259259259259
1 0.5783854166666667 0.2828703703703704 0.0067708333333333336 0.05648148148148148
1 0.5778645833333333 0.36157407407407405 0.027604166666666666 0.13055555555555556
1 0.7921875 0.5828703703703704 0.007291666666666667 0.019444444444444445
1 0.7682291666666666 0.6074074074074074 0.005208333333333333 0.027777777777777776
1 0.7419270833333333 0.6342592592592593 0.0046875 0.012962962962962963
1 0.7567708333333333 0.7027777777777777 0.026041666666666668 0.02962962962962963
1 0.7463541666666667 0.8199074074074074 0.007291666666666667 0.019444444444444445
1 0.8705729166666667 0.8898148148148148 0.0171875 0.02962962962962963
1 0.8697916666666666 0.9175925925925926 0.008333333333333333 0.018518518518518517
1 0.8994791666666667 0.8824074074074074 0.00625 0.012962962962962963
1 0.9080729166666667 0.8768518518518519 0.008854166666666666 0.009259259259259259
1 0.25859375 0.9685185185185186 0.008854166666666666 0.011111111111111112
1 0.26536458333333335 0.9625 0.011979166666666667 0.01574074074074074
