2 0.5 0.5 1.0 1.0
2 0.9585744791666666 0.10361435185185185 0.034857291666666665 0.018339814814814812
1 0.25467708333333333 0.43842731481481484 0.013520833333333334 0.030558333333333333
1 0.08181848958333333 0.5108944444444444 0.008428645833333333 0.0329
1 0.0951109375 0.5853592592592592 0.012096875 0.031829629629629624
1 0.44661640625000004 0.3363643518518519 0.01719114583333333 0.022728703703703706
1 0.49410338541666665 0.34199074074074076 0.0236234375 0.028425925925925924
1 0.3658606770833333 0.22744305555555555 0.016096354166666667 0.025256481481481484
1 0.5845679687499999 0.46896064814814814 0.020177604166666665 0.03051388888888889
1 0.5536635416666668 0.7071120370370371 0.012535416666666667 0.03829814814814815
1 0.5580716145833333 0.749886111111111 0.02030989583333333 0.02755
1 0.46942578125 0.747038425925926 0.012809895833333333 0.02000277777777778
1 0.7659169270833334 0.6352148148148149 0.012042187499999999 0.02783703703703704
1 0.6455981770833333 0.8602541666666667 0.04432135416666667 0.07606388888888889
1 0.6533890625000001 0.9351986111111111 0.013028125 0.018545370370370372
1 0.5823018229166668 0.9196824074074074 0.005228645833333333 0.009735185185185185
1 0.6927968750000001 0.8104583333333333 0.011635416666666667 0.026472222222222223
1 0.83383671875 0.29557083333333334 0.007256770833333333 0.02632685185185185
1 0.7232125 0.20649305555555555 0.007883333333333332 0.018541666666666665
