2 0.5 0.481099537037037 1.0 0.962199074074074
1 0.6548049479166667 0.8059814814814815 0.0294015625 0.021222222222222222
1 0.7155861979166667 0.8258564814814814 0.016589062499999998 0.02763888888888889
1 0.5056869791666666 0.7248347222222222 0.021790625 0.025595370370370372
1 0.4810315104166667 0.6015773148148148 0.018313020833333336 0.04389537037037037
1 0.70091015625 0.43234814814814815 0.030986979166666664 0.04802962962962963
1 0.7295002604166666 0.33905092592592595 0.03920885416666667 0.07625
1 0.6817666666666666 0.7108199074074074 0.006241666666666667 0.032750925925925926
1 0.6347268229166667 0.3778564814814815 0.047578645833333336 0.02978703703703704
1 0.4541130208333334 0.35696990740740736 0.01864270833333333 0.03060648148148148
1 0.6921122395833332 0.4930421296296296 0.010266145833333332 0.019417592592592594
1 0.37304609375000003 0.42471759259259256 0.0117171875 0.019805555555555555
1 0.7117955729166667 0.26516805555555556 0.0090078125 0.015521296296296299
1 0.6613661458333334 0.14825370370370372 0.016482291666666666 0.055766666666666666
1 0.8464190104166666 0.15005601851851852 0.0063796875 0.02418611111111111
1 0.4189208333333333 0.1764037037037037 0.009716666666666667 0.01391851851851852
1 0.3309856770833333 0.29179814814814814 0.005721354166666666 0.020633333333333333
1 0.50403828125 0.5136078703703704 0.0080765625 0.017956481481481483
1 0.42496458333333337 0.8263856481481481 0.010345833333333334 0.039808333333333334
1 0.40690052083333333 0.8404157407407408 0.031509375 0.049350000000000005
1 0.28089895833333334 0.7900162037037036 0.012839583333333333 0.02447685185185185
1 0.20361510416666664 0.5479694444444445 0.024938541666666664 0.04223518518518518
1 0.2748390625 0.3771037037037037 0.014261458333333334 0.024577777777777778
1 0.08521197916666666 0.2813203703703704 0.018340625 0.1256037037037037
1 0.16902005208333334 0.3002125 0.0057484375 0.011536111111111112
1 0.16718541666666667 0.3780032407407407 0.0197875 0.06341388888888888
1 0.156078125 0.5226513888888888 0.010072916666666666 0.013821296296296295
1 0.23543802083333334 0.7069 0.010459375 0.026762962962962964
1 0.059000520833333334 0.5888763888888888 0.005501041666666666 0.018493518518518517
1 0.055434375 0.04111620370370371 0.008785416666666665 0.021121296296296298
1 0.08124713541666666 0.12871898148148148 0.0041609375 0.012993518518518519
1 0.016539322916666665 0.24906250000000002 0.004953645833333333 0.01664351851851852
1 0.04480234375 0.27899120370370367 0.0041880208333333335 0.007982407407407409
1 0.02107369791666667 0.0289837962962963 0.007772395833333333 0.019078703703703705
1 0.27694166666666664 0.06392824074074074 0.005966666666666666 0.013041666666666667
1 0.28346223958333333 0.42966712962962966 0.0127578125 0.013037962962962963
1 0.4193763020833333 0.4740435185185185 0.005419270833333333 0.009198148148148148
1 0.7458713541666667 0.4171666666666667 0.006326041666666667 0.034333333333333334
1 0.6430151041666666 0.28267592592592594 0.012071875000000001 0.03572222222222222
1 0.5518986979166667 0.15393703703703704 0.009005729166666667 0.01342962962962963
1 0.5404109375 0.19205046296296296 0.012071875000000001 0.011878703703703704
1 0.6145744791666666 0.04915509259259259 0.014565625 0.02053240740740741
1 0.5997364583333333 0.28203703703703703 0.00468125 0.006666666666666667
1 0.5724473958333333 0.3129592592592592 0.0042697916666666665 0.005548148148148148
1 0.6115236979166667 0.15879305555555556 0.004297395833333333 0.004623148148148149
1 0.6420049479166666 0.1633476851851852 0.005884895833333333 0.008176851851851852
1 0.5372341145833333 0.34424444444444446 0.0078015624999999995 0.00885925925925926
1 0.5714200520833334 0.356475 0.0032567708333333333 0.009246296296296298
1 0.65629375 0.48329351851851854 0.0188375 0.05547592592592593
1 0.47561197916666664 0.7443361111111112 0.026223958333333335 0.01645
1 0.2289375 0.5640967592592593 0.014125 0.015230555555555556
1 0.2616833333333333 0.6288578703703704 0.011908333333333333 0.022530555555555554
