2 0.5 0.5433509259259259 1.0 0.9126277777777778
1 0.29887578124999997 0.6450958333333333 0.024834895833333332 0.06426574074074073
1 0.40627734375 0.5835046296296296 0.029221354166666665 0.044787037037037035
1 0.32151145833333333 0.17058518518518517 0.007606249999999999 0.018948148148148148
1 0.5542739583333333 0.2236324074074074 0.015839583333333334 0.0361537037037037
1 0.4225830729166667 0.7215217592592593 0.0212078125 0.033784259259259264
1 0.5748859374999999 0.7962967592592592 0.016438541666666667 0.035186111111111106
1 0.6406955729166667 0.6378268518518518 0.024099479166666667 0.031209259259259263
1 0.6143315104166667 0.29493564814814816 0.006788020833333333 0.02505648148148148
1 0.6397986979166668 0.30795694444444444 0.016055729166666668 0.030728703703703703
1 0.6564520833333333 0.29052638888888893 0.016029166666666667 0.01623796296296296
1 0.5955203124999999 0.18709768518518516 0.013957291666666666 0.02234351851851852
1 0.8913622395833334 0.4277583333333333 0.010849479166666667 0.033294444444444446
1 0.8920666666666667 0.5366226851851852 0.03934166666666667 0.07880092592592593
1 0.35973125 0.911500925925926 0.0100875 0.017446296296296297
1 0.9156075520833333 0.8466078703703703 0.0114234375 0.019141666666666664
1 0.7002546875 0.8254847222222222 0.017176041666666666 0.02689537037037037
1 0.9414703125 0.6626277777777778 0.036065625 0.04192222222222223
1 0.5854247395833333 0.2733101851851852 0.016682812499999998 0.029953703703703705
