2 0.5 0.4613939814814815 1.0 0.922787962962963
1 0.9838809895833334 0.7194990740740741 0.006303645833333333 0.02418333333333333
1 0.771046875 0.6338097222222222 0.018135416666666668 0.03613796296296297
1 0.7385820312500001 0.5699546296296296 0.007372395833333333 0.013983333333333334
1 0.6837419270833334 0.35815277777777776 0.022692187500000002 0.03482407407407408
1 0.9544080729166667 0.4296439814814815 0.010899479166666667 0.022250925925925924
1 0.9740257812500001 0.31943472222222224 0.008468229166666667 0.022202777777777776
1 0.7018671875 0.14900787037037036 0.014151041666666668 0.02023796296296296
1 0.8635815104166666 0.12725694444444444 0.012579687499999999 0.015625
1 0.47109296875 0.2972046296296296 0.009894270833333333 0.018483333333333334
1 0.5526348958333334 0.2559601851851852 0.013603124999999999 0.024883333333333334
1 0.5802393229166667 0.31702314814814814 0.0115203125 0.01737962962962963
1 0.4198395833333333 0.1075050925925926 0.027179166666666664 0.024269444444444444
1 0.2783846354166667 0.11578796296296297 0.008852604166666667 0.018612962962962963
1 0.12587057291666667 0.581738425925926 0.0215328125 0.050513888888888886
1 0.19789114583333334 0.7119430555555556 0.019740625 0.06833055555555555
1 0.27926640625 0.6190662037037037 0.022074479166666668 0.05294722222222222
1 0.20856093750000002 0.3950597222222222 0.012955208333333332 0.01604537037037037
1 0.16533203125 0.2796685185185185 0.009830729166666666 0.0223
1 0.7010911458333333 0.33882268518518516 0.007390625 0.01838611111111111
1 0.6935205729166667 0.32453518518518515 0.0099578125 0.021292592592592592
1 0.6642393229166667 0.27012407407407407 0.0232703125 0.02172962962962963
1 0.8421916666666667 0.21943564814814814 0.005216666666666666 0.007389814814814814
1 0.9038786458333333 0.2416097222222222 0.0046322916666666665 0.007293518518518519
1 0.3385455729166667 0.7448333333333333 0.008341145833333334 0.019296296296296298
1 0.4516208333333333 0.390737962962963 0.010533333333333334 0.03888333333333333
1 0.23104244791666667 0.06844305555555555 0.021459895833333336 0.035034259259259265
1 0.9499580729166667 0.6801546296296296 0.014499479166666666 0.03253148148148148
1 0.8044221354166667 0.7356226851851851 0.0067609375 0.017541666666666667
