2 0.5 0.5 1.0 1.0
1 0.20869166666666666 0.690600462962963 0.008008333333333333 0.020089814814814814
1 0.23029817708333333 0.642337037037037 0.013721354166666666 0.0680074074074074
1 0.22895546875 0.4478337962962963 0.009994270833333334 0.023445370370370373
1 0.3196013020833333 0.25748703703703707 0.014202604166666665 0.024233333333333332
1 0.3377955729166667 0.19430092592592593 0.016216145833333334 0.027490740740740743
1 0.8782427083333334 0.9813125000000001 0.01481875 0.03669907407407407
1 0.7888458333333334 0.6137921296296296 0.011025 0.02573240740740741
1 0.7766591145833334 0.5875222222222222 0.016859895833333336 0.028748148148148148
1 0.7842565104166667 0.2718643518518518 0.0133046875 0.01965462962962963
1 0.84217890625 0.6217421296296296 0.008316145833333333 0.03607685185185185
1 0.7860372395833333 0.6750314814814815 0.014782812499999999 0.024137037037037037
1 0.8917377604166667 0.7816175925925927 0.0126421875 0.024346296296296296
1 0.6394388020833334 0.375125925925926 0.0153359375 0.07247407407407408
