2 0.5 0.536075 1.0 0.9277055555555556
2 0.10060182291666667 0.12529305555555556 0.032453645833333336 0.026512037037037035
1 0.16062708333333334 0.3791384259259259 0.015004166666666667 0.03975833333333333
1 0.07181822916666666 0.3300884259259259 0.007178125 0.013880555555555556
1 0.10026354166666666 0.4747851851851852 0.008860416666666667 0.03475555555555555
1 0.03670729166666666 0.6160527777777778 0.007789583333333333 0.017290740740740742
1 0.09212421875 0.5545726851851852 0.009248437500000001 0.027663888888888887
1 0.10295234375 0.7411962962962962 0.010071354166666666 0.024985185185185187
1 0.039909375000000004 0.8377152777777778 0.012110416666666667 0.03654166666666667
1 0.036497916666666665 0.935274074074074 0.0084125 0.026103703703703705
1 0.06035963541666667 0.8848462962962963 0.008219270833333334 0.01784074074074074
1 0.15380130208333334 0.9697138888888889 0.0159359375 0.017205555555555557
1 0.3677458333333333 0.9150018518518519 0.026116666666666667 0.022596296296296295
1 0.9790651041666667 0.9739541666666667 0.005005208333333333 0.021982407407407405
1 0.9501247395833333 0.9726138888888889 0.0085828125 0.021153703703703702
1 0.8472065104166667 0.9483490740740742 0.016288020833333333 0.06336481481481482
1 0.75524140625 0.7494768518518518 0.010482812499999999 0.03784259259259259
1 0.7393276041666667 0.7864851851851852 0.014071875000000001 0.026674074074074072
1 0.8245291666666666 0.6882902777777778 0.014683333333333333 0.021025000000000002
1 0.91891875 0.7853657407407408 0.0128375 0.024435185185185185
1 0.8292598958333334 0.4635888888888889 0.022061458333333332 0.02902962962962963
1 0.8917427083333334 0.36940370370370373 0.008485416666666667 0.027696296296296295
1 0.69832265625 0.17596574074074076 0.0185203125 0.027857407407407407
1 0.6689799479166666 0.4471717592592592 0.021293229166666667 0.040639814814814816
1 0.6529734375 0.5335703703703704 0.030946875 0.05232592592592593
1 0.7725122395833334 0.9848666666666667 0.0127328125 0.03084444444444444
1 0.7239187499999999 0.7397930555555555 0.0103375 0.018475
1 0.4690893229166667 0.7446504629629629 0.010053645833333335 0.013375
1 0.3497927083333333 0.5802032407407408 0.00479375 0.00855462962962963
1 0.41458151041666663 0.6279037037037036 0.0062463541666666665 0.011362962962962964
1 0.3849299479166667 0.6793097222222222 0.007359895833333334 0.008619444444444443
1 0.3842893229166667 0.3608652777777778 0.023786979166666666 0.06432314814814814
1 0.35385104166666664 0.2821402777777778 0.03166041666666666 0.04761388888888889
1 0.38045729166666664 0.22529537037037037 0.007789583333333333 0.01910925925925926
1 0.41138541666666667 0.09609351851851852 0.0113125 0.029224074074074076
1 0.476328125 0.1514351851851852 0.0036979166666666666 0.006574074074074073
