2 0.49973958333333335 0.5361111111111111 0.9994791666666667 0.9259259259259259
1 0.040364583333333336 0.6240740740740741 0.0109375 0.05185185185185185
1 0.07421875 0.7148148148148148 0.0203125 0.053703703703703705
1 0.058854166666666666 0.6819444444444445 0.009375 0.013888888888888888
1 0.18203125 0.9287037037037037 0.0359375 0.07592592592592592
1 0.12786458333333334 0.9925925925925926 0.005729166666666666 0.012962962962962963
1 0.10572916666666667 0.8013888888888889 0.011458333333333333 0.03425925925925926
1 0.18411458333333333 0.6527777777777778 0.008854166666666666 0.022222222222222223
1 0.10677083333333333 0.5828703703703704 0.00625 0.026851851851851852
1 0.0265625 0.5472222222222223 0.014583333333333334 0.040740740740740744
1 0.0375 0.5226851851851851 0.007291666666666667 0.019444444444444445
1 0.03723958333333333 0.5504629629629629 0.005729166666666666 0.01574074074074074
1 0.09375 0.4217592592592593 0.005208333333333333 0.013888888888888888
1 0.15182291666666667 0.44537037037037036 0.0171875 0.040740740740740744
1 0.22265625 0.47129629629629627 0.013020833333333334 0.02962962962962963
1 0.17552083333333332 0.39305555555555555 0.011458333333333333 0.01574074074074074
1 0.24088541666666666 0.3958333333333333 0.005729166666666666 0.010185185185185186
1 0.22864583333333333 0.4185185185185185 0.00625 0.009259259259259259
1 0.2638020833333333 0.4023148148148148 0.008854166666666666 0.021296296296296296
1 0.296875 0.32546296296296295 0.021875 0.023148148148148147
1 0.38671875 0.2361111111111111 0.011979166666666667 0.011111111111111112
1 0.18802083333333333 0.22037037037037038 0.008333333333333333 0.020370370370370372
1 0.40078125 0.4976851851851852 0.009895833333333333 0.01574074074074074
1 0.46510416666666665 0.49583333333333335 0.01875 0.026851851851851852
1 0.2598958333333333 0.5518518518518518 0.007291666666666667 0.018518518518518517
1 0.3221354166666667 0.9407407407407408 0.0078125 0.020370370370370372
1 0.34765625 0.7712962962962963 0.0036458333333333334 0.024074074074074074
1 0.5255208333333333 0.9356481481481481 0.011458333333333333 0.026851851851851852
1 0.5580729166666667 0.9671296296296297 0.0171875 0.019444444444444445
1 0.5684895833333333 0.9393518518518519 0.016145833333333335 0.023148148148148147
1 0.6278645833333333 0.9847222222222223 0.016145833333333335 0.028703703703703703
1 0.6111979166666667 0.9777777777777777 0.0078125 0.014814814814814815
1 0.5994791666666667 0.812962962962963 0.041666666666666664 0.05
1 0.5880208333333333 0.8199074074074074 0.01875 0.028703703703703703
1 0.6513020833333333 0.7620370370370371 0.0328125 0.040740740740740744
1 0.6544270833333333 0.8087962962962963 0.008854166666666666 0.017592592592592594
1 0.5393229166666667 0.8273148148148148 0.021354166666666667 0.04722222222222222
1 0.5708333333333333 0.8402777777777778 0.014583333333333334 0.028703703703703703
1 0.55625 0.8222222222222222 0.01875 0.040740740740740744
1 0.52578125 0.775 0.011979166666666667 0.03148148148148148
1 0.5494791666666666 0.725925925925926 0.021875 0.037037037037037035
1 0.5369791666666667 0.7138888888888889 0.007291666666666667 0.011111111111111112
1 0.5786458333333333 0.6796296296296296 0.022916666666666665 0.03148148148148148
1 0.5705729166666667 0.6986111111111111 0.008854166666666666 0.025
1 0.6135416666666667 0.7263888888888889 0.01875 0.019444444444444445
1 0.6359375 0.7305555555555555 0.011458333333333333 0.024074074074074074
1 0.5528645833333333 0.6513888888888889 0.016145833333333335 0.026851851851851852
1 0.5776041666666667 0.6481481481481481 0.011458333333333333 0.022222222222222223
1 0.5963541666666666 0.6583333333333333 0.025 0.040740740740740744
1 0.5497395833333333 0.55 0.009895833333333333 0.027777777777777776
1 0.5330729166666667 0.5115740740740741 0.033854166666666664 0.049074074074074076
1 0.5138020833333333 0.4759259259259259 0.024479166666666666 0.03518518518518519
1 0.503125 0.44074074074074077 0.03125 0.037037037037037035
1 0.49296875 0.4356481481481482 0.009895833333333333 0.021296296296296296
1 0.515625 0.4546296296296296 0.008333333333333333 0.009259259259259259
1 0.6015625 0.35462962962962963 0.019791666666666666 0.03518518518518519
1 0.49713541666666666 0.3055555555555556 0.024479166666666666 0.03518518518518519
1 0.52109375 0.30925925925925923 0.021354166666666667 0.037037037037037035
1 0.49661458333333336 0.3333333333333333 0.018229166666666668 0.022222222222222223
1 0.5098958333333333 0.2638888888888889 0.03958333333333333 0.04814814814814815
1 0.51640625 0.2518518518518518 0.019270833333333334 0.024074074074074074
1 0.5354166666666667 0.2662037037037037 0.007291666666666667 0.008333333333333333
1 0.4984375 0.19166666666666668 0.015625 0.05740740740740741
1 0.54296875 0.17453703703703705 0.019270833333333334 0.028703703703703703
1 0.6046875 0.475 0.004166666666666667 0.014814814814814815
1 0.69375 0.6560185185185186 0.015625 0.019444444444444445
1 0.65390625 0.6101851851851852 0.0296875 0.03888888888888889
1 0.66875 0.625 0.00625 0.024074074074074074
1 0.62421875 0.5782407407407407 0.0067708333333333336 0.023148148148148147
1 0.8026041666666667 0.8773148148148148 0.021875 0.032407407407407406
1 0.6518229166666667 0.8902777777777777 0.0140625 0.013888888888888888
1 0.8809895833333333 0.8986111111111111 0.011979166666666667 0.03796296296296296
1 0.953125 0.9041666666666667 0.021875 0.08611111111111111
1 0.60390625 0.9569444444444445 0.009895833333333333 0.017592592592592594
1 0.065625 0.7583333333333333 0.011458333333333333 0.022222222222222223
