2 0.49973958333333335 0.5375 0.9994791666666667 0.9231481481481482
1 0.4578125 0.6675925925925926 0.041666666666666664 0.08703703703703704
1 0.4421875 0.31712962962962965 0.015625 0.03425925925925926
1 0.6372395833333333 0.9018518518518519 0.0296875 0.03518518518518519
1 0.9908854166666666 0.562962962962963 0.0109375 0.03148148148148148
1 0.9591145833333333 0.8402777777777778 0.016145833333333335 0.04722222222222222
1 0.9567708333333333 0.8305555555555556 0.011458333333333333 0.02962962962962963
1 0.99453125 0.8319444444444445 0.009895833333333333 0.028703703703703703
1 0.9934895833333334 0.7870370370370371 0.011979166666666667 0.025925925925925925
1 0.9669270833333333 0.9175925925925926 0.021354166666666667 0.08703703703703704
