2 0.49973958333333335 0.5314814814814814 0.9994791666666667 0.9351851851851852
1 0.05807291666666667 0.8564814814814815 0.0078125 0.016666666666666666
1 0.016666666666666666 0.7935185185185185 0.00625 0.022222222222222223
1 0.009635416666666667 0.649537037037037 0.0078125 0.025
1 0.15267083333333334 0.7268518518518519 0.0053416666666666664 0.007407407407407408
1 0.18854166666666666 0.9023148148148148 0.01875 0.03425925925925926
1 0.20520833333333333 0.9273148148148148 0.010416666666666666 0.013888888888888888
1 0.24010416666666667 0.8916666666666667 0.007291666666666667 0.016666666666666666
1 0.07369791666666667 0.9736111111111111 0.0046875 0.013888888888888888
1 0.209375 0.6930555555555555 0.007291666666666667 0.008333333333333333
1 0.20911458333333333 0.9935185185185185 0.0109375 0.011111111111111112
1 0.30026041666666664 0.6472222222222223 0.0078125 0.014814814814814815
1 0.23697916666666666 0.27824074074074073 0.0375 0.06944444444444445
1 0.26510416666666664 0.31342592592592594 0.008333333333333333 0.01574074074074074
1 0.2984375 0.28425925925925927 0.007291666666666667 0.020370370370370372
1 0.14869791666666668 0.3625 0.0067708333333333336 0.008333333333333333
1 0.12135416666666667 0.32546296296296295 0.011458333333333333 0.023148148148148147
1 0.128125 0.300462962962963 0.00625 0.017592592592592594
1 0.14296875 0.27361111111111114 0.009895833333333333 0.012037037037037037
1 0.79765625 0.1736111111111111 0.0067708333333333336 0.04722222222222222
1 0.9276041666666667 0.2851851851851852 0.015625 0.024074074074074074
1 0.89765625 0.41203703703703703 0.009895833333333333 0.024074074074074074
1 0.9346354166666667 0.39305555555555555 0.005729166666666666 0.012037037037037037
1 0.9002604166666667 0.23564814814814813 0.0078125 0.013888888888888888
1 0.9651041666666667 0.19814814814814816 0.013541666666666667 0.024074074074074074
1 0.9450520833333333 0.6185185185185185 0.0078125 0.020370370370370372
1 0.7971354166666667 0.675 0.0234375 0.02962962962962963
1 0.8372395833333334 0.6722222222222223 0.019270833333333334 0.027777777777777776
1 0.8380208333333333 0.6402777777777777 0.010416666666666666 0.012037037037037037
1 0.83984375 0.625 0.0067708333333333336 0.011111111111111112
1 0.85078125 0.5972222222222222 0.0109375 0.014814814814814815
1 0.8682291666666667 0.6430555555555556 0.00625 0.006481481481481481
1 0.8510416666666667 0.7282407407407407 0.014583333333333334 0.028703703703703703
1 0.7981770833333334 0.8009259259259259 0.013020833333333334 0.020370370370370372
1 0.646875 0.6300925925925925 0.0125 0.025
1 0.6130208333333333 0.6754629629629629 0.0375 0.049074074074074076
1 0.6015625 0.638425925925926 0.009375 0.013888888888888888
1 0.6604166666666667 0.6592592592592592 0.005208333333333333 0.009259259259259259
1 0.7174479166666666 0.6754629629629629 0.005729166666666666 0.012037037037037037
1 0.7651041666666667 0.8625 0.007291666666666667 0.013888888888888888
1 0.9802083333333333 0.7384259259259259 0.00625 0.01574074074074074
1 0.49973958333333335 0.49212962962962964 0.019270833333333334 0.025
1 0.5734375 0.5990740740740741 0.0125 0.016666666666666666
1 0.5697916666666667 0.5050925925925925 0.005208333333333333 0.01574074074074074
1 0.4513020833333333 0.8731481481481481 0.021354166666666667 0.03888888888888889
