2 0.5 0.5321365740740741 1.0 0.9364953703703703
1 0.45906979166666667 0.4296101851851852 0.01918125 0.033294444444444446
1 0.6006393229166667 0.4534171296296296 0.015861979166666665 0.05683425925925926
1 0.5456395833333333 0.3820550925925926 0.0089875 0.01596203703703704
1 0.5155692708333334 0.13203287037037037 0.012388541666666667 0.019621296296296296
1 0.5811708333333333 0.09310185185185185 0.040466666666666665 0.05472222222222222
2 0.08041197916666666 0.23453518518518518 0.03582395833333333 0.03758888888888889
1 0.7415354166666667 0.2917657407407407 0.0216125 0.04279074074074074
1 0.5635703125 0.22509212962962963 0.009432291666666667 0.01870277777777778
1 0.4749216145833334 0.19153194444444444 0.012343229166666667 0.016397222222222223
1 0.47172473958333333 0.17437824074074074 0.005949479166666666 0.009867592592592593
1 0.4351658854166667 0.18511481481481482 0.004706770833333334 0.016525925925925927
1 0.33851302083333334 0.3406546296296296 0.019734375000000002 0.029457407407407408
1 0.24602057291666668 0.6022643518518519 0.009749479166666667 0.028602777777777776
1 0.06552656250000001 0.6069708333333333 0.009178125 0.023200925925925923
1 0.22491848958333333 0.3261861111111111 0.0144203125 0.01718703703703704
1 0.5850486979166667 0.942198611111111 0.020097395833333333 0.026989814814814817
1 0.67005 0.919037962962963 0.0151 0.01955740740740741
1 0.6606286458333333 0.9662842592592592 0.012923958333333334 0.006642592592592593
1 0.62721875 0.9332921296296297 0.006520833333333333 0.011028703703703704
1 0.6073796875 0.9630699074074075 0.010592708333333334 0.01688055555555556
1 0.4715505208333333 0.9743421296296297 0.009767708333333335 0.01720277777777778
1 0.6514161458333334 0.6320111111111111 0.004915625000000001 0.010318518518518519
1 0.7586981770833333 0.5209685185185184 0.018438020833333336 0.04193703703703704
1 0.9756614583333333 0.43551111111111107 0.007572916666666666 0.019170370370370372
1 0.9801578125 0.40449583333333333 0.006148958333333333 0.018250925925925924
1 0.9626671874999999 0.4189847222222222 0.006584375 0.012043518518518518
