2 0.5 0.5122925925925925 1.0 0.9745851851851851
1 0.17075234374999998 0.17823101851851852 0.009213020833333333 0.021276851851851852
1 0.13204557291666666 0.13848472222222222 0.0047161458333333335 0.014006481481481483
1 0.30850859375 0.46419675925925924 0.0263921875 0.03765277777777778
1 0.39801875000000003 0.09497916666666667 0.04187083333333333 0.106625
1 0.4761682291666667 0.45552037037037035 0.042961458333333334 0.1814111111111111
1 0.5055192708333334 0.35234074074074073 0.021455208333333333 0.04357037037037037
1 0.46658333333333335 0.3055805555555555 0.024833333333333332 0.04449444444444445
1 0.22066927083333335 0.6046615740740741 0.024671875 0.050063888888888894
1 0.3692046875 0.6017981481481481 0.018617708333333333 0.04618888888888889
1 0.6450794270833333 0.6182592592592593 0.05995052083333333 0.07540740740740741
1 0.6687861979166667 0.6465462962962962 0.011530729166666667 0.015314814814814814
1 0.6261434895833333 0.5997185185185185 0.012703645833333332 0.04017777777777778
1 0.6375859375 0.2635087962962963 0.01788020833333333 0.04923981481481482
1 0.7541364583333333 0.42011296296296297 0.03535625 0.04948518518518519
1 0.21928906250000002 0.26064027777777776 0.022953125 0.04720648148148148
1 0.18386145833333334 0.9295106481481481 0.00730625 0.016428703703703702
1 0.9276419270833334 0.814125462962963 0.014658854166666667 0.09121388888888889
1 0.42589036458333335 0.8356916666666667 0.0101140625 0.019531481481481483
1 0.46283124999999997 0.2151634259259259 0.0381625 0.08588240740740741
1 0.9737140624999999 0.4791208333333334 0.008886458333333335 0.043426851851851855
1 0.7181950520833333 0.22089537037037038 0.012431770833333333 0.02142037037037037
1 0.6562973958333332 0.16690185185185186 0.012594791666666666 0.01158148148148148
1 0.7373541666666666 0.168725 0.008041666666666666 0.013375925925925927
1 0.7929276041666667 0.2649925925925926 0.009813541666666667 0.01517037037037037
1 0.7771010416666667 0.23600694444444442 0.008368750000000001 0.020162037037037037
1 0.81969296875 0.18051990740740742 0.006052604166666667 0.012891666666666666
1 0.9670117187499999 0.27965740740740735 0.0090234375 0.01672222222222222
1 0.39141666666666663 0.36427037037037036 0.010958333333333332 0.011874074074074073
1 0.5387578125 0.8298444444444444 0.016057291666666664 0.018948148148148148
1 0.8909703125 0.9110273148148148 0.013190625000000001 0.05723981481481482
1 0.8915013020833332 0.8927319444444444 0.0100859375 0.020649074074074073
1 0.3377135416666667 0.906774537037037 0.03792708333333333 0.07466018518518518
1 0.5260270833333334 0.8913731481481482 0.011429166666666666 0.016079629629629628
1 0.4326424479166667 0.817475462962963 0.005909895833333333 0.007173148148148148
1 0.43650416666666664 0.8224268518518518 0.0032166666666666667 0.009668518518518519
1 0.57379296875 0.9346606481481481 0.0100859375 0.013765740740740742
1 0.5563932291666667 0.9654537037037038 0.007578125000000001 0.006833333333333334
1 0.6017528645833334 0.987574074074074 0.0055890625 0.008481481481481482
1 0.2997622395833333 0.9382763888888889 0.006816145833333333 0.009886111111111111
1 0.48318203125000003 0.558699537037037 0.0101140625 0.017399074074074074
1 0.7149257812500001 0.5954564814814814 0.0048515625 0.013135185185185186
1 0.41627604166666665 0.1570513888888889 0.007552083333333333 0.014102777777777778
1 0.36733906250000004 0.04038472222222222 0.009678125000000001 0.014102777777777778
1 0.7327598958333332 0.28276388888888887 0.004061458333333334 0.011824074074074074
1 0.64648359375 0.17970046296296296 0.0075505208333333336 0.018660185185185182
1 0.6108989583333333 0.16008657407407406 0.004089583333333333 0.009062037037037039
1 0.5799096354166667 0.35778703703703707 0.008777604166666668 0.02112962962962963
1 0.85223203125 0.9619666666666666 0.010714062500000001 0.016525925925925927
1 0.74295 0.753524537037037 0.011941666666666666 0.029271296296296295
1 0.66256171875 0.44947916666666665 0.007415104166666667 0.011921296296296296
1 0.7704419270833333 0.34484907407407406 0.0075505208333333336 0.021179629629629628
1 0.75373828125 0.3446740740740741 0.006434895833333333 0.02268148148148148
1 0.6793700520833333 0.32356342592592596 0.005615104166666667 0.008237962962962963
1 0.69714921875 0.9899481481481481 0.015131770833333334 0.020637037037037037
1 0.9384364583333333 0.7685462962962962 0.008122916666666667 0.01672222222222222
1 0.37364296874999997 0.4750662037037037 0.0045776041666666665 0.029762037037037038
1 0.3742625 0.5059300925925926 0.005816666666666666 0.017415740740740742
1 0.182675 0.7406935185185185 0.010141666666666667 0.01657222222222222
1 0.25237473958333334 0.9214625 0.008916145833333333 0.018850925925925927
1 0.22661666666666666 0.0855699074074074 0.005316666666666667 0.01928796296296296
1 0.7508927083333333 0.6887439814814814 0.00386875 0.03489537037037037
1 0.6660877604166667 0.12015740740740742 0.010300520833333333 0.07735185185185185
