2 0.49973958333333335 0.538425925925926 0.9994791666666667 0.9212962962962963
1 0.14453125 0.5277777777777778 0.0203125 0.022222222222222223
1 0.22942708333333334 0.34074074074074073 0.0140625 0.027777777777777776
1 0.08125 0.8300925925925926 0.011458333333333333 0.019444444444444445
1 0.5705729166666667 0.4166666666666667 0.0296875 0.07037037037037037
1 0.5309895833333333 0.3435185185185185 0.009895833333333333 0.016666666666666666
1 0.5466145833333333 0.29305555555555557 0.022395833333333334 0.03796296296296296
1 0.44765625 0.19490740740740742 0.019270833333333334 0.03425925925925926
1 0.434375 0.32592592592592595 0.0125 0.018518518518518517
1 0.6119791666666666 0.6324074074074074 0.03125 0.03518518518518519
1 0.7833333333333333 0.5185185185185185 0.016666666666666666 0.053703703703703705
1 0.7739583333333333 0.7754629629629629 0.010416666666666666 0.04537037037037037
1 0.4708333333333333 0.5550925925925926 0.029166666666666667 0.049074074074074076
1 0.48046875 0.12407407407407407 0.0109375 0.03333333333333333
1 0.6052083333333333 0.29953703703703705 0.008333333333333333 0.032407407407407406
1 0.6966145833333334 0.44074074074074077 0.009895833333333333 0.018518518518518517
1 0.05963541666666667 0.7245370370370371 0.016145833333333335 0.062037037037037036
