2 0.49973958333333335 0.5152777777777777 0.9994791666666667 0.9675925925925926
1 0.47708333333333336 0.27175925925925926 0.016666666666666666 0.026851851851851852
1 0.3690104166666667 0.4888888888888889 0.0171875 0.02962962962962963
1 0.37161458333333336 0.4152777777777778 0.0109375 0.023148148148148147
1 0.44427083333333334 0.4546296296296296 0.042708333333333334 0.08703703703703704
1 0.45078125 0.42268518518518516 0.018229166666666668 0.03796296296296296
1 0.25026041666666665 0.4976851851851852 0.0203125 0.03611111111111111
1 0.32135416666666666 0.08472222222222223 0.007291666666666667 0.023148148148148147
1 0.3658854166666667 0.5773148148148148 0.0171875 0.04351851851851852
1 0.34869791666666666 0.412962962962963 0.0203125 0.024074074074074074
1 0.5697916666666667 0.9319444444444445 0.009375 0.012037037037037037
1 0.6229166666666667 0.8800925925925925 0.017708333333333333 0.03611111111111111
1 0.6580729166666667 0.9796296296296296 0.0171875 0.025925925925925925
1 0.65703125 0.9259259259259259 0.0140625 0.03333333333333333
1 0.709375 0.8287037037037037 0.022916666666666665 0.03148148148148148
1 0.5744791666666667 0.7773148148148148 0.01875 0.028703703703703703
1 0.27109375 0.9388888888888889 0.016145833333333335 0.027777777777777776
1 0.67578125 0.26481481481481484 0.022395833333333334 0.053703703703703705
1 0.4158854166666667 0.13842592592592592 0.027604166666666666 0.05092592592592592
1 0.8552083333333333 0.9171296296296296 0.021875 0.03611111111111111
1 0.7796875 0.6287037037037037 0.013541666666666667 0.024074074074074074
1 0.78984375 0.5972222222222222 0.0140625 0.020370370370370372
1 0.8565104166666667 0.4787037037037037 0.0140625 0.014814814814814815
1 0.7307291666666667 0.7486111111111111 0.017708333333333333 0.032407407407407406
