2 0.5 0.547475462962963 1.0 0.9042101851851853
1 0.2940411458333333 0.5157453703703704 0.015165624999999999 0.04260185185185185
1 0.18345885416666666 0.21921481481481483 0.023167708333333332 0.04398518518518518
1 0.33515963541666666 0.25930555555555557 0.016152604166666668 0.029722222222222223
1 0.37184218750000003 0.3726587962962963 0.012434375 0.028650925925925927
1 0.5383255208333334 0.6994851851851851 0.015192708333333334 0.04526666666666666
1 0.7418010416666667 0.8915583333333333 0.02526875 0.040524074074074073
1 0.84500078125 0.30243055555555554 0.016043229166666666 0.07152777777777777
1 0.5576934895833333 0.1884861111111111 0.010178645833333333 0.05845370370370371
1 0.7478703125 0.3677125 0.013448958333333334 0.01505462962962963
1 0.45548072916666665 0.31063842592592594 0.02033645833333333 0.019424999999999998
1 0.6957684895833334 0.8404615740740741 0.016536979166666667 0.02536759259259259
1 0.4887783854166667 0.8163800925925926 0.011931770833333332 0.016093518518518517
1 0.5320934895833334 0.23918703703703703 0.019395312499999998 0.04318888888888889
1 0.11016484375 0.8518490740740741 0.005746354166666666 0.037031481481481485
