2 0.5 0.5379175925925926 1.0 0.9239833333333334
1 0.44000703125 0.09404953703703703 0.031055729166666667 0.04180277777777778
1 0.5037481770833333 0.1945824074074074 0.0220796875 0.02435
1 0.44512109375000003 0.7529092592592593 0.0121171875 0.04655925925925926
1 0.45299505208333335 0.7114699074074075 0.019531770833333333 0.022939814814814812
1 0.22822812499999998 0.605336574074074 0.019997916666666667 0.04771018518518519
1 0.3398307291666667 0.6404333333333333 0.012994791666666667 0.019755555555555554
1 0.47294427083333335 0.4661712962962963 0.017763541666666667 0.05271296296296296
1 0.045006770833333334 0.5680550925925926 0.018138541666666667 0.05462870370370371
1 0.19395494791666668 0.17452777777777778 0.013951562499999999 0.030537037037037033
1 0.13040390625 0.31236296296296295 0.014974479166666667 0.024725925925925926
1 0.21772213541666666 0.4592824074074074 0.0146109375 0.02967592592592592
1 0.20687369791666665 0.4243208333333333 0.009580729166666666 0.03938240740740741
1 0.97590546875 0.42964953703703707 0.010144270833333333 0.040780555555555556
