2 0.5 0.5704639756944445 1.0 0.8596779513888889
1 0.928152099609375 0.730040798611111 0.01255419921875 0.024317708333333334
1 0.48494482421875 0.34938498263888884 0.0372724609375 0.04946440972222222
1 0.485795654296875 0.3061796875 0.01065380859375 0.025553819444444445
1 0.696988037109375 0.6282408854166667 0.01995263671875 0.04467621527777778
1 0.91563623046875 0.8462352430555556 0.0148662109375 0.032748263888888886
1 0.350607177734375 0.5348233506944444 0.01664404296875 0.026243923611111112
1 0.521888671875 0.5326432291666667 0.02326953125 0.03056423611111111
1 0.4773515625 0.5804092881944444 0.0064609375 0.009776909722222222
1 0.440888916015625 0.5675290798611111 0.00873095703125 0.015266493055555556
1 0.1522861328125 0.925017361111111 0.009650390625 0.02017361111111111
