2 0.5054713541666667 0.5604337962962963 0.9890677083333334 0.878275
1 0.5393294270833333 0.4877134259259259 0.039075520833333335 0.05690833333333333
1 0.5153091145833334 0.3591166666666667 0.014993229166666667 0.027492592592592593
1 0.7477479166666666 0.9269384259259259 0.011120833333333333 0.02054351851851852
1 0.48184296875 0.7747708333333334 0.0168109375 0.027319444444444445
1 0.43857031249999995 0.8471902777777778 0.015682291666666667 0.03141759259259259
1 0.31425546875 0.7306189814814814 0.0128859375 0.01864537037037037
1 0.8500031250000001 0.2144337962962963 0.020839583333333335 0.01590462962962963
1 0.8707572916666667 0.5771421296296296 0.015472916666666666 0.03206203703703704
1 0.9357799479166666 0.2494259259259259 0.008018229166666667 0.021074074074074075
1 0.9226351562499999 0.5690319444444444 0.0108953125 0.01769351851851852
1 0.39234583333333334 0.7860314814814815 0.010733333333333334 0.02947037037037037
