2 0.49973958333333335 0.5462962962962963 0.9994791666666667 0.9055555555555556
2 0.021614583333333333 0.15833333333333333 0.0234375 0.025925925925925925
1 0.19375 0.3365740740740741 0.009375 0.017592592592592594
1 0.18072916666666666 0.3402777777777778 0.009375 0.025
1 0.2674479166666667 0.3162037037037037 0.018229166666666668 0.049074074074074076
1 0.2734375 0.22824074074074074 0.005208333333333333 0.01574074074074074
1 0.13098958333333333 0.42685185185185187 0.016145833333333335 0.027777777777777776
1 0.09505208333333333 0.425 0.013020833333333334 0.02962962962962963
1 0.13541666666666666 0.5236111111111111 0.007291666666666667 0.017592592592592594
1 0.04348958333333333 0.7314814814814815 0.005729166666666666 0.03888888888888889
1 0.03619791666666667 0.7898148148148149 0.005729166666666666 0.016666666666666666
1 0.5416666666666666 0.7902777777777777 0.03125 0.03981481481481482
1 0.5458333333333333 0.8546296296296296 0.016666666666666666 0.012962962962962963
1 0.6611979166666667 0.8648148148148148 0.011979166666666667 0.03148148148148148
1 0.47421875 0.7337962962962963 0.0171875 0.041666666666666664
1 0.4747395833333333 0.7425925925925926 0.0171875 0.020370370370370372
1 0.47890625 0.5018518518518519 0.0140625 0.04814814814814815
1 0.45234375 0.49722222222222223 0.022395833333333334 0.037037037037037035
1 0.5635416666666667 0.3837962962962963 0.014583333333333334 0.03796296296296296
1 0.39348958333333334 0.3162037037037037 0.016145833333333335 0.030555555555555555
1 0.32838541666666665 0.26851851851851855 0.005729166666666666 0.011111111111111112
1 0.62890625 0.2111111111111111 0.008854166666666666 0.014814814814814815
1 0.5994791666666667 0.2523148148148148 0.010416666666666666 0.010185185185185186
1 0.7059895833333333 0.2935185185185185 0.005729166666666666 0.007407407407407408
1 0.7458333333333333 0.23333333333333334 0.00625 0.012962962962962963
1 0.68203125 0.22870370370370371 0.0036458333333333334 0.009259259259259259
1 0.9388020833333334 0.6925925925925925 0.0109375 0.04259259259259259
1 0.9153645833333334 0.913425925925926 0.011979166666666667 0.019444444444444445
1 0.9229166666666667 0.8736111111111111 0.008333333333333333 0.023148148148148147
1 0.9377604166666667 0.9199074074074074 0.0078125 0.030555555555555555
1 0.8388020833333333 0.9342592592592592 0.009895833333333333 0.009259259259259259
1 0.9423515625000001 0.4808481481481482 0.006578125000000001 0.03577037037037037
1 0.946875 0.5064814814814815 0.008333333333333333 0.024074074074074074
1 0.9528645833333333 0.31666666666666665 0.0067708333333333336 0.018518518518518517
1 0.48151041666666666 0.6703703703703704 0.0140625 0.03888888888888889
1 0.48984375 0.6898148148148148 0.009895833333333333 0.016666666666666666
1 0.5494791666666666 0.6884259259259259 0.005208333333333333 0.006481481481481481
1 0.14322916666666666 0.8625 0.015625 0.028703703703703703
1 0.27760416666666665 0.9268518518518518 0.004166666666666667 0.009259259259259259
1 0.57265625 0.9972222222222222 0.0067708333333333336 0.003703703703703704
1 0.5088541666666667 0.9976851851851852 0.008333333333333333 0.002777777777777778
