2 0.49973958333333335 0.5328703703703703 0.9994791666666667 0.9324074074074075
1 0.20651041666666667 0.6722222222222223 0.011979166666666667 0.046296296296296294
1 0.27291666666666664 0.725462962962963 0.017708333333333333 0.05092592592592592
1 0.5354166666666667 0.9578703703703704 0.028125 0.03981481481481482
1 0.478125 0.42916666666666664 0.017708333333333333 0.04722222222222222
1 0.4783854166666667 0.20185185185185187 0.0140625 0.022222222222222223
1 0.28151041666666665 0.6180555555555556 0.0078125 0.030555555555555555
1 0.4908854166666667 0.7125 0.024479166666666666 0.032407407407407406
1 0.4671875 0.6726851851851852 0.008333333333333333 0.026851851851851852
1 0.15338541666666666 0.29907407407407405 0.015104166666666667 0.03518518518518519
1 0.9533854166666667 0.5237962962962963 0.015104166666666667 0.032777777777777774
1 0.20989583333333334 0.48333333333333334 0.009375 0.018518518518518517
