2 0.4782182291666667 0.4053425925925926 0.9564364583333334 0.8106851851851852
1 0.8671726562500001 0.5778384259259259 0.016636979166666666 0.05197314814814815
1 0.59556328125 0.7180305555555555 0.008834895833333333 0.011987037037037037
1 0.56769609375 0.7722819444444444 0.024975520833333334 0.06493425925925926
1 0.5732625 0.7569175925925926 0.01215 0.032353703703703704
1 0.5312786458333333 0.6484277777777778 0.042765625 0.07092962962962963
1 0.5195559895833334 0.589225 0.032861979166666666 0.07659814814814815
1 0.5276072916666666 0.5810166666666667 0.01979791666666667 0.026848148148148145
1 0.5096072916666666 0.6032773148148148 0.011922916666666667 0.04729537037037037
1 0.5344244791666667 0.48426620370370377 0.007390625 0.016680555555555556
1 0.5061388020833334 0.5384231481481481 0.010194270833333333 0.037957407407407405
1 0.477909375 0.48101712962962967 0.009985416666666667 0.019441666666666666
1 0.4944020833333333 0.5443287037037037 0.008595833333333334 0.03125
1 0.4504734375 0.5767833333333334 0.009280208333333335 0.04986296296296296
1 0.40755598958333333 0.5185986111111112 0.009903645833333334 0.011271296296296297
1 0.4421963541666667 0.43607824074074075 0.004184375000000001 0.007341666666666667
1 0.43831276041666667 0.4625560185185185 0.0037088541666666667 0.0065935185185185185
1 0.2982432291666666 0.4845800925925926 0.02773645833333333 0.05990092592592593
1 0.31259010416666666 0.4920712962962963 0.011638541666666667 0.02303148148148148
1 0.2982533854166666 0.5564550925925926 0.011090104166666667 0.02587314814814815
1 0.27488359375 0.5902740740740741 0.01747552083333333 0.050918518518518516
1 0.3026036458333333 0.7236101851851852 0.008332291666666667 0.013887037037037036
1 0.2729973958333333 0.7263944444444445 0.012661458333333332 0.03427037037037037
1 0.24829453125 0.7555689814814814 0.011172395833333333 0.03706388888888889
1 0.2757028645833334 0.40707916666666666 0.014947395833333333 0.036380555555555555
1 0.1780875 0.3520273148148148 0.013466666666666667 0.031832407407407406
1 0.16511223958333332 0.4157939814814815 0.012516145833333332 0.04269907407407408
1 0.29711302083333335 0.017108796296296296 0.018184375 0.03421759259259259
1 0.3127872395833334 0.007462962962962962 0.004741145833333333 0.011222222222222222
1 0.31143932291666665 0.010655092592592593 0.009336979166666667 0.017606481481481483
1 0.13410468749999999 0.2699787037037037 0.009876041666666667 0.017735185185185184
1 0.03023515625 0.09438657407407407 0.0073453125 0.014699074074074074
1 0.13229583333333333 0.09450787037037037 0.006258333333333334 0.013089814814814815
1 0.013124739583333333 0.14211157407407407 0.0074994791666666664 0.023112037037037035
1 0.008871875 0.1805625 0.00524375 0.012976851851851852
1 0.005751302083333334 0.25604027777777777 0.006294270833333334 0.032450925925925925
1 0.02415572916666667 0.334975462962963 0.018103125 0.1014324074074074
1 0.02635104166666667 0.30318101851851853 0.014160416666666667 0.039695370370370374
1 0.01884036458333333 0.37647638888888885 0.0074723958333333335 0.019619444444444443
1 0.053740625 0.41481250000000003 0.008522916666666666 0.027773148148148148
1 0.022234635416666666 0.3998847222222222 0.010094270833333334 0.029399074074074074
1 0.046084375 0.46342407407407404 0.00466875 0.021292592592592592
1 0.02425 0.4532069444444445 0.007875 0.017525
1 0.01001328125 0.4999893518518519 0.008568229166666667 0.033312037037037036
1 0.03416875 0.5231069444444445 0.003754166666666667 0.012880555555555555
1 0.060928125 0.5462796296296296 0.004147916666666667 0.0073740740740740746
1 0.06222083333333333 0.6051560185185185 0.007775000000000001 0.015867592592592593
1 0.0372796875 0.5986736111111111 0.008934375 0.030680555555555555
1 0.09296380208333334 0.6411703703703704 0.005719270833333333 0.015674074074074076
1 0.07204661458333333 0.6297046296296297 0.0055515625 0.014964814814814814
1 0.07032578125 0.690300925925926 0.005234895833333334 0.013935185185185186
