2 0.49973958333333335 0.5185185185185185 0.9994791666666667 0.9611111111111111
1 0.31328125 0.3685185185185185 0.016145833333333335 0.04259259259259259
1 0.2328125 0.4777777777777778 0.017708333333333333 0.02962962962962963
1 0.2596354166666667 0.4976851851851852 0.008854166666666666 0.028703703703703703
1 0.15234375 0.5375 0.011979166666666667 0.026851851851851852
1 0.20416666666666666 0.6449074074074074 0.009375 0.023148148148148147
1 0.5291666666666667 0.42407407407407405 0.0125 0.020370370370370372
1 0.3177083333333333 0.7569444444444444 0.020833333333333332 0.021296296296296296
1 0.5276041666666667 0.7268518518518519 0.0125 0.018518518518518517
1 0.6192708333333333 0.7421296296296296 0.0125 0.03425925925925926
1 0.6096354166666667 0.6416666666666667 0.011979166666666667 0.044444444444444446
1 0.31640625 0.5925925925925926 0.0078125 0.025925925925925925
1 0.15286458333333333 0.9731481481481481 0.008854166666666666 0.018518518518518517
1 0.7010416666666667 0.8634259259259259 0.015625 0.025
1 0.7611979166666667 0.8791666666666667 0.0203125 0.041666666666666664
1 0.7765625 0.9333333333333333 0.020833333333333332 0.040740740740740744
1 0.7677083333333333 0.9916666666666667 0.015625 0.014814814814814815
1 0.8174479166666667 0.8898148148148148 0.0171875 0.04259259259259259
1 0.8015625 0.8166666666666667 0.0125 0.025925925925925925
1 0.7924479166666667 0.5430555555555555 0.018229166666666668 0.062037037037037036
1 0.9651041666666667 0.42962962962962964 0.009375 0.025925925925925925
1 0.9104166666666667 0.2916666666666667 0.008333333333333333 0.018518518518518517
1 0.6471354166666666 0.5287037037037037 0.015104166666666667 0.053703703703703705
1 0.7348958333333333 0.5287037037037037 0.016666666666666666 0.05740740740740741
1 0.8247395833333333 0.49212962962962964 0.013020833333333334 0.028703703703703703
1 0.9880208333333333 0.28935185185185186 0.004166666666666667 0.017592592592592594
1 0.8138020833333334 0.45740740740740743 0.0078125 0.012962962962962963
1 0.42421875 0.08518518518518518 0.0421875 0.06666666666666667
1 0.33203125 0.07916666666666666 0.0109375 0.04537037037037037
1 0.34791666666666665 0.10740740740740741 0.013541666666666667 0.022222222222222223
1 0.49765625 0.18935185185185185 0.016145833333333335 0.021296296296296296
1 0.67265625 0.2513888888888889 0.009895833333333333 0.023148148148148147
1 0.9294270833333333 0.21944444444444444 0.0046875 0.040740740740740744
