1 0.49973958333333335 0.49953703703703706 0.9994791666666667 0.9990740740740741
1 0.49973958333333335 0.5185185185185185 0.9994791666666667 0.9611111111111111
1 0.49973958333333335 0.5189814814814815 0.9994791666666667 0.9601851851851851
1 0.49973958333333335 0.5208333333333334 0.9994791666666667 0.9564814814814815
1 0.13776041666666666 0.13703703703703704 0.016145833333333335 0.04259259259259259
1 0.014322916666666666 0.42962962962962964 0.008854166666666666 0.024074074074074074
1 0.11848958333333333 0.36574074074074076 0.015104166666666667 0.040740740740740744
1 0.06875 0.6439814814814815 0.0125 0.04351851851851852
1 0.07421875 0.5148148148148148 0.015104166666666667 0.04259259259259259
1 0.27786458333333336 0.08703703703703704 0.015104166666666667 0.03148148148148148
1 0.2942708333333333 0.14351851851851852 0.010416666666666666 0.037037037037037035
1 0.32005208333333335 0.08611111111111111 0.0109375 0.024074074074074074
1 0.5510416666666667 0.3486111111111111 0.019791666666666666 0.03425925925925926
1 0.8088541666666667 0.9069444444444444 0.029166666666666667 0.18425925925925926
1 0.8630208333333333 0.874537037037037 0.015625 0.03425925925925926
1 0.9114583333333334 0.8675925925925926 0.03229166666666667 0.10555555555555556
1 0.15416666666666667 0.9194444444444444 0.007291666666666667 0.011111111111111112
1 0.21484375 0.9203703703703704 0.015104166666666667 0.03333333333333333
1 0.03697916666666667 0.9125 0.013541666666666667 0.028703703703703703
1 0.8940104166666667 0.1925925925925926 0.009895833333333333 0.024074074074074074
1 0.8348958333333333 0.412962962962963 0.009375 0.005555555555555556
1 0.84140625 0.4064814814814815 0.0015625 0.005555555555555556
1 0.91015625 0.45185185185185184 0.013020833333333334 0.025925925925925925
1 0.9151041666666667 0.33101851851851855 0.017708333333333333 0.03981481481481482
1 0.7213541666666666 0.43472222222222223 0.016666666666666666 0.028703703703703703
1 0.5637669270833333 0.6212962962962963 0.015033854166666666 0.016666666666666666
1 0.584375 0.6958333333333333 0.009375 0.01574074074074074
1 0.64375 0.5981481481481481 0.016666666666666666 0.040740740740740744
1 0.7442708333333333 0.5462962962962963 0.017708333333333333 0.03518518518518519
1 0.3497395833333333 0.5912037037037037 0.015104166666666667 0.04722222222222222
1 0.38984375 0.5365740740740741 0.0203125 0.03611111111111111
1 0.8416666666666667 0.700925925925926 0.041666666666666664 0.08888888888888889
1 0.5708333333333333 0.9166666666666666 0.01875 0.018518518518518517
1 0.6184895833333334 0.9208333333333333 0.0078125 0.013888888888888888
1 0.5411458333333333 0.8611111111111112 0.016666666666666666 0.046296296296296294
1 0.6216145833333333 0.8875 0.013020833333333334 0.017592592592592594
1 0.5606770833333333 0.1638888888888889 0.0078125 0.011111111111111112
1 0.5661458333333333 0.13425925925925927 0.011458333333333333 0.025925925925925925
1 0.38046875 0.45092592592592595 0.0078125 0.014814814814814815
1 0.4127604166666667 0.42453703703703705 0.016145833333333335 0.032407407407407406
1 0.3341145833333333 0.22314814814814815 0.005729166666666666 0.011111111111111112
1 0.8385416666666666 0.5458333333333333 0.00625 0.013888888888888888
1 0.88671875 0.5884259259259259 0.009895833333333333 0.01574074074074074
1 0.8703125 0.5143518518518518 0.011458333333333333 0.013888888888888888
1 0.8213541666666667 0.48703703703703705 0.010416666666666666 0.025925925925925925
1 0.8981770833333333 0.48009259259259257 0.015104166666666667 0.026851851851851852
1 0.8015625 0.6592592592592592 0.019791666666666666 0.044444444444444446
1 0.84765625 0.8018518518518518 0.0234375 0.022222222222222223
1 0.56875 0.8476851851851852 0.013541666666666667 0.019444444444444445
1 0.6479166666666667 0.8143518518518519 0.008333333333333333 0.019444444444444445
1 0.68125 0.825462962962963 0.008333333333333333 0.017592592592592594
1 0.91484375 0.7194444444444444 0.009895833333333333 0.03148148148148148
1 0.4791666666666667 0.6097222222222223 0.00625 0.025
1 0.6622395833333333 0.7837962962962963 0.0109375 0.008333333333333333
1 0.9815104166666667 0.9375 0.008854166666666666 0.019444444444444445
1 0.41848958333333336 0.5680555555555555 0.013020833333333334 0.032407407407407406
1 0.046614583333333334 0.1625 0.09322916666666667 0.1361111111111111
1 0.30564817708333336 0.35833333333333334 0.0071296875 0.007407407407407408
1 0.30885416666666665 0.36546296296296293 0.005208333333333333 0.008703703703703705
1 0.032552083333333336 0.2847222222222222 0.013020833333333334 0.023148148148148147
