2 0.5 0.5083500000000001 1.0 0.9833666666666667
1 0.4806872395833333 0.3567300925925926 0.0228328125 0.05420092592592592
1 0.415396875 0.42192268518518516 0.02454375 0.06791944444444444
1 0.452634375 0.4076287037037037 0.010477083333333333 0.015257407407407409
1 0.5671950520833333 0.4790662037037037 0.019806770833333334 0.05442870370370371
1 0.4005473958333334 0.6946745370370371 0.025053125 0.065275
1 0.30228932291666666 0.5755037037037037 0.0087453125 0.02137777777777778
1 0.2954908854166666 0.6558768518518518 0.022231770833333334 0.05064259259259259
1 0.17252656249999998 0.8057240740740741 0.007553125 0.024411111111111113
1 0.04620859375 0.7019097222222223 0.010125520833333334 0.01863425925925926
1 0.2159940104166667 0.9206527777777778 0.006988020833333333 0.009824074074074074
1 0.20546770833333333 0.9127199074074074 0.0067687500000000005 0.01988425925925926
1 0.34188541666666666 0.8804800925925926 0.008770833333333334 0.01651574074074074
1 0.3569622395833333 0.9047680555555555 0.018091145833333332 0.044721296296296294
1 0.5331515625 0.9536435185185185 0.020469791666666667 0.02950925925925926
1 0.7101817708333333 0.8801481481481481 0.035988541666666665 0.05288888888888889
1 0.7064091145833333 0.8808458333333333 0.029484895833333333 0.035765740740740744
1 0.749559375 0.9690564814814814 0.02724375 0.023298148148148148
1 0.9512244791666667 0.729474074074074 0.008698958333333335 0.036725925925925926
1 0.9815158854166667 0.7381768518518519 0.005740104166666667 0.02079814814814815
1 0.9789546875 0.5643356481481481 0.014159375 0.03793055555555556
1 0.9888210937499999 0.35253935185185187 0.022433854166666666 0.06248611111111111
1 0.9835799479166667 0.31731111111111115 0.0067432291666666665 0.01425185185185185
1 0.8890864583333333 0.34778287037037037 0.0052562500000000005 0.01593611111111111
1 0.7557015625 0.3890527777777778 0.01973645833333333 0.03180925925925926
1 0.7810210937500001 0.2499212962962963 0.025583854166666666 0.01836111111111111
1 0.6447942708333334 0.24981435185185188 0.023963541666666664 0.0496287037037037
1 0.6036119791666666 0.10182175925925926 0.016598958333333334 0.01660648148148148
1 0.4600953125 0.39881944444444445 0.011857291666666665 0.01800925925925926
1 0.5554828125 0.4774351851851852 0.010965625 0.019685185185185188
1 0.6252552083333334 0.4256486111111111 0.014052083333333333 0.025371296296296295
1 0.6752059895833333 0.5577009259259259 0.006661979166666667 0.015401851851851852
1 0.6543471354166667 0.8279037037037037 0.008694270833333333 0.015066666666666666
1 0.28928359374999996 0.863987962962963 0.0129421875 0.015012962962962962
1 0.20251432291666666 0.315512962962963 0.012320312500000001 0.032877777777777784
