2 0.49973958333333335 0.5314814814814814 0.9994791666666667 0.937037037037037
2 0.04895833333333333 0.8449074074074074 0.09791666666666667 0.30833333333333335
1 0.07291666666666667 0.5287037037037037 0.008333333333333333 0.020370370370370372
1 0.2596354166666667 0.638425925925926 0.011979166666666667 0.023148148148148147
1 0.2596354166666667 0.6393518518518518 0.013020833333333334 0.025
1 0.23463541666666668 0.34814814814814815 0.009895833333333333 0.018518518518518517
1 0.36015625 0.4930555555555556 0.0171875 0.04537037037037037
1 0.30520833333333336 0.40879629629629627 0.008333333333333333 0.021296296296296296
1 0.30703125 0.8282407407407407 0.011979166666666667 0.030555555555555555
1 0.7067708333333333 0.1986111111111111 0.010416666666666666 0.03425925925925926
1 0.6625 0.586574074074074 0.011458333333333333 0.017592592592592594
1 0.6752604166666667 0.5310185185185186 0.030729166666666665 0.058333333333333334
1 0.9333333333333333 0.47175925925925927 0.011458333333333333 0.030555555555555555
1 0.55546875 0.5439814814814815 0.009895833333333333 0.004629629629629629
1 0.6830729166666667 0.6712962962962963 0.0046875 0.022222222222222223
1 0.5557291666666667 0.7819444444444444 0.00625 0.017592592592592594
1 0.49583333333333335 0.7106481481481481 0.010416666666666666 0.01574074074074074
1 0.6213541666666667 0.8203703703703704 0.009375 0.014814814814814815
1 0.6044270833333333 0.9282407407407407 0.0140625 0.019444444444444445
1 0.7309895833333333 0.875 0.0109375 0.022222222222222223
1 0.8885416666666667 0.9648148148148148 0.013541666666666667 0.027777777777777776
1 0.9307291666666667 0.6486111111111111 0.005208333333333333 0.010185185185185186
1 0.17135416666666667 0.8606481481481482 0.007291666666666667 0.013888888888888888
1 0.16588541666666667 0.9263888888888889 0.0078125 0.008333333333333333
1 0.3171875 0.887962962962963 0.009375 0.011111111111111112
1 0.315625 0.9009259259259259 0.0125 0.012962962962962963
