2 0.49973958333333335 0.4847222222222222 0.9994791666666667 0.9675925925925926
1 0.17916666666666667 0.3523148148148148 0.014583333333333334 0.030555555555555555
1 0.27890625 0.07962962962962963 0.0078125 0.04259259259259259
1 0.4786458333333333 0.4310185185185185 0.009375 0.030555555555555555
1 0.23567708333333334 0.43472222222222223 0.008854166666666666 0.05277777777777778
1 0.32317708333333334 0.11666666666666667 0.009895833333333333 0.025925925925925925
1 0.66640625 0.01712962962962963 0.0140625 0.026851851851851852
1 0.7552083333333334 0.25787037037037036 0.008333333333333333 0.01574074074074074
1 0.7916666666666666 0.7055555555555556 0.01875 0.04259259259259259
1 0.95234375 0.6157407407407407 0.0067708333333333336 0.012962962962962963
1 0.9510416666666667 0.6407407407407407 0.007291666666666667 0.027777777777777776
1 0.4705729166666667 0.711574074074074 0.016145833333333335 0.019444444444444445
1 0.540625 0.9449074074074074 0.015625 0.03611111111111111
1 0.023697916666666666 0.44722222222222224 0.005729166666666666 0.020370370370370372
