2 0.49973958333333335 0.549074074074074 0.9994791666666667 0.9
1 0.11302083333333333 0.9217592592592593 0.027083333333333334 0.041666666666666664
1 0.4375 0.9259259259259259 0.011458333333333333 0.020370370370370372
1 0.05572916666666667 0.7935185185185185 0.0125 0.040740740740740744
1 0.9919270833333333 0.5699074074074074 0.008854166666666666 0.019444444444444445
1 0.6135416666666667 0.3111111111111111 0.010416666666666666 0.025925925925925925
1 0.8403645833333333 0.2310185185185185 0.013020833333333334 0.03611111111111111
1 0.3028645833333333 0.5111111111111111 0.0067708333333333336 0.025925925925925925
1 0.44895833333333335 0.7703703703703704 0.010416666666666666 0.022222222222222223
1 0.4739583333333333 0.27870370370370373 0.007291666666666667 0.053703703703703705
1 0.0939453125 0.6475115740740741 0.020182291666666668 0.046875
