2 0.5 0.44964166666666666 1.0 0.8992833333333333
1 0.58678515625 0.43012361111111114 0.02461197916666667 0.038025
1 0.5868229166666666 0.4306203703703704 0.02364583333333333 0.03716666666666667
1 0.6751825520833333 0.38493796296296295 0.029531770833333335 0.05135740740740741
1 0.5867 0.34487361111111114 0.021316666666666664 0.04345092592592593
1 0.5606572916666667 0.424762037037037 0.01610625 0.019894444444444444
1 0.1265984375 0.7218375 0.009446875 0.041823148148148144
1 0.11775807291666666 0.7465921296296296 0.0084328125 0.022813888888888887
1 0.11257656249999999 0.7779194444444445 0.017861458333333333 0.04287592592592592
1 0.5891489583333333 0.7262106481481482 0.012672916666666667 0.03205092592592593
1 0.0362015625 0.15489537037037038 0.011986458333333333 0.020901851851851852
1 0.044746875 0.20981111111111111 0.01136875 0.025177777777777778
1 0.13051953125 0.3912513888888889 0.012080729166666667 0.032502777777777776
1 0.16115078124999999 0.576949537037037 0.008759895833333333 0.026121296296296295
1 0.39991171875000003 0.6980773148148148 0.0185734375 0.03133981481481481
1 0.7399875 0.17653425925925928 0.016433333333333335 0.040105555555555554
1 0.46508515624999996 0.05113935185185185 0.015586979166666666 0.01894537037037037
1 0.6241005208333333 0.44183564814814813 0.022159375 0.020708333333333332
1 0.6947169270833334 0.6781583333333334 0.013392187500000001 0.04890925925925926
1 0.6949518229166666 0.017862962962962966 0.007611979166666667 0.017207407407407407
1 0.38486744791666666 0.4292097222222222 0.0082765625 0.017678703703703703
1 0.11549921875 0.4222921296296296 0.0091234375 0.022362037037037038
1 0.42061692708333337 0.7124319444444445 0.02352552083333333 0.021160185185185188
1 0.4804861979166667 0.7998972222222223 0.010972395833333334 0.03127592592592592
1 0.6397614583333334 0.10184490740740741 0.007647916666666667 0.024060185185185184
1 0.45209401041666664 0.22619166666666668 0.01668802083333333 0.03942037037037037
1 0.09428932291666667 0.43552175925925923 0.014620312500000001 0.008080555555555556
1 0.24445338541666667 0.6747777777777778 0.0055734375 0.04955555555555556
1 0.25479843750000003 0.7316495370370371 0.017930208333333333 0.013299074074074074
1 0.6924721354166666 0.4923944444444444 0.009944270833333333 0.021825925925925926
1 0.15491901041666667 0.5069574074074075 0.008796354166666666 0.015766666666666665
1 0.6074294270833334 0.03946388888888889 0.006525520833333334 0.014112962962962964
