2 0.49973958333333335 0.525 0.9994791666666667 0.9481481481481482
2 0.8817708333333333 0.29305555555555557 0.21458333333333332 0.13425925925925927
1 0.23515625 0.6166666666666667 0.0171875 0.046296296296296294
1 0.23463541666666668 0.3773148148148148 0.011979166666666667 0.021296296296296296
1 0.39453125 0.2875 0.0203125 0.04351851851851852
1 0.41328125 0.6712962962962963 0.0359375 0.06666666666666667
1 0.37838541666666664 0.9740740740740741 0.015104166666666667 0.02962962962962963
1 0.3489583333333333 0.9254629629629629 0.026041666666666668 0.04537037037037037
1 0.73359375 0.3175925925925926 0.0140625 0.024074074074074074
1 0.140625 0.5453703703703704 0.011458333333333333 0.022222222222222223
1 0.18098958333333334 0.7578703703703704 0.018229166666666668 0.05462962962962963
1 0.86484375 0.49027777777777776 0.021354166666666667 0.03796296296296296
1 0.44583333333333336 0.7949074074074074 0.040625 0.03796296296296296
1 0.24557291666666667 0.6842592592592592 0.0109375 0.024074074074074074
1 0.4434895833333333 0.9597222222222223 0.011979166666666667 0.028703703703703703
1 0.46484375 0.9532407407407407 0.011979166666666667 0.01574074074074074
1 0.859375 0.7236111111111111 0.008333333333333333 0.019444444444444445
1 0.32760416666666664 0.6555555555555556 0.011458333333333333 0.027777777777777776
