2 0.5 0.5 1.0 1.0
1 0.14832291666666667 0.09956203703703703 0.0133125 0.050975925925925925
1 0.4914270833333333 0.13908194444444447 0.017229166666666667 0.035571296296296295
1 0.48231145833333333 0.10402731481481482 0.01358125 0.02657314814814815
1 0.52110703125 0.10216712962962964 0.044297395833333336 0.15803796296296296
1 0.5462039062499999 0.059375 0.014282812499999999 0.029861111111111113
1 0.5249611979166667 0.24810740740740742 0.012422395833333332 0.014733333333333334
1 0.5833979166666666 0.20637546296296297 0.0365875 0.06830648148148148
1 0.5671164062499999 0.2079125 0.023816145833333333 0.034343518518518516
1 0.6238497395833333 0.25240833333333335 0.014366145833333333 0.021483333333333333
1 0.6503278645833334 0.17662407407407407 0.019405729166666667 0.045840740740740744
1 0.6486091145833334 0.35903564814814815 0.0086765625 0.016219444444444443
1 0.6616656249999999 0.6098837962962963 0.018122916666666666 0.0345824074074074
1 0.6365934895833333 0.5407875000000001 0.008603645833333333 0.014908333333333332
1 0.6167291666666667 0.6905125 0.008458333333333333 0.01991388888888889
1 0.60251640625 0.6599916666666668 0.012324479166666668 0.01813148148148148
1 0.6461346354166667 0.7885314814814816 0.027685937499999997 0.06224814814814814
1 0.6390781249999999 0.7681916666666667 0.012531249999999999 0.028975925925925926
1 0.5841101562500001 0.8067203703703704 0.014053645833333333 0.02455185185185185
1 0.6143549479166667 0.8754601851851851 0.0141265625 0.028698148148148146
1 0.5982960937499999 0.845788425925926 0.007008854166666667 0.010095370370370371
1 0.83688359375 0.8395481481481482 0.0081421875 0.05131851851851852
1 0.8047919270833332 0.7219180555555555 0.0085421875 0.029021296296296295
1 0.8446729166666667 0.7146032407407407 0.0122625 0.03291018518518518
1 0.96685078125 0.46123564814814816 0.022243229166666666 0.0650638888888889
1 0.9229973958333333 0.5974722222222222 0.008494791666666666 0.03383333333333333
1 0.9602341145833333 0.7437685185185186 0.015259895833333334 0.03383333333333333
1 0.9875942708333334 0.7734018518518518 0.016855208333333333 0.022729629629629627
1 0.9372455729166667 0.9143486111111111 0.0099078125 0.021289814814814813
1 0.950846875 0.8321583333333333 0.005860416666666667 0.010612962962962963
1 0.895321875 0.6677083333333333 0.0073104166666666665 0.011342592592592593
