2 0.5 0.4609824074074074 1.0 0.9219648148148148
1 0.093365625 0.4755064814814815 0.019022916666666667 0.036198148148148146
1 0.030529427083333335 0.4601773148148148 0.0100171875 0.025910185185185185
1 0.01944947916666667 0.22422175925925927 0.010773958333333333 0.026221296296296295
1 0.005137239583333333 0.34402222222222223 0.005066145833333333 0.025081481481481482
1 0.24959218749999998 0.44145972222222224 0.016892708333333332 0.042178703703703704
1 0.33843828125000003 0.3565888888888889 0.011251562500000001 0.01873333333333333
1 0.17616770833333334 0.4693111111111111 0.00441875 0.012696296296296296
1 0.6297567708333334 0.449749537037037 0.011596875 0.025425
1 0.9732093749999999 0.1293875 0.02141875 0.07173796296296296
1 0.8760739583333332 0.7362175925925926 0.013606249999999999 0.022435185185185186
1 0.6975205729166666 0.47962222222222217 0.0085828125 0.02405925925925926
1 0.3456888020833333 0.4960537037037038 0.008044270833333334 0.019885185185185183
1 0.09217708333333333 0.5288143518518519 0.004145833333333333 0.007628703703703704
1 0.2506276041666667 0.6942782407407407 0.007505208333333333 0.014482407407407407
1 0.4521354166666667 0.8408824074074074 0.008437499999999999 0.013246296296296296
1 0.7878372395833334 0.5941018518518518 0.0058828125 0.028944444444444446
