2 0.4833997395833334 0.5987263888888888 0.9667994791666668 0.8030083333333333
2 0.08678854166666666 0.8825481481481482 0.16732708333333332 0.23546666666666666
2 0.026921614583333333 0.9733027777777777 0.04446822916666667 0.054012962962962964
1 0.24881432291666666 0.30282916666666665 0.023670312500000002 0.0686212962962963
1 0.5808283854166666 0.31428518518518517 0.010615104166666667 0.02671851851851852
1 0.58435625 0.49396435185185184 0.008295833333333334 0.01570648148148148
1 0.6393588541666666 0.7995601851851851 0.0068427083333333335 0.012083333333333335
1 0.20964322916666667 0.5972194444444444 0.018244791666666666 0.037031481481481485
1 0.13941328125 0.7074138888888888 0.007993229166666666 0.022235185185185184
1 0.09137786458333334 0.8051069444444444 0.0129640625 0.021325
1 0.21669270833333334 0.7750222222222222 0.014635416666666668 0.02597037037037037
1 0.15574661458333333 0.9579337962962964 0.009409895833333333 0.015867592592592593
1 0.007130729166666666 0.8736092592592593 0.005928125 0.021292592592592592
1 0.035434114583333336 0.40843703703703704 0.0104515625 0.016874074074074073
1 0.14584635416666666 0.42412824074074074 0.008359375 0.031589814814814814
1 0.18883333333333333 0.382 0.005791666666666666 0.010296296296296295
1 0.16894166666666666 0.3579902777777778 0.008716666666666668 0.01968425925925926
1 0.0388015625 0.6505023148148148 0.007811458333333333 0.012115740740740741
1 0.1619875 0.6569189814814814 0.009391666666666666 0.017541666666666667
1 0.12457057291666666 0.024818055555555555 0.0533078125 0.023710185185185185
1 0.49348984375 0.011873148148148148 0.1151046875 0.014487037037037038
1 0.2591408854166667 0.24955972222222222 0.012031770833333334 0.019489814814814814
