2 0.5 0.4789319444444444 1.0 0.9578638888888888
1 0.8360138020833333 0.8179217592592593 0.013694270833333333 0.061769444444444446
1 0.91918203125 0.7099967592592593 0.014405729166666666 0.03666018518518519
1 0.9006424479166667 0.7415421296296296 0.013784895833333333 0.04234351851851852
1 0.9182786458333333 0.833324074074074 0.005307291666666667 0.012944444444444444
1 0.99666875 0.5319435185185185 0.0058375 0.013887037037037036
1 0.88553515625 0.25153148148148147 0.014820312499999998 0.03824814814814815
1 0.9428861979166666 0.17976574074074073 0.0086890625 0.01693888888888889
1 0.9817291666666667 0.3852962962962963 0.011375 0.024296296296296295
1 0.9193111979166667 0.32778425925925925 0.006330729166666666 0.018531481481481482
1 0.9111291666666667 0.3458805555555555 0.008716666666666668 0.015835185185185185
1 0.72704140625 0.0208 0.014499479166666666 0.013822222222222224
1 0.7299109375 0.04351712962962963 0.006696875000000001 0.020367592592592593
1 0.7685296875 0.14481666666666665 0.012059375 0.02667037037037037
1 0.5122846354166667 0.8784384259259259 0.021444270833333334 0.055025
1 0.5078020833333333 0.8389435185185184 0.016645833333333335 0.02418333333333333
1 0.38891770833333333 0.8582162037037038 0.032002083333333334 0.05161759259259259
1 0.4715731770833333 0.8139444444444444 0.006688020833333333 0.013074074074074073
1 0.45832395833333334 0.8204328703703704 0.004147916666666667 0.02605092592592593
1 0.41019635416666667 0.7426074074074074 0.011017708333333332 0.018548148148148147
1 0.42210677083333337 0.764349537037037 0.018171875 0.030550925925925922
1 0.3748825520833333 0.7228777777777777 0.031015104166666665 0.04575555555555555
1 0.297621875 0.7940912037037038 0.033785416666666665 0.04188611111111111
1 0.286353125 0.7894949074074074 0.01020625 0.030841666666666663
1 0.29135546875 0.6699143518518519 0.011877604166666667 0.017606481481481483
1 0.28389010416666666 0.6703847222222222 0.005280208333333333 0.022250925925925924
1 0.25446145833333333 0.686563888888889 0.027672916666666665 0.030535185185185186
1 0.25521223958333333 0.6370750000000001 0.0093828125 0.03340925925925926
1 0.23536536458333332 0.682461574074074 0.015522395833333334 0.02973796296296296
1 0.24006718749999997 0.7107439814814815 0.008259375000000001 0.01593240740740741
1 0.5772611979166666 0.5690282407407408 0.010772395833333333 0.023241666666666667
1 0.518328125 0.5924773148148148 0.012697916666666666 0.029399074074074074
1 0.40476692708333334 0.5797106481481481 0.032450520833333336 0.029791666666666664
1 0.44549921875000004 0.4937092592592593 0.013915104166666666 0.04482592592592592
1 0.4261361979166667 0.4781893518518518 0.010605729166666666 0.03600833333333334
1 0.3994778645833333 0.5163875 0.018747395833333333 0.02536759259259259
1 0.4374703125 0.4438560185185185 0.014523958333333333 0.05808240740740741
1 0.41664687499999997 0.4010365740740741 0.019752083333333333 0.029850925925925923
1 0.40175546875 0.3641625 0.0316359375 0.04869537037037037
1 0.40478619791666665 0.24802500000000002 0.0168640625 0.027531481481481483
1 0.6197479166666666 0.12107685185185185 0.038454166666666664 0.09030185185185184
1 0.5028815104166667 0.19670925925925925 0.0161796875 0.01749259259259259
1 0.41200598958333334 0.2801486111111111 0.0052619791666666665 0.00844537037037037
1 0.282340625 0.5750125 0.013639583333333333 0.050025
1 0.7900070312499999 0.6834666666666667 0.020639062500000003 0.05026666666666666
