2 0.5217950520833333 0.4130824074074074 0.9560901041666666 0.8261648148148149
1 0.5116361979166667 0.689749074074074 0.0149390625 0.02394259259259259
1 0.41888177083333333 0.5595523148148148 0.016930208333333332 0.017252777777777777
1 0.4691 0.14135879629629627 0.00695 0.023458333333333335
1 0.61351796875 0.047612037037037036 0.0082859375 0.017446296296296297
1 0.7012601562499999 0.04936018518518518 0.009811979166666667 0.02835
1 0.7141552083333333 0.07948472222222223 0.010602083333333335 0.03489537037037037
1 0.8631510416666667 0.12597268518518517 0.007552083333333333 0.00935277777777778
1 0.8649427083333333 0.12785925925925926 0.00384375 0.005718518518518519
1 0.8530338541666667 0.11983425925925925 0.008151041666666668 0.017446296296296297
1 0.8790921875 0.3044953703703704 0.007142708333333333 0.021953703703703704
1 0.80284140625 0.40176805555555556 0.028599479166666667 0.05723981481481482
1 0.78853828125 0.6668833333333334 0.0208265625 0.05413703703703704
1 0.9257677083333333 0.40112499999999995 0.004660416666666667 0.03373148148148148
