2 0.5 0.5108064814814816 1.0 0.9790203703703705
1 0.029561458333333332 0.6002564814814815 0.012247916666666666 0.0338462962962963
1 0.05810026041666667 0.5873847222222223 0.016200520833333332 0.03958425925925926
1 0.16070937500000002 0.9477208333333333 0.02141875 0.03803425925925926
1 0.06918307291666667 0.9794328703703703 0.0112828125 0.025532407407407406
1 0.79254375 0.5545652777777779 0.015295833333333333 0.029500925925925927
1 0.8328296875 0.3592314814814815 0.013576041666666667 0.03883333333333333
1 0.9143679687499999 0.06761111111111111 0.009985937499999998 0.02225925925925926
1 0.7649653645833333 0.22358194444444446 0.008055729166666668 0.024941666666666668
1 0.7142859375 0.4945574074074074 0.008780208333333334 0.020596296296296297
1 0.5592078125000001 0.7199018518518518 0.02362395833333333 0.028692592592592592
1 0.3844927083333333 0.39141759259259257 0.008568750000000002 0.021724074074074073
1 0.8229161458333334 0.2586541666666667 0.019790625 0.04323425925925926
