2 0.5 0.5 1.0 1.0
1 0.423430419921875 0.9823294270833333 0.02068896484375 0.03583940972222222
1 0.578669677734375 0.5425138888888889 0.02452685546875 0.07808333333333334
1 0.85791455078125 0.6554383680555556 0.0234462890625 0.046987847222222226
1 0.690049560546875 0.5861649305555555 0.01584130859375 0.024760416666666667
1 0.753529052734375 0.6786571180555555 0.01194091796875 0.020508680555555558
1 0.93635595703125 0.53109375 0.0172431640625 0.029201388888888888
1 0.928517333984375 0.6901206597222223 0.00937841796875 0.024338541666666668
1 0.930564697265625 0.8126098090277778 0.01933251953125 0.03667795138888889
1 0.84125732421875 0.858921875 0.0116162109375 0.021663194444444443
1 0.857560546875 0.8304730902777778 0.01297265625 0.027265625
1 0.854011474609375 0.7516931423611112 0.00587451171875 0.025955729166666667
1 0.9320634765625 0.11345442708333334 0.010611328125 0.0446171875
1 0.891292236328125 0.15292881944444445 0.00524072265625 0.012454861111111111
1 0.804687744140625 0.14437977430555557 0.01171923828125 0.026606770833333335
1 0.42126171875 0.9244053819444444 0.015375 0.02068576388888889
1 0.178532470703125 0.6291744791666667 0.02112744140625 0.03959895833333334
1 0.45230908203125 0.8314518229166666 0.0257119140625 0.02054253472222222
