2 0.5177083333333333 0.5976851851851852 0.9645833333333333 0.8046296296296296
1 0.9403645833333333 0.9745370370370371 0.018229166666666668 0.049074074074074076
1 0.32369791666666664 0.8925925925925926 0.0140625 0.020370370370370372
1 0.48984375 0.7736111111111111 0.024479166666666666 0.030555555555555555
1 0.6260416666666667 0.6337962962962963 0.019791666666666666 0.05092592592592592
1 0.8825520833333333 0.9310185185185185 0.0109375 0.023148148148148147
1 0.49140625 0.5439814814814815 0.033854166666666664 0.021296296296296296
1 0.9528645833333333 0.9064814814814814 0.015104166666666667 0.03518518518518519
1 0.9947916666666666 0.8791666666666667 0.009375 0.017592592592592594
1 0.9953125 0.85 0.008333333333333333 0.018518518518518517
1 0.9973958333333334 0.8180555555555555 0.004166666666666667 0.013888888888888888
1 0.9416666666666667 0.8069444444444445 0.007291666666666667 0.03425925925925926
1 0.9442708333333333 0.8685185185185185 0.007291666666666667 0.018518518518518517
1 0.7119791666666667 0.45555555555555555 0.009375 0.025925925925925925
1 0.71640625 0.5180555555555556 0.016145833333333335 0.028703703703703703
1 0.8138020833333334 0.38796296296296295 0.016145833333333335 0.022222222222222223
1 0.65703125 0.3921296296296296 0.0390625 0.06944444444444445
1 0.8247395833333333 0.47962962962962963 0.018229166666666668 0.05555555555555555
1 0.8096354166666667 0.575 0.009895833333333333 0.025925925925925925
1 0.9489583333333333 0.3 0.015625 0.05185185185185185
1 0.846875 0.4305555555555556 0.0125 0.022222222222222223
1 0.4041666666666667 0.22962962962962963 0.015625 0.02962962962962963
1 0.4010416666666667 0.9717592592592592 0.016666666666666666 0.023148148148148147
