1 0.5 0.5417236111111111 1.0 0.9167805555555556
1 0.5 0.5416175925925926 1.0 0.9165685185185185
1 0.5 0.5406412037037036 1.0 0.9183194444444445
1 0.5 0.5416175925925926 1.0 0.9165685185185185
1 0.5 0.5411824074074074 1.0 0.91755
1 0.9211338541666667 0.6700268518518518 0.006851041666666667 0.0326462962962963
1 0.86244453125 0.5973240740740741 0.013430729166666665 0.03724074074074074
1 0.8722963541666666 0.7723592592592593 0.009176041666666666 0.028051851851851852
1 0.5194145833333333 0.1782689814814815 0.016954166666666666 0.06579722222222223
1 0.6682838541666667 0.65265 0.018859375 0.04789259259259259
1 0.13482734375 0.48605972222222216 0.0040296875 0.00915648148148148
1 0.13802317708333334 0.4867430555555556 0.0020880208333333337 0.006819444444444445
1 0.06937317708333333 0.4401398148148148 0.011663020833333334 0.02842777777777778
1 0.07562734374999999 0.4161962962962963 0.008546354166666666 0.024985185185185187
1 0.08541432291666666 0.9226712962962963 0.0187453125 0.045342592592592594
1 0.030799218750000003 0.662875 0.008473437499999998 0.023898148148148148
1 0.3151158854166667 0.7128157407407407 0.020856770833333333 0.02563148148148148
1 0.27815859374999996 0.9054537037037037 0.009442187500000001 0.016462962962962964
1 0.30183046875 0.37303287037037036 0.0047026041666666666 0.007176851851851852
1 0.22535807291666668 0.3224537037037037 0.0080078125 0.013425925925925926
1 0.23153177083333334 0.3411162037037037 0.009938541666666667 0.021121296296296298
1 0.21859713541666667 0.6731601851851852 0.004902604166666667 0.012987037037037037
1 0.1352546875 0.6311277777777778 0.004884375 0.012255555555555556
1 0.6729601562499999 0.5685296296296296 0.006336979166666667 0.01668888888888889
1 0.8205716145833333 0.10080833333333333 0.004684895833333333 0.01457962962962963
1 0.2851635416666667 0.6282541666666667 0.005743750000000001 0.008360185185185186
1 0.9899489583333333 0.2833199074074074 0.01323125 0.04441759259259259
1 0.87532265625 0.3749958333333333 0.004811979166666667 0.01295462962962963
