2 0.4998046875 0.5211805555555555 0.999609375 0.9555555555555555
1 0.69453125 0.13472222222222222 0.019921875 0.05763888888888889
1 0.71201171875 0.09704861111111111 0.012890625 0.029166666666666667
1 0.6361328125 0.2586805555555556 0.01640625 0.04861111111111111
1 0.2798828125 0.8298611111111112 0.008984375 0.017361111111111112
1 0.26669921875 0.5213541666666667 0.0109375 0.07222222222222223
1 0.26884765625 0.6239583333333333 0.023046875 0.03958333333333333
1 0.5072265625 0.9454861111111111 0.0125 0.04027777777777777
1 0.75478515625 0.8302083333333333 0.014453125 0.018055555555555557
1 0.7669921875 0.6515625 0.0125 0.02361111111111111
