2 0.51640625 0.5995370370370371 0.9671875 0.8009259259259259
2 0.8953125 0.8240740740740741 0.20833333333333334 0.35
2 0.95625 0.9449074074074074 0.08645833333333333 0.10833333333333334
1 0.44869791666666664 0.7819444444444444 0.009895833333333333 0.019444444444444445
1 0.7346354166666667 0.7893518518518519 0.0265625 0.025
1 0.74921875 0.8458333333333333 0.013020833333333334 0.021296296296296296
1 0.7708333333333334 0.887962962962963 0.027083333333333334 0.014814814814814815
1 0.8151041666666666 0.9217592592592593 0.00625 0.01574074074074074
1 0.84296875 0.937037037037037 0.0046875 0.009259259259259259
1 0.84140625 0.8550925925925926 0.0078125 0.025
1 0.9286458333333333 0.6518518518518519 0.028125 0.06111111111111111
1 0.9010416666666666 0.7125 0.00625 0.03425925925925926
1 0.9317708333333333 0.6935185185185185 0.01875 0.03888888888888889
1 0.9692708333333333 0.7333333333333333 0.025 0.03518518518518519
1 0.8484375 0.5745370370370371 0.01875 0.023148148148148147
1 0.6690104166666667 0.5361111111111111 0.011979166666666667 0.022222222222222223
1 0.9322916666666666 0.538425925925926 0.010416666666666666 0.03425925925925926
1 0.5953125 0.33287037037037037 0.007291666666666667 0.013888888888888888
1 0.7002604166666667 0.3333333333333333 0.0078125 0.024074074074074074
1 0.77265625 0.33935185185185185 0.0067708333333333336 0.026851851851851852
1 0.7145833333333333 0.2587962962962963 0.009375 0.01574074074074074
1 0.7268229166666667 0.25092592592592594 0.008854166666666666 0.020370370370370372
1 0.7677083333333333 0.25046296296296294 0.01875 0.05648148148148148
1 0.9716145833333333 0.4375 0.0046875 0.012037037037037037
1 0.6377604166666667 0.5393518518518519 0.005729166666666666 0.019444444444444445
1 0.8979166666666667 0.6606481481481481 0.013541666666666667 0.019444444444444445
