2 0.49973958333333335 0.5152777777777777 0.9994791666666667 0.9675925925925926
1 0.17916666666666667 0.6476851851851851 0.014583333333333334 0.030555555555555555
1 0.27890625 0.9203703703703704 0.0078125 0.04259259259259259
1 0.4786458333333333 0.5689814814814815 0.009375 0.030555555555555555
1 0.23567708333333334 0.5652777777777778 0.008854166666666666 0.05277777777777778
1 0.32317708333333334 0.8833333333333333 0.009895833333333333 0.025925925925925925
1 0.66640625 0.9828703703703704 0.0140625 0.026851851851851852
1 0.7552083333333334 0.7421296296296296 0.008333333333333333 0.01574074074074074
1 0.7916666666666666 0.29444444444444445 0.01875 0.04259259259259259
1 0.95234375 0.38425925925925924 0.0067708333333333336 0.012962962962962963
1 0.9510416666666667 0.3592592592592593 0.007291666666666667 0.027777777777777776
1 0.4705729166666667 0.2884259259259259 0.016145833333333335 0.019444444444444445
1 0.540625 0.055092592592592596 0.015625 0.03611111111111111
1 0.023697916666666666 0.5527777777777778 0.005729166666666666 0.020370370370370372
