2 0.5 0.465225 1.0 0.93045
1 0.056942187500000005 0.7836712962962963 0.017009375 0.04697222222222222
1 0.08853645833333333 0.8088592592592593 0.009364583333333334 0.023274074074074072
1 0.21800911458333333 0.8073490740740741 0.007893229166666666 0.025809259259259257
1 0.18827942708333334 0.7843773148148149 0.0223921875 0.040976851851851855
1 0.16580130208333335 0.7215782407407407 0.013894270833333333 0.04130462962962963
1 0.16506276041666668 0.7347777777777778 0.005125520833333333 0.012148148148148148
1 0.14228593750000001 0.7215685185185186 0.01998854166666667 0.0635074074074074
1 0.14511015624999998 0.7397481481481482 0.013136979166666667 0.025792592592592593
1 0.1463583333333333 0.8106476851851852 0.004175 0.006480555555555555
1 0.9514783854166667 0.08332685185185185 0.011290104166666667 0.08517222222222223
1 0.66926953125 0.5360773148148148 0.018747395833333333 0.018450925925925926
1 0.54159765625 0.6722115740740742 0.012361979166666667 0.03146018518518518
1 0.4903223958333333 0.1953277777777778 0.016061458333333334 0.027692592592592595
1 0.6166114583333333 0.17418564814814813 0.008222916666666667 0.02244537037037037
1 0.5270903645833334 0.16323935185185184 0.026055729166666666 0.007960185185185185
1 0.42319427083333333 0.02830416666666667 0.013055208333333334 0.017719444444444444
1 0.30714869791666666 0.22823842592592594 0.0090890625 0.03240277777777777
1 0.20520312500000001 0.12559166666666668 0.008322916666666668 0.010442592592592594
1 0.21220260416666664 0.12416990740740741 0.007738541666666667 0.016858333333333333
1 0.19637604166666664 0.3295472222222222 0.010460416666666666 0.018353703703703702
1 0.09395520833333333 0.1199787037037037 0.009785416666666666 0.015883333333333333
1 0.0963578125 0.1523773148148148 0.011465625 0.030680555555555555
1 0.08151901041666668 0.24170601851851853 0.0078296875 0.013041666666666667
1 0.12459973958333333 0.042083333333333334 0.04711614583333333 0.04898148148148148
1 0.004709895833333333 0.2704259259259259 0.005253125 0.011222222222222222
1 0.03997057291666666 0.19752546296296294 0.022649479166666667 0.048754629629629634
1 0.02597265625 0.11395185185185185 0.012361979166666667 0.0242
1 0.0219109375 0.32691574074074076 0.0042385416666666665 0.011238888888888889
1 0.0270921875 0.3449231481481481 0.004184375000000001 0.008364814814814816
1 0.06062630208333333 0.3574541666666667 0.011877604166666667 0.02416759259259259
1 0.131715625 0.35835555555555554 0.00718125 0.02411851851851852
1 0.15973411458333334 0.5055439814814814 0.016343229166666667 0.0444212962962963
1 0.2038875 0.5750384259259259 0.008816666666666667 0.024150925925925923
1 0.23543385416666668 0.5426388888888889 0.011492708333333332 0.027870370370370372
1 0.07116171875 0.6005162037037037 0.0037817708333333336 0.04177314814814815
1 0.06352760416666667 0.6453782407407408 0.004138541666666666 0.005571296296296296
1 0.02916171875 0.6602486111111111 0.006240104166666666 0.014941666666666667
1 0.02842604166666667 0.6602486111111111 0.00476875 0.014941666666666667
1 0.021134114583333332 0.606488425925926 0.005809895833333333 0.012976851851851852
1 0.09852317708333333 0.7569027777777778 0.0085046875 0.01750925925925926
1 0.1021734375 0.7110444444444445 0.009555208333333334 0.029496296296296298
1 0.11660260416666667 0.10147638888888888 0.006121875 0.019619444444444443
1 0.042653125 0.22918055555555555 0.00718125 0.026879629629629632
1 0.08645338541666667 0.19035740740740742 0.006240104166666666 0.014048148148148148
1 0.28386302083333337 0.02036898148148148 0.004184375000000001 0.016663888888888888
1 0.6458231770833333 0.847811574074074 0.015604687499999999 0.03636388888888889
1 0.6890434895833334 0.8117185185185185 0.012461979166666666 0.012325925925925926
1 0.6341638020833333 0.052720370370370376 0.008952604166666666 0.010996296296296296
1 0.49734973958333334 0.3587861111111111 0.0092828125 0.02497962962962963
1 0.5557242187500001 0.3708564814814815 0.006240104166666666 0.013935185185185186
1 0.6544627604166667 0.4653074074074074 0.008925520833333334 0.036170370370370374
