1 0.5274203125 0.41580231481481483 0.9454656250000001 0.8316046296296297
2 0.5257591145833334 0.41643611111111106 0.9483932291666667 0.8328722222222221
1 0.9080526041666667 0.1456527777777778 0.009855208333333334 0.015379629629629629
1 0.9827231770833333 0.6969888888888889 0.009196354166666667 0.021755555555555556
1 0.9082018229166666 0.31740416666666665 0.0111953125 0.027400925925925926
1 0.33582682291666666 0.08458101851851851 0.02061197916666667 0.032125
1 0.9057520833333333 0.36485555555555554 0.006295833333333333 0.011192592592592593
1 0.8724489583333334 0.2889347222222222 0.0021895833333333333 0.0037953703703703704
1 0.8832151041666666 0.2928273148148148 0.013305208333333334 0.011580555555555556
1 0.9180200520833334 0.4398810185185185 0.0047901041666666665 0.009391666666666668
1 0.9703619791666667 0.07240324074074074 0.007390625 0.018880555555555553
1 0.9863729166666667 0.06960787037037038 0.0050375 0.009586111111111111
