2 0.5 0.5381467592592593 1.0 0.9244416666666667
1 0.5026265625 0.5510527777777777 0.036503125 0.0428462962962963
2 0.986546875 0.3063384259259259 0.014760416666666666 0.012676851851851852
2 0.9689901041666666 0.29754305555555555 0.011938541666666667 0.021012037037037037
1 0.9686453125 0.5751759259259259 0.006040625 0.015166666666666665
1 0.7015291666666666 0.8158407407407406 0.032225 0.031681481481481484
1 0.66861328125 0.7673791666666666 0.0091015625 0.014387962962962964
1 0.6756947916666667 0.8209652777777778 0.011806249999999999 0.010449074074074074
1 0.8493575520833333 0.91315 0.013298437500000001 0.02444814814814815
1 0.38645 0.8907217592592593 0.012483333333333334 0.014776851851851852
1 0.30980416666666666 0.914000462962963 0.025858333333333334 0.018741666666666667
1 0.28568645833333334 0.6767231481481482 0.006789583333333333 0.03677962962962963
1 0.17266614583333334 0.5451083333333333 0.018248958333333332 0.030957407407407406
1 0.31871197916666666 0.23825370370370372 0.025965625 0.017248148148148148
1 0.23479401041666667 0.1340611111111111 0.021671354166666667 0.03849259259259259
1 0.19736432291666667 0.17144490740740742 0.0207703125 0.015112037037037038
1 0.1964578125 0.20442453703703706 0.010623958333333332 0.036626851851851855
1 0.08316223958333334 0.5131388888888889 0.007991145833333333 0.01887037037037037
1 0.83988359375 0.8386685185185184 0.008933854166666666 0.01992962962962963
1 0.89560625 0.7912134259259259 0.005795833333333333 0.010204629629629631
1 0.93629375 0.48459120370370373 0.004879166666666667 0.02103425925925926
1 0.983878125 0.4408060185185185 0.0052562500000000005 0.013093518518518518
1 0.08689583333333334 0.428025925925926 0.009208333333333334 0.02271851851851852
1 0.15565625 0.1263263888888889 0.0050625 0.010060185185185186
1 0.2954026041666667 0.3393884259259259 0.007471875 0.013962037037037038
1 0.018454427083333332 0.3338101851851852 0.005658854166666667 0.021324074074074075
