2 0.5 0.5 1.0 1.0
1 0.6199625 0.21183564814814815 0.022216666666666666 0.044041666666666666
1 0.6311864583333333 0.682849074074074 0.015497916666666667 0.03792037037037037
1 0.9249416666666667 0.6707462962962962 0.0030083333333333333 0.0044555555555555555
1 0.9222658854166668 0.6756893518518519 0.002865104166666667 0.006934259259259259
1 0.5001908854166667 0.8613328703703704 0.023298437499999998 0.028221296296296296
1 0.5343531250000001 0.7605444444444445 0.009331250000000001 0.02108888888888889
1 0.4847549479166667 0.8026425925925926 0.019509895833333336 0.027507407407407408
1 0.46451588541666666 0.924112962962963 0.0071567708333333336 0.018596296296296295
1 0.72741875 0.614187037037037 0.0079625 0.017262962962962963
1 0.3347515625 0.3248185185185185 0.007003125 0.02371111111111111
1 0.29960885416666666 0.23603287037037038 0.011717708333333333 0.027621296296296297
1 0.14055598958333335 0.8138009259259259 0.018611979166666667 0.08871296296296297
1 0.14518281249999998 0.8306777777777777 0.011198958333333333 0.05765185185185186
1 0.26297109375 0.6483981481481481 0.009275520833333334 0.030129629629629628
1 0.17062317708333333 0.46651944444444443 0.0089546875 0.038594444444444445
1 0.10489635416666668 0.7661421296296296 0.008751041666666666 0.015617592592592593
1 0.113621875 0.7046296296296296 0.004327083333333333 0.014814814814814815
1 0.10714088541666666 0.5510574074074075 0.004906770833333333 0.026188888888888887
1 0.36319348958333336 0.9356060185185185 0.008678645833333333 0.010100925925925926
1 0.43751588541666664 0.8962439814814814 0.0041984375 0.00915462962962963
1 0.2753421875 0.405025 0.004851041666666667 0.013753703703703704
