2 0.5 0.5 1.0 1.0
1 0.344705078125 0.0809743923611111 0.02339453125 0.05430989583333333
1 0.33054345703125 0.037473958333333335 0.0126494140625 0.02980902777777778
1 0.3895869140625 0.22032161458333333 0.020384765625 0.04654600694444445
1 0.685257568359375 0.8931171875000001 0.00918701171875 0.01713715277777778
1 0.728462890625 0.5944696180555555 0.01551953125 0.07088368055555555
1 0.7152265625 0.6936197916666667 0.02615625 0.03307291666666667
1 0.44965185546875 0.9370985243055555 0.0116083984375 0.042599826388888894
1 0.21648779296875 0.7467973090277779 0.0140302734375 0.01790017361111111
1 0.2224501953125 0.56669921875 0.013259765625 0.02228732638888889
