2 0.5 0.495046875 1.0 0.99009375
1 0.67576220703125 0.8935256076388889 0.0214462890625 0.05614843750000001
1 0.691394287109375 0.9340711805555555 0.01267138671875 0.029600694444444447
1 0.623485107421875 0.7617274305555556 0.01845458984375 0.047760416666666666
1 0.296552490234375 0.1369552951388889 0.00912060546875 0.016966145833333335
1 0.268358154296875 0.44216319444444446 0.01327880859375 0.07182638888888888
1 0.27601953125 0.3411501736111111 0.0246953125 0.036467013888888886
1 0.52831494140625 0.05708246527777778 0.0117080078125 0.041248263888888886
1 0.77033154296875 0.21032161458333334 0.0142958984375 0.017865451388888887
1 0.773066162109375 0.38999088541666665 0.01292919921875 0.02303732638888889
