2 0.5 0.44741666666666663 1.0 0.8948333333333333
1 0.23727864583333333 0.8430087962962962 0.006848958333333334 0.030462037037037037
1 0.25765703125 0.8627046296296297 0.008022395833333333 0.018001851851851852
1 0.16982447916666665 0.6731157407407408 0.0073572916666666665 0.018453703703703705
1 0.20018463541666667 0.5682203703703703 0.023285937500000003 0.04014444444444445
1 0.23123489583333334 0.5374921296296296 0.012469791666666667 0.024984259259259258
1 0.19325 0.3668611111111111 0.008374999999999999 0.026314814814814815
1 0.1733296875 0.2647555555555555 0.009159374999999999 0.022103703703703705
1 0.15897109375 0.2077240740740741 0.0085671875 0.013596296296296296
1 0.18752864583333334 0.24859398148148146 0.006307291666666667 0.013854629629629628
1 0.34014609375 0.14399444444444445 0.010500520833333334 0.015766666666666665
1 0.5804875 0.1078587962962963 0.009933333333333332 0.017569444444444447
1 0.4708583333333333 0.16592916666666666 0.019841666666666664 0.020747222222222222
1 0.46661640625 0.22279074074074073 0.0113578125 0.019655555555555558
1 0.5524515625 0.33252314814814815 0.010111458333333333 0.029861111111111113
1 0.5228994791666667 0.40584305555555555 0.015590625 0.05613055555555556
1 0.4298721354166667 0.5074398148148148 0.023285937500000003 0.03710185185185185
1 0.9898169270833334 0.6324 0.0129671875 0.05924444444444445
1 0.8085229166666666 0.668062037037037 0.008712500000000001 0.021309259259259257
1 0.8921049479166666 0.38827962962962964 0.012334895833333333 0.03211481481481481
1 0.9281802083333334 0.12855185185185186 0.018860416666666668 0.03673333333333333
1 0.9579757812499999 0.15436666666666668 0.013868229166666666 0.040214814814814814
1 0.9377533854166666 0.25375462962962964 0.005715104166666667 0.011212962962962963
1 0.9179591145833333 0.28785046296296296 0.007793229166666666 0.012737962962962963
1 0.6571388020833333 0.38402175925925924 0.0059442708333333335 0.027302777777777777
1 0.65913125 0.3293833333333333 0.0057625 0.034692592592592594
1 0.98314140625 0.44978842592592594 0.007949479166666667 0.03291018518518518
1 0.8148013020833333 0.061426851851851844 0.0348109375 0.017298148148148146
