2 0.5 0.5064810185185186 1.0 0.9870361111111111
1 0.33874114583333337 0.2746199074074074 0.011857291666666665 0.04553611111111111
1 0.41070625 0.23457962962962964 0.013079166666666666 0.022862962962962963
1 0.6098083333333334 0.925512037037037 0.022741666666666667 0.028801851851851853
1 0.3616044270833333 0.8435379629629629 0.0096671875 0.016705555555555557
1 0.16461354166666667 0.7697379629629629 0.00839375 0.015401851851851852
1 0.41980729166666664 0.5348120370370371 0.013572916666666665 0.039994444444444444
1 0.054447656250000004 0.05847083333333333 0.007853645833333334 0.016941666666666667
1 0.8034148437499999 0.5576055555555556 0.008913020833333334 0.02261851851851852
1 0.9403554687500001 0.7014481481481482 0.0150859375 0.02511851851851852
1 0.8826348958333334 0.9313787037037037 0.009019791666666667 0.01646111111111111
