2 0.49973958333333335 0.5462962962962963 0.9994791666666667 0.9055555555555556
1 0.04895833333333333 0.9824074074074074 0.014583333333333334 0.03333333333333333
1 0.24010416666666667 0.48148148148148145 0.0125 0.020370370370370372
1 0.22630208333333332 0.37037037037037035 0.008854166666666666 0.022222222222222223
1 0.3140625 0.337037037037037 0.008333333333333333 0.044444444444444446
1 0.10859375 0.350462962962963 0.0078125 0.017592592592592594
1 0.309375 0.2101851851851852 0.013541666666666667 0.022222222222222223
1 0.6783854166666666 0.34814814814814815 0.0109375 0.014814814814814815
1 0.7377604166666667 0.29768518518518516 0.013020833333333334 0.03611111111111111
1 0.8591145833333333 0.687037037037037 0.024479166666666666 0.04259259259259259
1 0.9197916666666667 0.6296296296296297 0.010416666666666666 0.022222222222222223
1 0.45598958333333334 0.9550925925925926 0.009895833333333333 0.049074074074074076
