2 0.49973958333333335 0.5393518518518519 0.9994791666666667 0.9194444444444444
2 0.8752604166666667 0.27685185185185185 0.0578125 0.03148148148148148
2 0.9588541666666667 0.19722222222222222 0.08125 0.07222222222222222
1 0.43828125 0.35648148148148145 0.0234375 0.037037037037037035
1 0.45078125 0.3597222222222222 0.009895833333333333 0.019444444444444445
1 0.3966145833333333 0.46944444444444444 0.009895833333333333 0.022222222222222223
1 0.3932291666666667 0.5481481481481482 0.030208333333333334 0.016666666666666666
1 0.3104166666666667 0.4736111111111111 0.009375 0.019444444444444445
1 0.6658854166666667 0.5282407407407408 0.028645833333333332 0.062037037037037036
1 0.54921875 0.4986111111111111 0.016145833333333335 0.03425925925925926
1 0.6661458333333333 0.2162037037037037 0.015625 0.026851851851851852
1 0.9390625 0.33564814814814814 0.007291666666666667 0.012037037037037037
1 0.95078125 0.8060185185185185 0.0078125 0.01574074074074074
1 0.79375 0.9087962962962963 0.020833333333333332 0.049074074074074076
1 0.89453125 0.6046296296296296 0.0046875 0.011111111111111112
1 0.9395833333333333 0.6407407407407407 0.005208333333333333 0.011111111111111112
1 0.9393229166666667 0.5189814814814815 0.0078125 0.019444444444444445
1 0.9546875 0.5481481481481482 0.007291666666666667 0.03148148148148148
1 0.9955729166666667 0.8430555555555556 0.0078125 0.030555555555555555
