2 0.5 0.5510930555555555 1.0 0.8984824074074074
1 0.66559140625 0.13106203703703703 0.029099479166666668 0.04545740740740741
1 0.93715 0.3797111111111111 0.009716666666666667 0.022385185185185185
1 0.8669651041666667 0.23517129629629632 0.005805208333333334 0.020342592592592593
1 0.92500546875 0.7437921296296296 0.010427604166666667 0.028325
1 0.9220203125 0.8990310185185185 0.005498958333333333 0.027691666666666667
1 0.9852776041666667 0.7761134259259259 0.003888541666666667 0.009634259259259259
1 0.76350859375 0.8293509259259259 0.0082671875 0.014257407407407408
1 0.6564979166666667 0.7374759259259259 0.018204166666666667 0.03235925925925926
1 0.6544752604166667 0.8306125 0.011033854166666666 0.02048425925925926
1 0.49785260416666666 0.8306148148148148 0.012371875000000001 0.016785185185185184
1 0.5190997395833333 0.7226986111111111 0.0090328125 0.015767592592592593
1 0.24721328125 0.6488236111111111 0.005884895833333333 0.008758333333333333
1 0.18595364583333335 0.8453231481481481 0.014615625 0.033238888888888894
1 0.10402421875 0.8936819444444445 0.007006770833333333 0.009586111111111111
1 0.05956119791666667 0.5853421296296296 0.008705729166666667 0.018832407407407405
1 0.42721171874999997 0.8261569444444444 0.011715104166666665 0.0171287037037037
1 0.5949369791666667 0.8172643518518519 0.008623958333333332 0.016010185185185186
1 0.583928125 0.7916796296296297 0.01160625 0.016692592592592592
1 0.5443859375 0.8279078703703704 0.012730208333333333 0.022482407407407406
1 0.5611947916666666 0.8184125 0.00468125 0.012750925925925926
1 0.6631872395833334 0.5791037037037037 0.015957812499999998 0.02117037037037037
1 0.6209372395833334 0.47667731481481485 0.004374479166666666 0.042243518518518514
1 0.52890234375 0.15191712962962964 0.005721354166666666 0.011241666666666667
1 0.56884296875 0.41497546296296295 0.005394270833333333 0.01328425925925926
