2 0.5 0.5 1.0 1.0
1 0.20084036458333332 0.9107981481481482 0.0162640625 0.04752222222222222
1 0.3135854166666666 0.6940101851851851 0.0219625 0.045427777777777775
1 0.270225 0.8385287037037037 0.01545 0.03076111111111111
1 0.6196117187500001 0.4805773148148148 0.017348437499999998 0.0352287037037037
1 0.3864984375 0.49261527777777775 0.010496875 0.018563888888888887
1 0.08305885416666667 0.27499074074074076 0.006742708333333333 0.014796296296296297
1 0.028901302083333334 0.29761898148148147 0.005719270833333333 0.017460185185185186
1 0.12642838541666668 0.02209074074074074 0.014315104166666667 0.03121851851851852
1 0.6493492187500001 0.07021435185185186 0.016406770833333334 0.03302129629629629
1 0.73828046875 0.015349537037037038 0.009894270833333333 0.014032407407407407
1 0.8368171875 0.3571462962962963 0.019467708333333333 0.03281111111111111
1 0.8010773437500001 0.2824796296296296 0.007363020833333333 0.009403703703703704
1 0.9487291666666666 0.33193518518518517 0.006833333333333333 0.015722222222222224
1 0.98593671875 0.42922916666666666 0.010415104166666666 0.028828703703703704
1 0.9661541666666668 0.3569351851851852 0.00835 0.017574074074074075
1 0.99671015625 0.21606481481481482 0.0069619791666666675 0.024722222222222222
1 0.93441015625 0.2180550925925926 0.016736979166666666 0.008332407407407408
1 0.9194763020833334 0.6749898148148148 0.0066609375 0.027757407407407408
1 0.6203903645833333 0.983663425925926 0.018905729166666666 0.032141666666666666
