2 0.5 0.5368069444444445 1.0 0.9254657407407407
1 0.9064015624999999 0.8600486111111111 0.026344791666666666 0.04417129629629629
1 0.5831299479166667 0.9150583333333334 0.0110515625 0.020857407407407408
1 0.9569716145833334 0.7239583333333334 0.010818229166666667 0.04236111111111111
1 0.013616666666666666 0.6461574074074075 0.008483333333333334 0.01824074074074074
1 0.3780598958333333 0.3297819444444444 0.010286458333333333 0.026230555555555556
1 0.14776770833333333 0.284411574074074 0.01324375 0.035489814814814814
1 0.6969765625 0.48054675925925927 0.0064531250000000005 0.025908333333333335
1 0.5642231770833334 0.7611092592592593 0.009696354166666667 0.022218518518518516
1 0.5153364583333333 0.2754625 0.00463125 0.05462870370370371
1 0.9119049479166667 0.5842398148148149 0.019643229166666668 0.048109259259259254
