2 0.49973958333333335 0.5287037037037037 0.9994791666666667 0.9407407407407408
1 0.5075520833333333 0.3296296296296296 0.016145833333333335 0.02962962962962963
1 0.73359375 0.3143518518518518 0.022395833333333334 0.023148148148148147
1 0.85625 0.7087962962962963 0.010416666666666666 0.023148148148148147
1 0.71796875 0.7847222222222222 0.0109375 0.03981481481481482
1 0.7388020833333333 0.7972222222222223 0.019270833333333334 0.044444444444444446
1 0.4713541666666667 0.6611111111111111 0.019791666666666666 0.04259259259259259
1 0.30078125 0.862037037037037 0.0171875 0.009259259259259259
1 0.19140625 0.5462962962962963 0.025520833333333333 0.046296296296296294
1 0.35494791666666664 0.31666666666666665 0.0109375 0.009259259259259259
1 0.440625 0.8416666666666667 0.007291666666666667 0.007407407407407408
1 0.6130208333333333 0.7449074074074075 0.008333333333333333 0.01574074074074074
1 0.5677083333333334 0.6337962962962963 0.004166666666666667 0.006481481481481481
1 0.46875 0.6888888888888889 0.011458333333333333 0.012962962962962963
1 0.8190104166666666 0.36527777777777776 0.005729166666666666 0.008333333333333333
