2 0.49973958333333335 0.55 0.9994791666666667 0.8981481481481481
1 0.35494791666666664 0.2759259259259259 0.0109375 0.022222222222222223
1 0.5604166666666667 0.21481481481481482 0.007291666666666667 0.014814814814814815
1 0.5825520833333333 0.1597222222222222 0.008854166666666666 0.012037037037037037
1 0.6877604166666667 0.5254629629629629 0.0171875 0.013888888888888888
1 0.725 0.5601851851851852 0.0125 0.027777777777777776
1 0.7432291666666667 0.6810185185185185 0.010416666666666666 0.030555555555555555
1 0.75078125 0.9402777777777778 0.013020833333333334 0.03796296296296296
1 0.05130208333333333 0.8166666666666667 0.0140625 0.025925925925925925
1 0.4901041666666667 0.7847222222222222 0.007291666666666667 0.017592592592592594
