2 0.49973958333333335 0.5226851851851851 0.9994791666666667 0.9527777777777777
1 0.23958333333333334 0.1412037037037037 0.010416666666666666 0.026851851851851852
1 0.378125 0.09583333333333334 0.014583333333333334 0.03425925925925926
1 0.30130208333333336 0.1726851851851852 0.024479166666666666 0.023148148148148147
1 0.20338541666666668 0.20694444444444443 0.0078125 0.021296296296296296
1 0.16197916666666667 0.40046296296296297 0.016666666666666666 0.026851851851851852
1 0.18541666666666667 0.35138888888888886 0.00625 0.01574074074074074
1 0.17447916666666666 0.5592592592592592 0.008333333333333333 0.011111111111111112
1 0.19947916666666668 0.5300925925925926 0.0125 0.026851851851851852
1 0.14947916666666666 0.5532407407407407 0.017708333333333333 0.03796296296296296
1 0.18307291666666667 0.6375 0.011979166666666667 0.017592592592592594
1 0.11692708333333333 0.7384259259259259 0.011979166666666667 0.028703703703703703
1 0.11510416666666666 0.9282407407407407 0.01875 0.03796296296296296
1 0.08385416666666666 0.9490740740740741 0.015625 0.03148148148148148
1 0.03697916666666667 0.9407407407407408 0.008333333333333333 0.027777777777777776
1 0.23359375 0.6125 0.005729166666666666 0.012037037037037037
1 0.0046875 0.27314814814814814 0.009375 0.020370370370370372
1 0.6450520833333333 0.1726851851851852 0.030729166666666665 0.008333333333333333
1 0.5278645833333333 0.18009259259259258 0.0046875 0.058333333333333334
1 0.5432291666666667 0.11666666666666667 0.014583333333333334 0.027777777777777776
1 0.73984375 0.16712962962962963 0.0078125 0.05277777777777778
1 0.68828125 0.31574074074074077 0.008854166666666666 0.014814814814814815
1 0.52578125 0.4546296296296296 0.011979166666666667 0.018518518518518517
1 0.53515625 0.49722222222222223 0.0078125 0.025925925925925925
1 0.7588541666666667 0.4824074074074074 0.028125 0.03888888888888889
1 0.6942708333333333 0.5356481481481481 0.011458333333333333 0.019444444444444445
1 0.7927083333333333 0.45601851851851855 0.009375 0.013888888888888888
1 0.7114583333333333 0.6412037037037037 0.029166666666666667 0.08611111111111111
1 0.66328125 0.6546296296296297 0.0171875 0.03333333333333333
1 0.6252604166666667 0.7171296296296297 0.0109375 0.01574074074074074
1 0.6190104166666667 0.7620370370370371 0.0078125 0.012962962962962963
1 0.5182291666666666 0.8513888888888889 0.007291666666666667 0.010185185185185186
1 0.528125 0.8666666666666667 0.011458333333333333 0.016666666666666666
1 0.54375 0.8847222222222222 0.008333333333333333 0.012037037037037037
1 0.48333333333333334 0.9430555555555555 0.015625 0.01574074074074074
1 0.6216145833333333 0.825925925925926 0.011979166666666667 0.016666666666666666
1 0.7177083333333333 0.8629629629629629 0.016666666666666666 0.040740740740740744
1 0.7221354166666667 0.7537037037037037 0.011979166666666667 0.009259259259259259
1 0.87890625 0.9583333333333334 0.011979166666666667 0.025925925925925925
1 0.9216145833333333 0.737037037037037 0.030729166666666665 0.05555555555555555
1 0.9765625 0.6564814814814814 0.008333333333333333 0.025925925925925925
