2 0.5 0.5588980034722222 1.0 0.8816848958333333
1 0.916245361328125 0.7128138020833333 0.00729541015625 0.021113715277777778
1 0.7278974609375 0.9406163194444443 0.004623046875 0.014913194444444444
1 0.894585205078125 0.5638489583333333 0.00889697265625 0.011378472222222222
1 0.860452880859375 0.37277647569444444 0.02266357421875 0.04937239583333333
1 0.6520986328125 0.42132899305555555 0.028806640625 0.030157986111111108
1 0.915651611328125 0.20930121527777779 0.00513134765625 0.010616319444444446
1 0.96879443359375 0.2774869791666667 0.0088779296875 0.015043402777777777
1 0.821599365234375 0.176484375 0.00452685546875 0.00921875
1 0.489083984375 0.19646397569444446 0.00746484375 0.016191840277777775
1 0.455150634765625 0.3225512152777778 0.01186376953125 0.023574652777777778
1 0.47152880859375 0.21813802083333333 0.0045810546875 0.007456597222222222
1 0.49460986328125 0.25386588541666666 0.0038681640625 0.0059956597222222225
1 0.354295166015625 0.27617881944444445 0.00839501953125 0.010690972222222223
1 0.345006591796875 0.4768723958333333 0.00446630859375 0.007564236111111112
1 0.51475830078125 0.44213975694444446 0.0187744140625 0.037057291666666665
1 0.52686962890625 0.6113875868055555 0.0107705078125 0.014441840277777777
1 0.444372314453125 0.3176931423611111 0.00690869140625 0.00865017361111111
1 0.145322265625 0.4886232638888889 0.01037109375 0.015440972222222222
1 0.151436279296875 0.5635568576388889 0.02064599609375 0.05419704861111111
1 0.1071591796875 0.56141796875 0.004357421875 0.008252604166666667
1 0.177438232421875 0.6864917534722221 0.00624365234375 0.011872395833333334
1 0.179937255859375 0.8001419270833333 0.02296044921875 0.05514496527777778
1 0.144595703125 0.7890329861111112 0.00794140625 0.03466319444444445
1 0.318885009765625 0.9388224826388889 0.00788720703125 0.02347829861111111
1 0.12412353515625 0.938720920138889 0.0050830078125 0.007650173611111112
1 0.448384033203125 0.8445164930555555 0.00516650390625 0.02063020833333333
1 0.0093857421875 0.6378098958333333 0.007052734375 0.015203125
