2 0.4998046875 0.5911458333333334 0.999609375 0.8159722222222222
1 0.08779296875 0.8090277777777778 0.0125 0.024305555555555556
1 0.50546875 0.34687500000000004 0.036328125 0.04791666666666667
1 0.502734375 0.30538194444444444 0.011328125 0.025694444444444447
1 0.31171875 0.6638888888888889 0.01796875 0.04652777777777778
1 0.106640625 0.921875 0.016015625 0.03125
1 0.6501953125 0.5079861111111111 0.0171875 0.02638888888888889
1 0.4798828125 0.5361111111111111 0.02421875 0.027083333333333334
1 0.5275390625 0.5756944444444445 0.00625 0.009027777777777779
1 0.56259765625 0.5562499999999999 0.008984375 0.015277777777777779
1 0.8708984375 0.8590277777777778 0.009375 0.020138888888888887
