2 0.5 0.49130972222222224 1.0 0.9826194444444445
1 0.76501640625 0.6687708333333333 0.012324479166666668 0.03198611111111111
1 0.9543453125 0.5914833333333334 0.008690625 0.04407777777777778
1 0.9813578125000001 0.6177643518518519 0.011673958333333335 0.026269444444444442
1 0.9632591145833334 0.38054027777777777 0.004643229166666666 0.038858333333333335
1 0.7003763020833333 0.8138476851851852 0.0184609375 0.04436203703703704
1 0.3710372395833333 0.5834356481481482 0.011866145833333334 0.02242685185185185
1 0.3905666666666667 0.2933203703703704 0.013425 0.021825925925925926
1 0.20324322916666665 0.2081050925925926 0.007528125 0.01991388888888889
1 0.91562578125 0.15785879629629632 0.005209895833333334 0.03608796296296297
1 0.7717822916666666 0.08761018518518518 0.010231249999999999 0.03447962962962963
1 0.8678684895833333 0.4592523148148148 0.007611979166666667 0.024060185185185184
1 0.07930572916666666 0.14601527777777779 0.005486458333333334 0.017956481481481483
1 0.9780197916666666 0.8138939814814815 0.00708125 0.022232407407407406
