2 0.5 0.47396064814814814 1.0 0.9479212962962963
2 0.8765471354166666 0.9262185185185186 0.0353859375 0.026511111111111114
1 0.5223770833333333 0.3924476851851852 0.0155875 0.07933981481481481
1 0.6544270833333333 0.3718740740740741 0.009895833333333333 0.028933333333333335
1 0.7606799479166667 0.7390120370370371 0.04323489583333333 0.06135740740740741
1 0.6995567708333332 0.7977236111111111 0.011613541666666666 0.021373148148148148
1 0.5565403645833332 0.8400824074074074 0.014122395833333332 0.02646111111111111
1 0.5632372395833334 0.888425925925926 0.010849479166666667 0.017592592592592594
1 0.36198854166666666 0.7364231481481481 0.03126875 0.03766111111111111
1 0.3702671875 0.7589601851851852 0.011367708333333334 0.019772222222222222
1 0.34512916666666665 0.8401666666666666 0.006925 0.013666666666666667
1 0.25402552083333335 0.7357064814814814 0.011176041666666666 0.023264814814814815
1 0.2348546875 0.7692074074074075 0.024917708333333333 0.01434074074074074
1 0.26030572916666667 0.6815421296296297 0.010194791666666668 0.02234351851851852
1 0.14437473958333333 0.5891662037037037 0.011666145833333334 0.032036111111111105
1 0.16505130208333335 0.7063041666666666 0.009269270833333334 0.02001574074074074
1 0.135603125 0.22460416666666666 0.01183125 0.019578703703703702
1 0.1317125 0.19836481481481483 0.0061333333333333335 0.009692592592592593
1 0.09997447916666666 0.3558921296296296 0.004115625 0.019191666666666666
1 0.14634270833333335 0.3725458333333333 0.00414375 0.0062027777777777775
1 0.37154791666666664 0.08910092592592593 0.03892916666666667 0.01894259259259259
1 0.4407888020833333 0.07316435185185186 0.0149109375 0.020402777777777777
1 0.5801825520833332 0.038507870370370366 0.0093234375 0.023312037037037037
1 0.5270072916666667 0.20506944444444444 0.02276458333333333 0.034212962962962966
1 0.47462499999999996 0.2626305555555556 0.01175 0.01415
1 0.9988289062500001 0.14682592592592592 0.0018244791666666667 0.006614814814814815
1 0.9011091145833333 0.2323138888888889 0.005343229166666667 0.00722037037037037
1 0.9080812500000001 0.714625 0.021370833333333332 0.025546296296296296
1 0.83990546875 0.7486967592592593 0.0173109375 0.02146759259259259
1 0.6693825520833333 0.7558574074074075 0.024181770833333335 0.013566666666666666
1 0.8007815104166667 0.1905787037037037 0.004688020833333333 0.014490740740740742
1 0.6250580729166667 0.43788379629629626 0.008449479166666666 0.02021203703703704
1 0.72723515625 0.17929351851851852 0.0044703125 0.015994444444444447
1 0.7927531250000001 0.46344583333333333 0.008422916666666667 0.01948425925925926
1 0.8518763020833333 0.6806263888888889 0.015210937499999999 0.018660185185185182
