2 0.5164635416666666 0.5573444444444444 0.9673020833333333 0.8850592592592593
1 0.534784375 0.24462314814814815 0.017485416666666666 0.04109814814814815
1 0.6707835937500001 0.7942763888888889 0.021775520833333332 0.027441666666666666
1 0.7187143229166666 0.8180324074074075 0.008261979166666666 0.021249999999999998
1 0.6105250000000001 0.6878444444444444 0.006466666666666667 0.01642962962962963
1 0.4310322916666667 0.8585888888888888 0.014147916666666668 0.022733333333333335
1 0.9685109375 0.44267222222222224 0.008896875 0.024233333333333332
1 0.41257187500000003 0.31951574074074074 0.00639375 0.011253703703703703
1 0.8633549479166667 0.7597486111111111 0.020459895833333335 0.06208981481481482
1 0.5823473958333333 0.976111574074074 0.009486458333333333 0.01333425925925926
1 0.5960398437500001 0.9868675925925926 0.0045796874999999996 0.012624074074074074
