2 0.5 0.5 1.0 1.0
1 0.97991552734375 0.5624613715277778 0.0106123046875 0.02075607638888889
1 0.915897216796875 0.19965972222222222 0.00855224609375 0.029527777777777778
1 0.9655009765625 0.13687413194444445 0.013033203125 0.020276041666666668
1 0.82348876953125 0.2845959201388889 0.0151416015625 0.06919184027777778
1 0.691481689453125 0.11198741319444444 0.03921337890625 0.06251649305555557
1 0.773014892578125 0.1705251736111111 0.00696728515625 0.03202256944444445
1 0.63534765625 0.28298958333333335 0.0226484375 0.05382638888888889
1 0.6676220703125 0.24947352430555558 0.015908203125 0.033669270833333334
1 0.60735888671875 0.34628515625 0.0096396484375 0.015486979166666668
1 0.683813720703125 0.32578689236111114 0.01020556640625 0.01962934027777778
1 0.7865859375 0.019440972222222224 0.006765625 0.011104166666666667
1 0.790727783203125 0.0322109375 0.00821337890625 0.015810763888888888
1 0.771127197265625 0.040021701388888886 0.02858251953125 0.08004340277777777
1 0.603776123046875 0.10709505208333334 0.01907568359375 0.021481770833333334
1 0.488817626953125 0.25381032986111113 0.01083837890625 0.024981770833333333
1 0.49318603515625 0.18094878472222223 0.0068798828125 0.016411458333333333
1 0.481185791015625 0.19097005208333334 0.00534033203125 0.0121484375
1 0.534806396484375 0.37227604166666667 0.02957373046875 0.04489930555555555
1 0.520687255859375 0.8138828124999999 0.00719482421875 0.01665451388888889
1 0.4520146484375 0.9397282986111111 0.023169921875 0.040914930555555555
1 0.450067626953125 0.8396124131944445 0.00755712890625 0.010822048611111112
1 0.287138671875 0.06272482638888889 0.00884765625 0.009130208333333334
1 0.31591455078125 0.09043229166666666 0.0263603515625 0.05933680555555555
1 0.351273193359375 0.1734587673611111 0.00918701171875 0.01705642361111111
1 0.24902783203125 0.17421137152777777 0.0166103515625 0.03592274305555556
1 0.164360107421875 0.19138628472222222 0.01133740234375 0.016453125
1 0.234954345703125 0.23448958333333333 0.00604150390625 0.036687500000000005
1 0.22117529296875 0.22886631944444444 0.0087568359375 0.009815972222222222
1 0.2012119140625 0.37001171875 0.008869140625 0.02300954861111111
1 0.19530419921875 0.4889865451388889 0.0107255859375 0.0283203125
1 0.18535693359375 0.51521484375 0.0045029296875 0.0148046875
1 0.26233544921875 0.5610972222222222 0.0100224609375 0.03886111111111111
1 0.226598388671875 0.5002734375000001 0.00495458984375 0.016171875
1 0.3176083984375 0.8114127604166667 0.013146484375 0.020394965277777777
1 0.382922607421875 0.8091137152777779 0.02658740234375 0.041838541666666666
1 0.361197265625 0.6898276909722223 0.00950390625 0.018544270833333334
1 0.244754638671875 0.868 0.01782958984375 0.041555555555555554
1 0.2571083984375 0.9087934027777779 0.012263671875 0.022447916666666665
1 0.23071337890625 0.8038676215277778 0.0092783203125 0.01745746527777778
1 0.19342626953125 0.7852569444444444 0.0069697265625 0.016694444444444442
1 0.175177001953125 0.7874904513888888 0.01343994140625 0.021161458333333334
1 0.20744921875 0.7125616319444444 0.01353125 0.01713715277777778
1 0.228111572265625 0.9681080729166668 0.00993408203125 0.04211892361111111
1 0.22444775390625 0.9297942708333333 0.0074892578125 0.019310763888888888
1 0.099876708984375 0.9861132812500001 0.01518310546875 0.027782118055555558
1 0.213212646484375 0.9478585069444444 0.01040966796875 0.02071701388888889
1 0.33775732421875 0.9719448784722222 0.0046162109375 0.008125868055555556
1 0.407802978515625 0.6637191840277779 0.01384814453125 0.0218828125
1 0.351718994140625 0.7518363715277778 0.01984423828125 0.02276996527777778
1 0.227837890625 0.3104743923611111 0.01036328125 0.015046006944444443
1 0.2625830078125 0.4509908854166667 0.005634765625 0.007884548611111111
1 0.42157958984375 0.7907799479166667 0.0062451171875 0.010379340277777779
1 0.22039794921875 0.19149609374999998 0.0052490234375 0.011464409722222223
1 0.061272216796875 0.16287413194444444 0.00731005859375 0.020192708333333333
1 0.882379150390625 0.5885147569444444 0.00694580078125 0.02598784722222222
