2 0.5 0.5506981481481482 1.0 0.8976925925925926
1 0.41310546875000004 0.7184870370370371 0.008502604166666667 0.016603703703703704
1 0.20926067708333335 0.5295208333333333 0.0070630208333333335 0.014597222222222223
1 0.17023749999999999 0.3714467592592593 0.010266666666666667 0.01511574074074074
1 0.26828802083333336 0.28497314814814817 0.021992708333333333 0.0199462962962963
1 0.19242213541666667 0.4410685185185185 0.006719270833333333 0.02843333333333333
1 0.28381953125 0.23904999999999998 0.006180729166666667 0.009581481481481482
1 0.6826992187500001 0.2518175925925926 0.02685677083333333 0.05733888888888889
1 0.63829296875 0.28882037037037034 0.005752604166666666 0.014677777777777777
1 0.7330794270833334 0.49218009259259254 0.025533854166666665 0.049175
1 0.7977044270833333 0.5779162037037037 0.008950520833333333 0.03361018518518519
1 0.6137239583333333 0.5090384259259259 0.01703125 0.021780555555555556
1 0.6105861979166666 0.5867245370370371 0.011797395833333333 0.027152777777777776
1 0.6447166666666667 0.613225925925926 0.015475 0.03200740740740741
1 0.5077848958333333 0.610699074074074 0.009319791666666665 0.015842592592592592
1 0.7454593749999999 0.6887662037037037 0.00654375 0.012717592592592593
1 0.46584687500000005 0.7585208333333333 0.015027083333333333 0.017041666666666667
1 0.4324908854166667 0.7095976851851852 0.014981770833333333 0.022899074074074075
1 0.8880177083333333 0.43475555555555556 0.051035416666666666 0.025066666666666664
1 0.8697036458333333 0.6570254629629629 0.010240625 0.012199074074074074
1 0.7357549479166666 0.883712037037037 0.0069265624999999996 0.01372037037037037
1 0.6761658854166667 0.8970925925925926 0.0064984375 0.016407407407407405
1 0.6949098958333334 0.9013819444444444 0.009611458333333333 0.015726851851851853
1 0.8154138020833333 0.8287893518518519 0.009994270833333334 0.027949074074074074
1 0.8499505208333333 0.8136416666666666 0.007192708333333334 0.01432037037037037
1 0.88696328125 0.7169981481481481 0.0083015625 0.017329629629629632
1 0.8287395833333334 0.7234180555555556 0.010604166666666666 0.028317592592592592
1 0.6354088541666666 0.5463226851851852 0.004151041666666667 0.007460185185185185
1 0.9449106770833333 0.5817935185185185 0.007529687500000001 0.030253703703703703
1 0.9206377604166666 0.720624537037037 0.006900520833333334 0.015323148148148148
1 0.9562606770833334 0.6636046296296296 0.006271354166666667 0.012394444444444444
1 0.8996643229166666 0.7944287037037037 0.008703645833333332 0.02033888888888889
1 0.50869765625 0.18430092592592595 0.006978645833333333 0.029712962962962965
