2 0.49973958333333335 0.5375 0.9994791666666667 0.9231481481481482
1 0.13151041666666666 0.3226851851851852 0.009895833333333333 0.03611111111111111
1 0.0026041666666666665 0.42083333333333334 0.005208333333333333 0.025
1 0.003125 0.49027777777777776 0.00625 0.026851851851851852
1 0.19635416666666666 0.38981481481481484 0.03229166666666667 0.06481481481481481
1 0.18776041666666668 0.30972222222222223 0.0171875 0.09537037037037037
1 0.203125 0.5606481481481481 0.015625 0.03796296296296296
1 0.09895833333333333 0.7032407407407407 0.027083333333333334 0.05462962962962963
1 0.16848958333333333 0.6712962962962963 0.0078125 0.018518518518518517
1 0.140625 0.8476851851851852 0.008333333333333333 0.019444444444444445
1 0.28828125 0.6402777777777777 0.019270833333333334 0.03425925925925926
1 0.31614583333333335 0.7412037037037037 0.004166666666666667 0.030555555555555555
1 0.6799479166666667 0.762962962962963 0.011979166666666667 0.05185185185185185
1 0.7177083333333333 0.7972222222222223 0.03125 0.05185185185185185
1 0.80859375 0.6476851851851851 0.0140625 0.032407407407407406
1 0.753125 0.7055555555555556 0.010416666666666666 0.022222222222222223
1 0.8372395833333334 0.6939814814814815 0.0067708333333333336 0.023148148148148147
1 0.83046875 0.5773148148148148 0.008854166666666666 0.026851851851851852
1 0.8380208333333333 0.637962962962963 0.005208333333333333 0.014814814814814815
1 0.8505208333333333 0.5560185185185185 0.005208333333333333 0.012037037037037037
1 0.9026041666666667 0.5319444444444444 0.009375 0.023148148148148147
1 0.8169270833333333 0.43425925925925923 0.011979166666666667 0.03333333333333333
1 0.7932291666666667 0.38425925925925924 0.013541666666666667 0.03888888888888889
1 0.728125 0.36018518518518516 0.015625 0.05
1 0.61796875 0.1449074074074074 0.0140625 0.03425925925925926
1 0.7817708333333333 0.2898148148148148 0.00625 0.011111111111111112
1 0.82265625 0.34953703703703703 0.011979166666666667 0.01574074074074074
1 0.8260416666666667 0.3962962962962963 0.007291666666666667 0.012962962962962963
1 0.8372395833333334 0.9717592592592592 0.019270833333333334 0.05462962962962963
1 0.91796875 0.8208333333333333 0.0078125 0.021296296296296296
