2 0.49973958333333335 0.5296296296296297 0.9994791666666667 0.9388888888888889
1 0.11119791666666666 0.7796296296296297 0.0234375 0.040740740740740744
1 0.8330729166666667 0.24027777777777778 0.021354166666666667 0.0787037037037037
1 0.5380208333333333 0.8064814814814815 0.013541666666666667 0.04259259259259259
1 0.6403645833333333 0.29583333333333334 0.0234375 0.026851851851851852
1 0.23046875 0.34120370370370373 0.0234375 0.03981481481481482
1 0.042708333333333334 0.5560185185185185 0.014583333333333334 0.0787037037037037
1 0.546875 0.32592592592592595 0.025 0.020370370370370372
1 0.41484375 0.29953703703703705 0.005729166666666666 0.010185185185185186
1 0.209375 0.6620370370370371 0.013541666666666667 0.012962962962962963
1 0.14166666666666666 0.6486111111111111 0.007291666666666667 0.01574074074074074
1 0.15625 0.5898148148148148 0.01875 0.014814814814814815
1 0.9619791666666667 0.8587962962962963 0.009375 0.01574074074074074
1 0.9223958333333333 0.9875 0.010416666666666666 0.023148148148148147
