2 0.5205763020833333 0.5802731481481481 0.9588609375 0.8401759259259259
1 0.38332578125 0.38720740740740744 0.04581822916666667 0.04108148148148148
1 0.69628046875 0.941399537037037 0.012352604166666666 0.023539814814814812
1 0.54963203125 0.9598175925925927 0.020097395833333333 0.0307462962962963
1 0.6307572916666667 0.907774537037037 0.01568125 0.047030555555555555
1 0.7775791666666667 0.6570412037037038 0.017658333333333335 0.05852685185185186
1 0.9293020833333333 0.8091004629629629 0.006520833333333333 0.05523796296296296
1 0.94225625 0.7493712962962963 0.0157625 0.03763148148148148
1 0.92005859375 0.5296018518518518 0.006783854166666667 0.020314814814814817
1 0.7587708333333333 0.5222476851851852 0.0050416666666666665 0.05375462962962963
1 0.4806109375 0.40611898148148146 0.007055208333333333 0.051126851851851854
1 0.7005401041666667 0.18978981481481483 0.009413541666666667 0.024024074074074076
1 0.45926875 0.3694537037037037 0.011245833333333333 0.027796296296296295
1 0.5982192708333333 0.5384087962962962 0.005813541666666667 0.017558333333333336
