2 0.5 0.4615087962962963 1.0 0.9230175925925926
1 0.14115208333333334 0.34397592592592596 0.012512500000000001 0.028692592592592592
1 0.18412942708333332 0.6009208333333333 0.019300520833333334 0.04628611111111111
1 0.18471901041666666 0.501924074074074 0.014229687500000001 0.03532962962962963
1 0.20109817708333333 0.0037412037037037036 0.01573802083333333 0.007482407407407407
1 0.48898697916666667 0.6500791666666667 0.012348958333333333 0.024232407407407407
1 0.34192578124999995 0.8361018518518518 0.02030989583333333 0.029611111111111112
1 0.3808606770833334 0.8857013888888889 0.022138020833333334 0.04177314814814815
1 0.30099166666666666 0.8223300925925926 0.008233333333333334 0.022437962962962965
1 0.5074106770833333 0.5916925925925927 0.0064880208333333335 0.02597777777777778
1 0.71414375 0.6701912037037038 0.010579166666666667 0.029271296296296295
1 0.7392372395833333 0.2513884259259259 0.0211828125 0.026850925925925924
1 0.7715122395833334 0.32383101851851853 0.0169828125 0.03469907407407408
1 0.8204169270833332 0.2601439814814815 0.016875520833333334 0.023991666666666668
1 0.7777557291666667 0.34882314814814813 0.009678125000000001 0.019868518518518518
1 0.8624122395833334 0.6521527777777778 0.007116145833333334 0.03208333333333333
1 0.8952614583333334 0.6198972222222222 0.013439583333333333 0.030535185185185186
1 0.4851997395833333 0.7306986111111111 0.008941145833333334 0.01880462962962963
1 0.34611562500000004 0.031162500000000003 0.016189583333333334 0.045658333333333335
1 0.6701093749999999 0.18567824074074074 0.00896875 0.015800925925925927
1 0.75860703125 0.7346254629629629 0.009922395833333332 0.017399074074074074
