2 0.5 0.4716208333333333 1.0 0.9432416666666666
1 0.7277244791666667 0.31101944444444446 0.022115625000000003 0.047964814814814814
1 0.7163596354166667 0.08821666666666667 0.0243859375 0.057914814814814815
1 0.7040807291666666 0.16221712962962964 0.022744791666666667 0.029989814814814816
1 0.72416328125 0.2264361111111111 0.0170765625 0.017687037037037036
1 0.8719497395833333 0.11193194444444445 0.018899479166666667 0.036826851851851854
1 0.69849453125 0.051246759259259256 0.023030729166666666 0.02286388888888889
1 0.9889854166666667 0.317962037037037 0.011304166666666667 0.015553703703703702
1 0.8427822916666667 0.8193513888888889 0.015772916666666668 0.01833240740740741
1 0.8180447916666667 0.7779810185185185 0.007964583333333334 0.020776851851851852
1 0.9261611979166666 0.7536296296296295 0.010655729166666666 0.03874074074074074
1 0.9805302083333333 0.6382166666666667 0.012102083333333334 0.03384074074074074
1 0.62828984375 0.9053361111111111 0.0159546875 0.04215370370370371
1 0.5107609375000001 0.7603796296296297 0.02256354166666667 0.046685185185185184
1 0.4963192708333333 0.7241106481481481 0.030138541666666668 0.035258333333333336
1 0.4105755208333333 0.7407194444444444 0.005526041666666666 0.01106851851851852
1 0.45986901041666667 0.551687037037037 0.020779687499999998 0.034855555555555556
1 0.5366783854166666 0.6132138888888888 0.016065104166666667 0.01716851851851852
1 0.49527812499999996 0.5275013888888889 0.033264583333333334 0.05685462962962963
1 0.5346799479166666 0.5386 0.0141515625 0.06794074074074075
1 0.4026484375 0.49366898148148153 0.03133854166666667 0.048449074074074075
1 0.37544192708333335 0.4191546296296296 0.036300520833333336 0.10312407407407408
1 0.4456059895833333 0.3443550925925926 0.02871197916666667 0.0498212962962963
1 0.42446640625 0.25707546296296296 0.032266145833333336 0.025262037037037038
1 0.5407471354166666 0.35237453703703703 0.012744270833333333 0.023267592592592593
1 0.52250234375 0.3451125 0.0106296875 0.019854629629629632
1 0.4038950520833334 0.38225601851851854 0.029665104166666668 0.0700675925925926
1 0.48184947916666665 0.2789509259259259 0.011615625 0.01901296296296296
1 0.3237447916666667 0.4800486111111111 0.00790625 0.056393518518518516
1 0.5255346354166667 0.4464472222222222 0.016694270833333334 0.03919074074074074
1 0.50677578125 0.4446953703703704 0.009384895833333332 0.01716851851851852
1 0.3369494791666667 0.3742402777777778 0.010357291666666666 0.028110185185185186
1 0.5617442708333333 0.10549907407407406 0.017238541666666666 0.029516666666666667
1 0.38158723958333335 0.018014814814814813 0.019424479166666668 0.021214814814814815
1 0.25622552083333333 0.7454152777777777 0.014534374999999999 0.037126851851851855
1 0.596334375 0.14368842592592593 0.010377083333333334 0.026265740740740742
1 0.6143770833333334 0.1638412037037037 0.014170833333333332 0.036941666666666664
1 0.6894247395833334 0.25986898148148146 0.008016145833333333 0.03825648148148148
