2 0.5 0.5143032407407407 1.0 0.971199074074074
1 0.36582291666666666 0.4552013888888889 0.014979166666666667 0.028921296296296296
1 0.5090109375 0.19078425925925926 0.02948020833333333 0.026012962962962963
1 0.5944666666666667 0.21633194444444445 0.02851666666666667 0.04933055555555556
1 0.5560979166666667 0.1352162037037037 0.009070833333333334 0.014876851851851851
1 0.6522723958333334 0.19273842592592594 0.016003125 0.028069444444444445
1 0.5206236979166666 0.6083601851851852 0.018330729166666667 0.011164814814814815
1 0.3401044270833333 0.6511967592592592 0.0197921875 0.015356481481481483
1 0.37787473958333334 0.9608523148148147 0.014082812500000002 0.018000925925925924
1 0.7066874999999999 0.4216166666666667 0.011291666666666667 0.022862962962962963
1 0.8761916666666667 0.30550694444444443 0.008633333333333333 0.02397685185185185
1 0.9118552083333333 0.45773935185185183 0.00704375 0.02103425925925926
1 0.9432809895833334 0.4029037037037037 0.0073953125 0.015066666666666666
1 0.974653125 0.39923842592592595 0.007639583333333333 0.024402777777777777
1 0.48287109375 0.9679592592592592 0.019908854166666667 0.04702962962962963
