2 0.5 0.5315930555555556 1.0 0.9372601851851852
1 0.2319421875 0.7783245370370371 0.008676041666666667 0.01961203703703704
1 0.24775625 0.7240273148148147 0.013220833333333333 0.068425
1 0.2281203125 0.5317833333333334 0.008323958333333333 0.022825925925925927
1 0.29867473958333335 0.31730648148148144 0.014016145833333334 0.025353703703703705
1 0.3101044270833333 0.24853981481481482 0.0160421875 0.03041296296296296
1 0.9194401041666667 0.8605180555555556 0.011796875 0.045110185185185184
1 0.7956018229166666 0.5214722222222222 0.0109953125 0.02627777777777778
1 0.7811703125 0.5017069444444444 0.016507291666666667 0.031191666666666666
1 0.7574614583333333 0.18807037037037036 0.012839583333333333 0.020585185185185186
1 0.84976328125 0.5137375 0.006818229166666666 0.03673425925925926
1 0.7983729166666667 0.5839245370370371 0.014454166666666666 0.025256481481481484
1 0.9131502604166666 0.6556115740740741 0.0117171875 0.02418611111111111
1 0.62468671875 0.3349662037037037 0.013956770833333333 0.07178425925925926
