2 0.5035458333333334 0.5221694444444445 0.9925083333333333 0.95545
1 0.7178515625 0.22839351851851852 0.048203125 0.09567592592592593
1 0.9889846354166667 0.35791574074074073 0.012344270833333334 0.039905555555555555
1 0.8652419270833334 0.40417592592592594 0.017983854166666667 0.02501851851851852
1 0.6585364583333334 0.3849601851851852 0.02228125 0.04214259259259259
1 0.6471700520833333 0.2282273148148148 0.0307984375 0.05460277777777778
1 0.9455807291666667 0.6708162037037037 0.006786458333333333 0.024965740740740743
1 0.5726713541666667 0.6701481481481482 0.019301041666666668 0.03844444444444445
1 0.5726859375 0.8303319444444445 0.013080208333333334 0.04029351851851852
1 0.66680625 0.776275462962963 0.016945833333333334 0.021069444444444443
1 0.5055 0.9294194444444445 0.014125 0.023653703703703705
1 0.5349398437499999 0.9137763888888889 0.0136296875 0.025700925925925926
1 0.8914416666666667 0.9583717592592593 0.007883333333333332 0.014891666666666666
1 0.9201700520833334 0.9220935185185185 0.007006770833333333 0.010853703703703704
1 0.91699140625 0.9613925925925927 0.0058578125 0.01722962962962963
1 0.9110953125000001 0.8361495370370371 0.008648958333333335 0.014891666666666666
1 0.8038570312500001 0.8089819444444445 0.011880729166666666 0.012408333333333334
1 0.8082078125 0.7842708333333334 0.023707291666666668 0.012986111111111111
1 0.76423515625 0.7454138888888889 0.008678645833333333 0.007494444444444444
1 0.9537901041666667 0.42644953703703703 0.008621875 0.01771388888888889
1 0.9126046875 0.5167305555555555 0.006459375 0.013090740740740741
1 0.5146166666666666 0.26813657407407404 0.009441666666666666 0.023310185185185187
1 0.5237502604166667 0.20238935185185186 0.0047921875000000004 0.032556481481481485
1 0.6720338541666667 0.2879 0.008651041666666666 0.018392592592592592
1 0.4836145833333333 0.45583564814814814 0.007854166666666667 0.019078703703703705
1 0.36095546875 0.42378842592592597 0.013577604166666667 0.02720648148148148
1 0.34161536458333336 0.4265013888888889 0.0134390625 0.01596574074074074
1 0.5217473958333333 0.7831981481481481 0.007036458333333333 0.0201
1 0.52786640625 0.7577782407407407 0.01719114583333333 0.028519444444444444
1 0.5122020833333333 0.7402111111111112 0.015029166666666668 0.02671851851851852
1 0.313234375 0.6901657407407408 0.008760416666666666 0.01922037037037037
1 0.2966640625 0.771449537037037 0.008953125000000001 0.024380555555555555
1 0.3225942708333333 0.8333449074074074 0.010813541666666667 0.018541666666666665
1 0.33937213541666666 0.8319324074074074 0.0079109375 0.017568518518518518
1 0.3003533854166667 0.8848796296296296 0.0038317708333333333 0.017907407407407407
1 0.32509192708333334 0.8916203703703705 0.0085171875 0.029537037037037035
1 0.3155109375 0.9476490740740741 0.007063541666666667 0.01752037037037037
1 0.24474583333333333 0.6726027777777778 0.0072 0.013724074074074073
1 0.20801302083333334 0.8853384259259259 0.0076927083333333335 0.024380555555555555
1 0.2782143229166667 0.4598287037037037 0.0105953125 0.02150925925925926
1 0.25705651041666666 0.3779430555555555 0.021404687500000002 0.044775
1 0.25626067708333333 0.1952925925925926 0.0041880208333333335 0.007251851851851851
1 0.29535989583333333 0.08826990740740741 0.010511458333333333 0.015428703703703703
1 0.4076486979166667 0.5615444444444444 0.018422395833333334 0.04345925925925926
1 0.4235028645833333 0.6571324074074074 0.004297395833333333 0.00870925925925926
1 0.5095127604166667 0.8535754629629629 0.02110885416666667 0.04233611111111111
1 0.64092734375 0.54435 0.018313020833333336 0.031292592592592594
1 0.3405236979166667 0.2662569444444444 0.030005729166666665 0.06399537037037037
