2 0.49973958333333335 0.5467592592592593 0.9994791666666667 0.9046296296296297
1 0.36692708333333335 0.3902777777777778 0.011979166666666667 0.021296296296296296
1 0.4080729166666667 0.33240740740740743 0.019270833333333334 0.044444444444444446
1 0.3640625 0.5263888888888889 0.03229166666666667 0.03425925925925926
1 0.3734375 0.49398148148148147 0.019791666666666666 0.028703703703703703
1 0.06197916666666667 0.33935185185185185 0.01875 0.049074074074074076
1 0.06822916666666666 0.2824074074074074 0.008333333333333333 0.020370370370370372
1 0.07291666666666667 0.4013888888888889 0.009375 0.025
1 0.14322916666666666 0.46805555555555556 0.014583333333333334 0.032407407407407406
1 0.15442708333333333 0.40694444444444444 0.013020833333333334 0.03981481481481482
1 0.30182291666666666 0.42824074074074076 0.0171875 0.041666666666666664
1 0.31328125 0.20092592592592592 0.0109375 0.020370370370370372
1 0.35885416666666664 0.20277777777777778 0.011458333333333333 0.03518518518518519
1 0.30026041666666664 0.17824074074074073 0.009895833333333333 0.013888888888888888
1 0.35572916666666665 0.5837962962962963 0.029166666666666667 0.05092592592592592
1 0.41822916666666665 0.6782407407407407 0.022916666666666665 0.049074074074074076
1 0.8041666666666667 0.3648148148148148 0.014583333333333334 0.03148148148148148
1 0.5546875 0.8842592592592593 0.026041666666666668 0.08703703703703704
1 0.5263020833333333 0.8050925925925926 0.013020833333333334 0.021296296296296296
1 0.8861979166666667 0.6046296296296296 0.019270833333333334 0.07222222222222222
1 0.58671875 0.48194444444444445 0.0140625 0.023148148148148147
