2 0.032568603515625 0.5806961805555555 0.03974658203125 0.03292013888888889
2 0.5 0.43886458333333334 1.0 0.8777291666666667
1 0.630336181640625 0.29982118055555557 0.02825048828125 0.03540625
1 0.58658935546875 0.08945225694444445 0.0139990234375 0.045223958333333335
1 0.365618896484375 0.3116462673611111 0.00369873046875 0.006973090277777778
1 0.34651806640625 0.07033203125000001 0.0104189453125 0.022608506944444447
1 0.280316162109375 0.1432712673611111 0.00496826171875 0.01570920138888889
1 0.329218505859375 0.024398437499999998 0.00414013671875 0.005394097222222223
1 0.9333759765625 0.3187552083333334 0.008353515625 0.026399305555555554
1 0.972203369140625 0.4470125868055555 0.00397705078125 0.0172890625
1 0.058270263671875 0.4816831597222222 0.00618896484375 0.006769097222222222
