2 0.5 0.5 1.0 1.0
1 0.9541078125 0.5400995370370371 0.0071739583333333325 0.01723611111111111
1 0.4233291666666667 0.9840888888888889 0.02061666666666667 0.03114074074074074
1 0.43741328124999995 0.9472467592592593 0.013368229166666667 0.025975
1 0.16124765625 0.8239731481481481 0.018328645833333334 0.03127962962962963
1 0.13644348958333333 0.7731287037037038 0.0124703125 0.033294444444444446
1 0.034092447916666664 0.4562351851851852 0.011934895833333332 0.030988888888888892
1 0.024051041666666665 0.5253523148148148 0.01789375 0.02292685185185185
1 0.0181703125 0.5268944444444444 0.0071739583333333325 0.01675185185185185
1 0.11446015625 0.5744231481481481 0.0132953125 0.017364814814814816
1 0.06753619791666667 0.3066611111111111 0.006947395833333333 0.05591481481481481
1 0.6921703125 0.1744587962962963 0.008298958333333334 0.035954629629629635
1 0.50631796875 0.24668564814814814 0.0074276041666666666 0.01744537037037037
