2 0.4768208333333333 0.4065064814814815 0.9536416666666666 0.813012962962963
1 0.55658828125 0.5876564814814814 0.015259895833333334 0.03086851851851852
1 0.5229166666666667 0.48576898148148145 0.034375 0.03635277777777778
1 0.5145848958333333 0.4007675925925926 0.013544791666666667 0.023757407407407408
1 0.5779252604166667 0.5283462962962964 0.0100171875 0.019655555555555558
1 0.33374765624999997 0.3289490740740741 0.008120312499999999 0.01900925925925926
1 0.51345078125 0.7350092592592592 0.0206515625 0.027425925925925927
1 0.15793229166666667 0.2766768518518518 0.014822916666666667 0.02927962962962963
1 0.2682177083333333 0.5123337962962964 0.009352083333333334 0.030223148148148145
1 0.2637325520833333 0.8022611111111111 0.007673437500000001 0.017485185185185187
1 0.5351945312499999 0.3320824074074074 0.008930729166666667 0.019720370370370367
1 0.6006028645833333 0.09762916666666666 0.007455729166666666 0.01933240740740741
1 0.43163828125 0.5144824074074074 0.0757765625 0.11044629629629629
