2 0.5015625 0.5486111111111112 0.9958333333333333 0.9009259259259259
1 0.31223958333333335 0.21064814814814814 0.0109375 0.021296296296296296
1 0.3736979166666667 0.17453703703703705 0.008854166666666666 0.019444444444444445
1 0.09166666666666666 0.28055555555555556 0.007291666666666667 0.020370370370370372
1 0.2765625 0.3277777777777778 0.019791666666666666 0.044444444444444446
1 0.35520833333333335 0.4013888888888889 0.010416666666666666 0.01574074074074074
1 0.28880208333333335 0.412962962962963 0.013020833333333334 0.020370370370370372
1 0.30572916666666666 0.3 0.009375 0.005555555555555556
1 0.365625 0.3138888888888889 0.010416666666666666 0.022222222222222223
1 0.41302083333333334 0.4050925925925926 0.010416666666666666 0.013888888888888888
1 0.3106770833333333 0.44027777777777777 0.009895833333333333 0.010185185185185186
1 0.31223958333333335 0.399537037037037 0.005729166666666666 0.008333333333333333
1 0.23984375 0.49212962962962964 0.011979166666666667 0.019444444444444445
1 0.2140625 0.6013888888888889 0.010416666666666666 0.019444444444444445
1 0.43203125 0.7398148148148148 0.013020833333333334 0.020370370370370372
1 0.5033854166666667 0.8675925925925926 0.0234375 0.046296296296296294
1 0.51796875 0.8162037037037037 0.03802083333333333 0.05648148148148148
1 0.6861979166666666 0.9777777777777777 0.0171875 0.02962962962962963
1 0.71875 0.9685185185185186 0.008333333333333333 0.025925925925925925
1 0.6690104166666667 0.875 0.0171875 0.03888888888888889
1 0.9520833333333333 0.9310185185185185 0.010416666666666666 0.04722222222222222
1 0.6401041666666667 0.7962962962962963 0.025 0.03518518518518519
1 0.6598958333333333 0.799537037037037 0.011458333333333333 0.062037037037037036
1 0.6364583333333333 0.750462962962963 0.035416666666666666 0.049074074074074076
1 0.5895833333333333 0.6287037037037037 0.01875 0.027777777777777776
1 0.69375 0.7 0.011458333333333333 0.025925925925925925
1 0.74140625 0.6013888888888889 0.011979166666666667 0.025
1 0.78515625 0.5370370370370371 0.019270833333333334 0.03333333333333333
1 0.8471354166666667 0.7328703703703704 0.009895833333333333 0.013888888888888888
1 0.9752604166666666 0.8064814814814815 0.0067708333333333336 0.024074074074074074
1 0.8640625 0.6449074074074074 0.015625 0.03425925925925926
1 0.84453125 0.6097222222222223 0.009895833333333333 0.01574074074074074
1 0.5434895833333333 0.412962962962963 0.0109375 0.016666666666666666
1 0.5934895833333333 0.3486111111111111 0.011979166666666667 0.026851851851851852
1 0.83671875 0.5611111111111111 0.021354166666666667 0.044444444444444446
1 0.853125 0.5152777777777777 0.019791666666666666 0.019444444444444445
1 0.9489583333333333 0.5148148148148148 0.009375 0.022222222222222223
1 0.9778645833333334 0.38472222222222224 0.011979166666666667 0.021296296296296296
1 0.9752604166666666 0.36435185185185187 0.0140625 0.026851851851851852
1 0.92578125 0.4305555555555556 0.015104166666666667 0.027777777777777776
