2 0.49973958333333335 0.5361111111111111 0.9994791666666667 0.9259259259259259
1 0.40286458333333336 0.08842592592592592 0.018229166666666668 0.028703703703703703
1 0.1046875 0.44583333333333336 0.013541666666666667 0.03981481481481482
1 0.03723958333333333 0.43333333333333335 0.0109375 0.025925925925925925
1 0.128125 0.5986111111111111 0.011458333333333333 0.028703703703703703
1 0.17135416666666667 0.6337962962962963 0.014583333333333334 0.023148148148148147
1 0.046875 0.6356481481481482 0.007291666666666667 0.01574074074074074
1 0.0109375 0.7129629629629629 0.005208333333333333 0.022222222222222223
1 0.24453125 0.8611111111111112 0.0109375 0.022222222222222223
1 0.6559895833333333 0.9013888888888889 0.0109375 0.013888888888888888
1 0.6653645833333334 0.8472222222222222 0.013020833333333334 0.03518518518518519
1 0.69375 0.7847222222222222 0.017708333333333333 0.049074074074074076
1 0.6408854166666667 0.7754629629629629 0.009895833333333333 0.013888888888888888
1 0.6825520833333333 0.7550925925925925 0.0109375 0.017592592592592594
1 0.5033854166666667 0.2537037037037037 0.0203125 0.03333333333333333
1 0.52890625 0.08981481481481482 0.009895833333333333 0.014814814814814815
1 0.9408854166666667 0.2791666666666667 0.013020833333333334 0.032407407407407406
1 0.9299479166666667 0.5023148148148148 0.011979166666666667 0.03611111111111111
1 0.92890625 0.43425925925925923 0.0078125 0.014814814814814815
1 0.8635416666666667 0.5981481481481481 0.017708333333333333 0.05740740740740741
1 0.9 0.799074074074074 0.019791666666666666 0.03888888888888889
1 0.9528645833333333 0.9018518518518519 0.024479166666666666 0.08333333333333333
