2 0.5 0.5285333333333334 1.0 0.9422518518518518
1 0.5877916666666666 0.10964490740740741 0.02975 0.04336388888888889
1 0.5168734375 0.19588750000000002 0.021246875 0.023256481481481482
1 0.537909375 0.7634375 0.012277083333333333 0.04539351851851852
1 0.532175 0.7210314814814816 0.018516666666666667 0.023544444444444444
1 0.7632671875 0.6636185185185185 0.019242708333333334 0.047607407407407404
1 0.6488999999999999 0.6740967592592593 0.013425 0.018563888888888887
1 0.5278765625 0.472625 0.019294791666666665 0.0526574074074074
1 0.9468643229166667 0.6669851851851852 0.020811979166666668 0.054340740740740745
1 0.8265354166666667 0.24336064814814815 0.012445833333333333 0.03116574074074074
1 0.8799989583333333 0.3924050925925926 0.014164583333333335 0.025550925925925925
1 0.78326015625 0.5211592592592592 0.014436979166666667 0.029355555555555555
1 0.796303125 0.4881694444444444 0.01135625 0.03745
1 0.032852864583333335 0.3266935185185185 0.009455729166666668 0.04042407407407408
