2 0.52350625 0.41021898148148145 0.9532624999999999 0.8204379629629629
1 0.9251182291666668 0.681149537037037 0.014819791666666667 0.025262037037037038
1 0.9612888020833333 0.6615125 0.006952604166666667 0.032284259259259256
1 0.8968838541666667 0.5375365740740741 0.007309375000000001 0.023221296296296295
1 0.4341736979166667 0.37754953703703703 0.0100140625 0.025469444444444447
1 0.47517447916666666 0.3140324074074074 0.015973958333333333 0.018805555555555555
1 0.3932171875 0.09235231481481482 0.006226041666666667 0.010630555555555556
1 0.7759804687499999 0.532149537037037 0.0082109375 0.019854629629629632
1 0.6876182291666667 0.08067268518518518 0.009611458333333333 0.01134537037037037
1 0.91681953125 0.4448263888888889 0.0086390625 0.02113425925925926
1 0.7138484374999999 0.24007592592592591 0.004780208333333333 0.011633333333333334
1 0.6048135416666667 0.5521162037037036 0.010668750000000001 0.019047222222222222
1 0.5320903645833334 0.6197231481481482 0.0048057291666666665 0.011668518518518519
1 0.6184580729166667 0.6327194444444444 0.0046244791666666665 0.00617962962962963
1 0.7243825520833334 0.5156055555555555 0.002931770833333333 0.007137037037037037
1 0.5016 0.5244300925925925 0.004241666666666667 0.013675
1 0.5246734375000001 0.24712407407407408 0.005596875 0.009062962962962964
1 0.9456234375 0.5808726851851852 0.005830208333333334 0.0339675925925926
1 0.06898958333333334 0.5098907407407408 0.010895833333333334 0.008670370370370372
