2 0.5 0.552749537037037 1.0 0.894387962962963
1 0.7408651041666666 0.27859074074074075 0.018188541666666665 0.09236666666666667
1 0.6504067708333333 0.593099537037037 0.024771875 0.02508796296296296
1 0.5505692708333334 0.8423810185185184 0.019888541666666665 0.03291018518518518
1 0.5928395833333333 0.9379199074074074 0.011720833333333335 0.035099074074074074
1 0.5203395833333333 0.8924564814814815 0.016720833333333334 0.042320370370370376
1 0.3902067708333333 0.5730333333333333 0.029371875 0.05162222222222222
1 0.36839895833333336 0.4532319444444444 0.026381250000000002 0.060167592592592585
1 0.42959036458333333 0.7154546296296297 0.015430729166666666 0.05683518518518518
1 0.31733359375 0.6725555555555556 0.0190421875 0.02659259259259259
1 0.502521875 0.9814416666666668 0.022752083333333332 0.03695740740740741
1 0.44514427083333336 0.8278981481481481 0.018413541666666665 0.026166666666666668
1 0.39714322916666667 0.8649092592592592 0.013036458333333334 0.02055925925925926
1 0.3347377604166667 0.9732171296296296 0.010100520833333333 0.014952777777777778
1 0.08247994791666667 0.7784041666666667 0.0097515625 0.025326851851851854
1 0.11389348958333333 0.9394162037037036 0.010078645833333334 0.026980555555555556
1 0.09640260416666666 0.44399675925925924 0.009471875 0.013919444444444444
1 0.17442473958333335 0.2624671296296296 0.010307812500000001 0.02678611111111111
1 0.024710677083333334 0.9294083333333333 0.008796354166666666 0.014372222222222222
1 0.04283802083333333 0.5782379629629629 0.008592708333333334 0.028698148148148146
1 0.020499739583333332 0.5291550925925925 0.010791145833333333 0.017569444444444447
1 0.27980703125 0.6149888888888889 0.016905729166666668 0.024422222222222224
1 0.34033020833333333 0.13929305555555554 0.008785416666666665 0.013771296296296295
1 0.7099677083333333 0.6354300925925926 0.005352083333333333 0.011600925925925926
1 0.7053854166666667 0.6060986111111111 0.008687499999999999 0.014049074074074075
1 0.7686658854166667 0.6585736111111111 0.009206770833333332 0.015295370370370369
1 0.9898901041666667 0.4342990740740741 0.006863541666666667 0.02045
1 0.8506934895833334 0.2795740740740741 0.007636979166666667 0.011000000000000001
1 0.7838520833333333 0.4125064814814815 0.006245833333333334 0.021309259259259257
1 0.27497421875 0.9646555555555555 0.0061984375 0.016348148148148146
