2 0.5 0.5 1.0 1.0
1 0.5907455729166667 0.4217796296296296 0.022116145833333333 0.039855555555555554
1 0.6047914062499999 0.2981851851851852 0.016874479166666668 0.03711111111111111
1 0.48598776041666664 0.389925 0.02510052083333333 0.06318333333333333
1 0.55258046875 0.0789050925925926 0.017660937499999998 0.028180555555555556
1 0.38369531250000005 0.3040583333333333 0.02468229166666667 0.03774629629629629
1 0.35538619791666665 0.3289486111111111 0.012855729166666666 0.02641574074074074
1 0.35848437499999997 0.2790453703703704 0.011760416666666666 0.02660925925925926
1 0.36104973958333336 0.23174305555555555 0.020016145833333332 0.02459722222222222
1 0.37743359375 0.1994101851851852 0.0142421875 0.045116666666666666
1 0.30507213541666667 0.13934583333333334 0.010144270833333333 0.019432407407407405
1 0.32767526041666667 0.09028981481481482 0.005350520833333333 0.013912962962962962
1 0.33670781250000004 0.06586712962962962 0.005707291666666667 0.009512037037037038
1 0.33745078125 0.04144074074074074 0.0124015625 0.01806666666666667
1 0.178125 0.20143101851851852 0.030208333333333334 0.05471388888888889
1 0.11719557291666667 0.38098703703703707 0.014599479166666667 0.050862962962962964
1 0.15788203125000003 0.2897115740740741 0.010555729166666666 0.02016388888888889
1 0.21306223958333334 0.3139777777777778 0.013624479166666667 0.026103703703703705
1 0.20005234375 0.35462546296296293 0.0073963541666666665 0.01295462962962963
1 0.18878984375 0.5996518518518519 0.021329687500000003 0.028933333333333335
1 0.16489557291666665 0.5889166666666666 0.0089578125 0.014870370370370369
1 0.174853125 0.5506902777777778 0.01533125 0.031010185185185186
1 0.18020104166666667 0.4832115740740741 0.00519375 0.02753425925925926
1 0.2673125 0.5602439814814815 0.007541666666666667 0.01863611111111111
1 0.33014088541666664 0.5719074074074074 0.03424010416666667 0.05862962962962963
1 0.33911484375 0.52205 0.04802135416666666 0.04965555555555556
1 0.40704531250000003 0.8993939814814815 0.032840625 0.06360277777777779
1 0.5464296875 0.8905282407407407 0.009526041666666667 0.027352777777777778
1 0.5354640624999999 0.8563101851851852 0.012594791666666666 0.03113888888888889
1 0.5596088541666667 0.9947907407407408 0.014009375 0.00995185185185185
1 0.5985328125 0.7610032407407408 0.015815625 0.03496944444444445
1 0.5792716145833333 0.6893287037037037 0.0137515625 0.023101851851851853
1 0.5581945312500001 0.6588222222222222 0.008055729166666668 0.021348148148148147
1 0.51370859375 0.7065740740740741 0.0086671875 0.015
1 0.4514020833333333 0.550775 0.019470833333333333 0.03673518518518518
1 0.5672739583333333 0.49970000000000003 0.01475625 0.0494
1 0.58017734375 0.6078722222222221 0.012438020833333334 0.04722592592592592
1 0.54728359375 0.6168231481481481 0.0101921875 0.01697962962962963
1 0.8297135416666667 0.9338796296296297 0.014635416666666668 0.045537037037037036
1 0.7827736979166667 0.9586777777777779 0.008255729166666666 0.017355555555555555
1 0.8215658854166666 0.8632624999999999 0.010840104166666666 0.024673148148148145
1 0.8244442708333334 0.8246050925925925 0.024930208333333332 0.04180277777777778
1 0.8234510416666667 0.865513425925926 0.015652083333333334 0.021767592592592592
1 0.8231744791666666 0.8215222222222223 0.019265625 0.035637037037037037
1 0.9435257812500001 0.749062037037037 0.011009895833333333 0.03886481481481481
1 0.8929638020833334 0.6593634259259259 0.0161359375 0.029837962962962965
1 0.872740625 0.6697175925925926 0.021522916666666666 0.03943518518518519
1 0.85915703125 0.6748217592592592 0.009980729166666667 0.020013888888888887
1 0.8674442708333333 0.6620638888888889 0.011971875 0.018572222222222223
1 0.8151606770833334 0.6360273148148148 0.012613020833333332 0.029462037037037037
1 0.8398390625 0.5995495370370371 0.015094791666666666 0.012062037037037036
1 0.8195380208333333 0.5806953703703703 0.007826041666666667 0.018798148148148147
1 0.8713677083333333 0.585862037037037 0.015652083333333334 0.021724074074074073
1 0.8911963541666666 0.5031833333333333 0.013642708333333333 0.02858888888888889
1 0.8895049479166667 0.28302268518518514 0.018593229166666666 0.030860185185185185
1 0.94045625 0.10251342592592592 0.016329166666666665 0.038360185185185185
1 0.9031919270833334 0.1941837962962963 0.0084671875 0.02540462962962963
1 0.7769671875 0.41112037037037036 0.003934375 0.02224074074074074
1 0.9595734375 0.5611041666666666 0.005605208333333334 0.022208333333333333
