2 0.4997388020833334 0.51865 0.9994776041666668 0.963225925925926
1 0.5477109375 0.6067402777777777 0.015213541666666667 0.04311018518518518
1 0.5534174479166667 0.42161527777777774 0.0141265625 0.019156481481481483
1 0.6345078125000001 0.7663050925925926 0.012765625000000001 0.030758333333333335
1 0.65714765625 0.4661268518518519 0.010128645833333333 0.030401851851851854
1 0.7123794270833332 0.5206037037037037 0.015383854166666665 0.03194814814814815
1 0.5857596354166666 0.6320203703703704 0.012144270833333333 0.01404074074074074
1 0.7205213541666667 0.3065828703703704 0.008751041666666666 0.02057314814814815
1 0.42534609375 0.2319587962962963 0.0413171875 0.06021388888888889
1 0.5721200520833333 0.40289305555555555 0.017156770833333335 0.028008333333333333
1 0.2748557291666666 0.7435106481481482 0.007003125 0.014799074074074074
1 0.6602294270833333 0.23132824074074074 0.0131671875 0.031174999999999998
1 0.7098330729166666 0.5949097222222223 0.034249479166666666 0.06574537037037037
1 0.7542580729166667 0.7967124999999999 0.0220578125 0.04157314814814815
