2 0.5 0.537225 1.0 0.9263018518518518
1 0.17213151041666666 0.4481574074074074 0.022388020833333334 0.05742592592592593
1 0.4072177083333333 0.48593796296296293 0.024852083333333334 0.04780185185185185
1 0.5063739583333333 0.5374152777777778 0.014831249999999999 0.05260833333333333
1 0.8679143229166667 0.2545217592592593 0.0149953125 0.03496944444444445
1 0.7615158854166667 0.4107018518518518 0.015740104166666668 0.025107407407407408
1 0.7588197916666667 0.5573027777777777 0.010347916666666667 0.023864814814814814
1 0.8387119791666666 0.6691291666666667 0.011798958333333333 0.04196203703703704
1 0.56811015625 0.6736333333333333 0.0112203125 0.038007407407407406
1 0.40085078125 0.34035185185185185 0.016284895833333334 0.03440740740740741
1 0.0453625 0.4407740740740741 0.008433333333333333 0.02228888888888889
1 0.10885911458333333 0.9034875 0.012509895833333333 0.029197222222222225
