2 0.5 0.5244328703703705 1.0 0.9507175925925927
1 0.5679625 0.6103060185185185 0.02238333333333333 0.03913055555555556
1 0.6688388020833334 0.9140342592592593 0.026219270833333332 0.03917962962962963
1 0.6958450520833334 0.9720333333333334 0.011481770833333333 0.019992592592592593
1 0.5317533854166666 0.507625462962963 0.044756770833333334 0.039325
1 0.9399559895833334 0.5554092592592592 0.009078645833333334 0.03674444444444444
1 0.5695908854166666 0.9879166666666667 0.010015104166666667 0.02398148148148148
1 0.386559375 0.7585050925925927 0.009577083333333335 0.017010185185185184
1 0.41837161458333333 0.5684782407407407 0.010701562500000001 0.02584537037037037
1 0.8066158854166667 0.5129574074074075 0.013231770833333333 0.016655555555555555
1 0.5770986979166667 0.4585018518518519 0.03232239583333333 0.050337037037037034
1 0.14277317708333334 0.8491810185185186 0.0095046875 0.01688055555555556
1 0.3861778645833333 0.17476064814814815 0.0150640625 0.016187962962962963
1 0.46898828124999997 0.7629319444444445 0.0192265625 0.0406787037037037
