2 0.5 0.5170157407407407 1.0 0.9655129629629629
1 0.5274809895833333 0.2735708333333333 0.0164203125 0.026771296296296297
1 0.6310205729166667 0.4971972222222222 0.017249479166666668 0.02957962962962963
1 0.6300263020833333 0.4235555555555556 0.011094270833333333 0.023037037037037036
1 0.5565942708333333 0.4579787037037037 0.04235520833333333 0.08817962962962962
1 0.55062109375 0.4254351851851852 0.017908854166666665 0.037907407407407404
1 0.7498242187499999 0.5133504629629629 0.020481770833333336 0.035960185185185185
1 0.6865559895833333 0.09582638888888889 0.007486979166666667 0.023134259259259257
1 0.6323895833333334 0.5855217592592593 0.017904166666666665 0.04326574074074074
1 0.6528130208333334 0.4224087962962963 0.020209374999999998 0.02444722222222222
1 0.42184479166666666 0.9274564814814815 0.009314583333333333 0.01232037037037037
1 0.3697317708333333 0.8719421296296296 0.01758854166666667 0.03647685185185186
1 0.3325559895833334 0.9694689814814814 0.0171953125 0.025975
1 0.3347221354166667 0.9158435185185185 0.014235937499999999 0.03353888888888889
1 0.2841408854166667 0.8153222222222222 0.022448437499999998 0.032496296296296294
1 0.42030677083333334 0.7720412037037037 0.018738541666666667 0.029267592592592595
1 0.7201744791666667 0.9527370370370369 0.016390625 0.027696296296296295
1 0.32900859375 0.2544518518518518 0.022600520833333335 0.053348148148148145
1 0.5911161458333333 0.1444023148148148 0.027023958333333334 0.051767592592592594
1 0.1368453125 0.8952842592592593 0.021607291666666664 0.036864814814814816
1 0.21817057291666667 0.6110069444444445 0.013424479166666666 0.02386574074074074
1 0.20810494791666667 0.5788106481481482 0.0141265625 0.02058425925925926
1 0.14408802083333333 0.4564930555555555 0.014217708333333332 0.01483796296296296
1 0.2643479166666667 0.7345347222222223 0.018279166666666666 0.032032407407407405
