2 0.49973958333333335 0.5486111111111112 0.9994791666666667 0.9009259259259259
1 0.315625 0.9847222222222223 0.029166666666666667 0.028703703703703703
1 0.27109375 0.7888888888888889 0.0140625 0.020370370370370372
1 0.2557291666666667 0.575462962962963 0.016666666666666666 0.03796296296296296
1 0.49270833333333336 0.41759259259259257 0.016666666666666666 0.024074074074074074
1 0.7166666666666667 0.24722222222222223 0.00625 0.016666666666666666
1 0.4161458333333333 0.26064814814814813 0.007291666666666667 0.019444444444444445
1 0.37005208333333334 0.986574074074074 0.0140625 0.025
1 0.93203125 0.9745370370370371 0.008854166666666666 0.03425925925925926
1 0.45651041666666664 0.10046296296296296 0.018229166666666668 0.012037037037037037
1 0.20833333333333334 0.8782407407407408 0.009375 0.01574074074074074
1 0.5140625 0.4083333333333333 0.008333333333333333 0.014814814814814815
