2 0.49973958333333335 0.5157407407407407 0.9994791666666667 0.9666666666666667
1 0.80859375 0.20462962962962963 0.013020833333333334 0.03888888888888889
1 0.8291666666666667 0.31203703703703706 0.013541666666666667 0.025925925925925925
1 0.9065104166666667 0.5291666666666667 0.03802083333333333 0.062037037037037036
1 0.8682291666666667 0.5476851851851852 0.0125 0.019444444444444445
1 0.8609375 0.5064814814814815 0.009375 0.046296296296296294
1 0.8200520833333333 0.5083333333333333 0.0036458333333333334 0.009259259259259259
1 0.9002604166666667 0.5574074074074075 0.008854166666666666 0.046296296296296294
1 0.9208333333333333 0.5694444444444444 0.010416666666666666 0.04259259259259259
1 0.8236979166666667 0.7277777777777777 0.009895833333333333 0.014814814814814815
1 0.9255208333333333 0.5092592592592593 0.00625 0.012962962962962963
1 0.8796875 0.35462962962962963 0.00625 0.020370370370370372
1 0.9059895833333333 0.21157407407407408 0.0203125 0.05277777777777778
1 0.90546875 0.19907407407407407 0.019270833333333334 0.025925925925925925
1 0.76484375 0.17685185185185184 0.0046875 0.03333333333333333
1 0.8825520833333333 0.1726851851851852 0.0046875 0.008333333333333333
1 0.8005208333333333 0.25092592592592594 0.010416666666666666 0.03148148148148148
1 0.9846354166666667 0.7689814814814815 0.0046875 0.012037037037037037
1 0.96015625 0.7546296296296297 0.0026041666666666665 0.003703703703703704
1 0.9802083333333333 0.7379629629629629 0.013541666666666667 0.024074074074074074
1 0.8263020833333333 0.9421296296296297 0.009895833333333333 0.019444444444444445
1 0.03619791666666667 0.4337962962962963 0.0609375 0.25277777777777777
1 0.057291666666666664 0.4300925925925926 0.01875 0.04351851851851852
1 0.06783515625 0.4032976851851852 0.019003645833333336 0.08066944444444445
1 0.05866822916666667 0.34620555555555554 0.017336458333333336 0.04055925925925926
1 0.016927083333333332 0.38425925925925924 0.018229166666666668 0.04814814814814815
1 0.005729166666666666 0.4726851851851852 0.004166666666666667 0.012037037037037037
1 0.09739583333333333 0.7351851851851852 0.011458333333333333 0.016666666666666666
1 0.05651041666666667 0.7175925925925926 0.0036458333333333334 0.011111111111111112
1 0.228125 0.7550925925925925 0.007291666666666667 0.01574074074074074
1 0.30911458333333336 0.8587962962962963 0.0109375 0.023148148148148147
1 0.31171875 0.9092592592592592 0.008854166666666666 0.011111111111111112
1 0.37213541666666666 0.3375 0.0171875 0.030555555555555555
1 0.36041666666666666 0.5388888888888889 0.00625 0.014814814814814815
1 0.10364583333333334 0.8291666666666667 0.008333333333333333 0.021296296296296296
