2 0.49973958333333335 0.5393518518518519 0.9994791666666667 0.9212962962962963
1 0.07317708333333334 0.7597222222222222 0.024479166666666666 0.06388888888888888
1 0.22890625 0.28564814814814815 0.016145833333333335 0.04537037037037037
1 0.2752604166666667 0.30925925925925923 0.011979166666666667 0.022222222222222223
1 0.26848958333333334 0.6416666666666667 0.015104166666666667 0.02962962962962963
1 0.30078125 0.700462962962963 0.0067708333333333336 0.017592592592592594
1 0.2526041666666667 0.8337962962962963 0.019791666666666666 0.03981481481481482
1 0.2838541666666667 0.8856481481481482 0.022916666666666665 0.028703703703703703
1 0.303125 0.9421296296296297 0.017708333333333333 0.030555555555555555
1 0.5380208333333333 0.8740740740740741 0.019791666666666666 0.03333333333333333
1 0.8955729166666667 0.6162037037037037 0.008854166666666666 0.04351851851851852
1 0.6630208333333333 0.11712962962962963 0.020833333333333332 0.032407407407407406
1 0.7895833333333333 0.21388888888888888 0.00625 0.012962962962962963
1 0.7890625 0.15462962962962962 0.00625 0.022222222222222223
1 0.26927083333333335 0.20092592592592592 0.023958333333333335 0.09259259259259259
1 0.94296875 0.3421296296296296 0.008854166666666666 0.025
1 0.8888020833333333 0.8287037037037037 0.0067708333333333336 0.018518518518518517
1 0.5166666666666667 0.8324074074074074 0.029166666666666667 0.06851851851851852
1 0.5377604166666666 0.9548611111111112 0.018229166666666668 0.022685185185185187
1 0.5119791666666667 0.9680555555555556 0.0125 0.03425925925925926
1 0.544140625 0.9905092592592593 0.026822916666666665 0.016203703703703703
