2 0.49973958333333335 0.538425925925926 0.9994791666666667 0.9212962962962963
1 0.15859375 0.22592592592592592 0.0078125 0.037037037037037035
1 0.7203125 0.4861111111111111 0.026041666666666668 0.05
1 0.7580729166666667 0.6583333333333333 0.013020833333333334 0.03148148148148148
1 0.8174479166666667 0.6828703703703703 0.015104166666666667 0.021296296296296296
1 0.48854166666666665 0.9087962962962963 0.019791666666666666 0.032407407407407406
1 0.596875 0.7699074074074074 0.011458333333333333 0.023148148148148147
1 0.3140625 0.8310185185185185 0.011458333333333333 0.026851851851851852
1 0.34817708333333336 0.8314814814814815 0.0109375 0.025925925925925925
1 0.5716145833333334 0.48518518518518516 0.03177083333333333 0.046296296296296294
1 0.59765625 0.21203703703703702 0.009895833333333333 0.012962962962962963
1 0.721875 0.14305555555555555 0.011458333333333333 0.010185185185185186
