2 0.49973958333333335 0.5194444444444445 0.9994791666666667 0.9592592592592593
1 0.84921875 0.24212962962962964 0.0067708333333333336 0.019444444444444445
1 0.8598958333333333 0.22592592592592592 0.021875 0.046296296296296294
1 0.7796875 0.33611111111111114 0.020833333333333332 0.05185185185185185
1 0.7622395833333333 0.6231481481481481 0.018229166666666668 0.04259259259259259
1 0.69140625 0.7518518518518519 0.0109375 0.018518518518518517
1 0.42265625 0.5879629629629629 0.0203125 0.04259259259259259
1 0.38828125 0.5648148148148148 0.0171875 0.03518518518518519
1 0.41901041666666666 0.8240740740740741 0.015104166666666667 0.03518518518518519
1 0.64140625 0.9527777777777777 0.0171875 0.022222222222222223
1 0.10911458333333333 0.7842592592592592 0.0109375 0.020370370370370372
1 0.0421875 0.8064814814814815 0.009375 0.02962962962962963
1 0.08802083333333334 0.2972222222222222 0.017708333333333333 0.044444444444444446
1 0.032552083333333336 0.19583333333333333 0.0078125 0.03425925925925926
1 0.5622395833333333 0.18194444444444444 0.033854166666666664 0.062037037037037036
1 0.49947916666666664 0.11805555555555555 0.013541666666666667 0.028703703703703703
1 0.45338541666666665 0.052314814814814814 0.013020833333333334 0.023148148148148147
1 0.6434895833333333 0.14166666666666666 0.015104166666666667 0.02962962962962963
1 0.96640625 0.5171296296296296 0.015104166666666667 0.03425925925925926
