2 0.5 0.4787222222222222 1.0 0.9574444444444444
1 0.30549348958333333 0.589125 0.014111979166666667 0.04306481481481481
1 0.23342604166666667 0.46442083333333334 0.01789375 0.026989814814814817
1 0.2611557291666667 0.45024305555555555 0.008769791666666667 0.028263888888888887
1 0.15708177083333333 0.3874 0.012080208333333333 0.02665185185185185
1 0.21614661458333334 0.29156898148148147 0.008334895833333333 0.023878703703703704
1 0.5235494791666667 0.581575 0.012723958333333334 0.02055740740740741
1 0.33696041666666665 0.20505324074074074 0.020795833333333333 0.021217592592592593
1 0.5432143229166667 0.28135601851851855 0.0124703125 0.018267592592592592
1 0.63486796875 0.2855685185185185 0.0134859375 0.034100000000000005
1 0.6176338541666666 0.3831111111111111 0.011309375 0.044000000000000004
1 0.32343359374999997 0.3676087962962963 0.008325520833333332 0.025958333333333333
1 0.72473828125 0.1826976851851852 0.01614322916666667 0.02650648148148148
1 0.78591875 0.1814837962962963 0.020795833333333333 0.042597222222222224
1 0.80424765625 0.12973657407407407 0.0209953125 0.04280648148148148
1 0.7996833333333334 0.06976111111111111 0.014991666666666665 0.0173
1 0.8418174479166667 0.18250740740740742 0.016968229166666668 0.044644444444444445
1 0.8202976562500001 0.25034675925925925 0.0124703125 0.026619444444444442
1 0.7936158854166667 0.5209407407407407 0.017440104166666668 0.06225185185185185
1 0.9569533854166666 0.6706125 0.009740104166666668 0.026410185185185186
1 0.89308984375 0.7956064814814815 0.009096354166666666 0.01713888888888889
1 0.6478278645833334 0.5035601851851852 0.017530729166666665 0.05341666666666667
1 0.73524453125 0.5224597222222221 0.0142390625 0.0578824074074074
1 0.82185546875 0.5778518518518518 0.0124609375 0.027925925925925927
1 0.9698583333333333 0.8147606481481482 0.0053416666666666664 0.01655833333333333
1 0.8087997395833334 0.6100805555555555 0.0071828125 0.012753703703703703
1 0.3968065104166667 0.8951319444444444 0.042571354166666665 0.06989351851851852
1 0.3041885416666667 0.8808412037037037 0.013585416666666666 0.04501574074074074
1 0.32199635416666667 0.8567935185185185 0.012742708333333333 0.022846296296296295
1 0.47635026041666667 0.8075986111111111 0.015200520833333333 0.02260462962962963
1 0.6545489583333333 0.784161574074074 0.010139583333333334 0.023878703703703704
1 0.9063794270833333 0.8716523148148149 0.004425520833333333 0.041452777777777776
