2 0.5203125 0.5972222222222222 0.9583333333333334 0.8037037037037037
1 0.38828125 0.537962962962963 0.027604166666666666 0.05
1 0.3125 0.3939814814814815 0.005208333333333333 0.023148148148148147
1 0.3567708333333333 0.47129629629629627 0.0020833333333333333 0.018518518518518517
1 0.36171875 0.46296296296296297 0.013020833333333334 0.037037037037037035
1 0.35442708333333334 0.425462962962963 0.005729166666666666 0.026851851851851852
1 0.64921875 0.5388888888888889 0.008854166666666666 0.022222222222222223
1 0.6716145833333333 0.5393518518518519 0.013020833333333334 0.03425925925925926
1 0.68125 0.6231481481481481 0.01875 0.025925925925925925
1 0.68359375 0.3768518518518518 0.008854166666666666 0.025925925925925925
1 0.7231770833333333 0.5888888888888889 0.009895833333333333 0.007407407407407408
1 0.8544270833333333 0.7199074074074074 0.009895833333333333 0.028703703703703703
1 0.92734375 0.39675925925925926 0.024479166666666666 0.028703703703703703
1 0.4205729166666667 0.7481481481481481 0.009895833333333333 0.020370370370370372
