2 0.5 0.5398356481481482 1.0 0.920412037037037
1 0.9552265625 0.6665583333333334 0.011494791666666667 0.05163518518518519
1 0.9192815104166667 0.7549856481481482 0.0208546875 0.05256388888888889
1 0.9350393229166667 0.7230148148148148 0.009661979166666666 0.014548148148148149
1 0.8050458333333333 0.9581361111111112 0.03613333333333334 0.07553148148148148
1 0.8845989583333334 0.8372342592592592 0.01190625 0.03372777777777778
1 0.8109299479166666 0.6820287037037037 0.009359895833333333 0.021464814814814815
1 0.8902934895833333 0.6189629629629629 0.005586979166666667 0.026814814814814816
1 0.9713713541666666 0.5918324074074074 0.014617708333333333 0.04107222222222222
1 0.9610552083333334 0.5662148148148147 0.0075270833333333335 0.019466666666666667
1 0.9607958333333334 0.5931175925925926 0.005966666666666666 0.015864814814814814
1 0.9081661458333333 0.4597125 0.0048739583333333334 0.013869444444444443
1 0.8494278645833333 0.4780888888888889 0.0165640625 0.04136296296296296
1 0.7778692708333333 0.49700787037037036 0.013030208333333333 0.029200925925925925
1 0.8275281250000001 0.4235759259259259 0.011306249999999999 0.01567037037037037
1 0.7617830729166666 0.4199972222222222 0.0058578125 0.010364814814814816
1 0.7734877604166667 0.4437060185185185 0.006350520833333333 0.009634259259259259
1 0.7388778645833334 0.4245467592592592 0.009005729166666667 0.021315740740740743
1 0.7079065104166666 0.34471666666666667 0.022063020833333332 0.02461851851851852
1 0.6206463541666667 0.2467060185185185 0.012126041666666667 0.010078703703703704
1 0.8194830729166667 0.24962268518518516 0.0087578125 0.01961574074074074
1 0.5992528645833333 0.5068365740740741 0.0099640625 0.015524999999999999
1 0.5351283854166666 0.4992037037037037 0.019215104166666667 0.026185185185185186
1 0.73824765625 0.5739162037037038 0.0077453125000000005 0.018202777777777776
1 0.6644809895833333 0.9562736111111111 0.008128645833333333 0.019954629629629628
1 0.6440486979166666 0.7851685185185185 0.0037223958333333336 0.02404074074074074
1 0.46169583333333336 0.9322893518518518 0.011933333333333332 0.02754166666666667
1 0.42837369791666663 0.9612407407407408 0.0171640625 0.02062962962962963
1 0.41866927083333333 0.9324425925925927 0.016505208333333334 0.022292592592592593
1 0.35778645833333333 0.9717152777777779 0.016614583333333332 0.02861574074074074
1 0.37489765625 0.9664143518518519 0.008128645833333333 0.014310185185185184
1 0.3911747395833334 0.8029319444444445 0.040682812500000005 0.052160185185185184
1 0.40237317708333337 0.8115523148148148 0.01828802083333333 0.028660185185185184
1 0.341465625 0.748876388888889 0.03293125 0.04034537037037037
1 0.33683541666666666 0.7937513888888889 0.0090875 0.01713240740740741
1 0.45109661458333333 0.8232152777777778 0.020943229166666667 0.04643055555555556
1 0.41910989583333336 0.8336555555555555 0.014261458333333334 0.028422222222222224
1 0.4345666666666667 0.8165662037037037 0.019133333333333332 0.04053981481481481
1 0.46597265625 0.7723944444444445 0.012153645833333334 0.031825925925925924
1 0.44399401041666664 0.7204421296296296 0.022363020833333334 0.03718055555555556
1 0.45692942708333334 0.7098384259259259 0.0076088541666666665 0.010417592592592593
1 0.4160346354166667 0.6723217592592592 0.022694270833333332 0.03168055555555556
1 0.42386901041666664 0.6921125 0.009196354166666667 0.024965740740740743
1 0.37966093749999996 0.7163842592592593 0.018696875 0.019805555555555555
1 0.3574747395833333 0.7173824074074074 0.011824479166666667 0.023653703703703705
1 0.4426578125 0.6462027777777778 0.015523958333333334 0.02759074074074074
1 0.41831666666666667 0.6405560185185186 0.011633333333333332 0.021852777777777777
1 0.39893828125 0.6496087962962963 0.026001562500000002 0.03995833333333333
1 0.4490317708333333 0.5451819444444445 0.010563541666666667 0.027400925925925926
1 0.4666557291666667 0.5085930555555556 0.034353125 0.048667592592592596
1 0.48698828125000004 0.474249074074074 0.025018229166666666 0.033683333333333336
1 0.49857968750000003 0.44142314814814815 0.031534374999999996 0.03655
1 0.5091622395833333 0.4365111111111111 0.009991145833333333 0.02117037037037037
1 0.4858635416666666 0.4528685185185185 0.008185416666666665 0.00944074074074074
1 0.4027950520833333 0.34632083333333336 0.0201734375 0.03523425925925926
1 0.50827421875 0.3059 0.024881770833333334 0.034022222222222225
1 0.48497526041666666 0.3069944444444444 0.022033854166666665 0.03621111111111111
1 0.50816953125 0.3340259259259259 0.018422395833333334 0.021755555555555556
1 0.4967388020833334 0.2627550925925926 0.039310937500000004 0.04958425925925926
1 0.49085859374999996 0.25061666666666665 0.0192171875 0.023455555555555556
1 0.47129453125 0.26329907407407405 0.007172395833333334 0.008079629629629631
1 0.5106893229166667 0.19223842592592594 0.017211979166666665 0.056699074074074075
1 0.4662703125 0.1713226851851852 0.018998958333333333 0.02968240740740741
1 0.3960484375 0.4657064814814815 0.004596875 0.014746296296296297
1 0.30207265625 0.6382430555555556 0.015603645833333334 0.019078703703703705
1 0.34333307291666665 0.5951930555555556 0.02937447916666667 0.04038611111111111
1 0.3278453125 0.609049074074074 0.006732291666666667 0.023653703703703705
1 0.37373411458333333 0.5668472222222223 0.006843229166666667 0.022583333333333334
1 0.18688229166666667 0.8487342592592593 0.02168125 0.0326537037037037
1 0.33712083333333337 0.8757685185185186 0.013825 0.0145
1 0.10739401041666667 0.8625222222222222 0.011663020833333334 0.038007407407407406
1 0.035200260416666664 0.861049537037037 0.02040052083333333 0.08691388888888889
1 0.38295703125 0.947037962962963 0.009664062499999999 0.01815
1 0.9260203125 0.7981814814814814 0.011415625 0.02228888888888889
