2 0.5119791666666667 0.5208333333333334 0.975 0.9564814814814815
1 0.3796875 0.2537037037037037 0.025 0.05185185185185185
1 0.5138020833333333 0.29074074074074074 0.015104166666666667 0.046296296296296294
1 0.47161458333333334 0.15046296296296297 0.015104166666666667 0.023148148148148147
1 0.3328125 0.3282407407407407 0.010416666666666666 0.026851851851851852
1 0.3611979166666667 0.31574074074074077 0.0140625 0.018518518518518517
1 0.41770833333333335 0.2513888888888889 0.008333333333333333 0.013888888888888888
1 0.5130208333333334 0.5208333333333334 0.01875 0.023148148148148147
1 0.5221354166666666 0.44351851851851853 0.021354166666666667 0.025925925925925925
1 0.5486979166666667 0.5907407407407408 0.015104166666666667 0.040740740740740744
1 0.4010416666666667 0.600925925925926 0.010416666666666666 0.016666666666666666
1 0.42734375 0.5796296296296296 0.0109375 0.024074074074074074
1 0.3606770833333333 0.5018518518518519 0.0109375 0.020370370370370372
1 0.396875 0.7277777777777777 0.017708333333333333 0.024074074074074074
1 0.40208333333333335 0.700462962962963 0.007291666666666667 0.030555555555555555
1 0.26328125 0.6314814814814815 0.019270833333333334 0.05185185185185185
1 0.4315104166666667 0.7018518518518518 0.013020833333333334 0.037037037037037035
1 0.38776041666666666 0.774537037037037 0.005729166666666666 0.013888888888888888
1 0.82265625 0.5393518518518519 0.008854166666666666 0.01574074074074074
1 0.40729166666666666 0.12685185185185185 0.007291666666666667 0.016666666666666666
1 0.35520833333333335 0.9550925925925926 0.014583333333333334 0.017592592592592594
1 0.3734375 0.9263888888888889 0.0125 0.025
1 0.4864583333333333 0.8898148148148148 0.014583333333333334 0.02962962962962963
1 0.6278645833333333 0.9856481481481482 0.019270833333333334 0.026851851851851852
1 0.30494791666666665 0.8046296296296296 0.008854166666666666 0.014814814814814815
1 0.278125 0.7143518518518519 0.014583333333333334 0.026851851851851852
1 0.3307291666666667 0.7523148148148148 0.007291666666666667 0.012037037037037037
1 0.96328125 0.46064814814814814 0.009895833333333333 0.03796296296296296
1 0.9473958333333333 0.9333333333333333 0.0125 0.037037037037037035
1 0.8393229166666667 0.5634259259259259 0.009895833333333333 0.023148148148148147
