2 0.5 0.46933240740740745 1.0 0.9386648148148149
2 0.1165453125 0.9072810185185186 0.03517395833333334 0.023821296296296295
1 0.8977531249999999 0.1563537037037037 0.02050625 0.033077777777777775
1 0.3332377604166667 0.1164388888888889 0.01855885416666667 0.02732222222222222
1 0.36405052083333334 0.050696759259259254 0.029142708333333333 0.03102314814814815
1 0.5858018229166666 0.3496282407407407 0.011186979166666666 0.023330555555555556
1 0.38993385416666665 0.6239768518518518 0.021534374999999998 0.060916666666666675
1 0.21826328125 0.8916037037037037 0.016734895833333333 0.03320740740740741
1 0.2938661458333333 0.4259356481481481 0.013773958333333334 0.03705648148148148
1 0.11453151041666666 0.49980833333333335 0.008229687500000001 0.016283333333333334
1 0.06939166666666667 0.16972361111111112 0.00545 0.009817592592592593
1 0.46476666666666666 0.35055185185185184 0.0034916666666666664 0.00665925925925926
1 0.48124375 0.2714532407407408 0.0051958333333333336 0.004017592592592593
1 0.41729140625 0.27915879629629625 0.004374479166666666 0.006465740740740741
