2 0.49973958333333335 0.549074074074074 0.9994791666666667 0.9
1 0.9802083333333333 0.42916666666666664 0.009375 0.03796296296296296
1 0.18645833333333334 0.4583333333333333 0.010416666666666666 0.05
1 0.05130208333333333 0.9 0.015104166666666667 0.04259259259259259
1 0.015104166666666667 0.41574074074074074 0.008333333333333333 0.027777777777777776
1 0.4317708333333333 0.9458333333333333 0.01875 0.023148148148148147
1 0.37916666666666665 0.7712962962962963 0.008333333333333333 0.022222222222222223
1 0.7861979166666667 0.9453703703703704 0.009895833333333333 0.022222222222222223
1 0.8166666666666667 0.9694444444444444 0.010416666666666666 0.025925925925925925
1 0.9252604166666667 0.8768518518518519 0.015104166666666667 0.03888888888888889
1 0.9557291666666666 0.6912037037037037 0.0125 0.05277777777777778
1 0.7223958333333333 0.6472222222222223 0.008333333333333333 0.018518518518518517
1 0.7419270833333333 0.6782407407407407 0.0046875 0.021296296296296296
1 0.6424479166666667 0.21666666666666667 0.016145833333333335 0.020370370370370372
1 0.3932291666666667 0.18935185185185185 0.0125 0.019444444444444445
1 0.026041666666666668 0.27361111111111114 0.008333333333333333 0.023148148148148147
1 0.28489583333333335 0.24675925925925926 0.014583333333333334 0.030555555555555555
1 0.121875 0.7194444444444444 0.014583333333333334 0.027777777777777776
1 0.8106770833333333 0.43842592592592594 0.013020833333333334 0.032407407407407406
1 0.5770833333333333 0.9912037037037037 0.026041666666666668 0.01574074074074074
1 0.8869791666666667 0.8902777777777777 0.00625 0.013888888888888888
1 0.8348958333333333 0.9916666666666667 0.005208333333333333 0.009259259259259259
1 0.8369791666666667 0.9643518518518519 0.005208333333333333 0.010185185185185186
1 0.8049479166666667 0.9347222222222222 0.0046875 0.010185185185185186
1 0.8486979166666667 0.9143518518518519 0.0036458333333333334 0.01574074074074074
1 0.8443080729166667 0.3849208333333333 0.021949479166666667 0.04761944444444444
1 0.95655625 0.4894333333333333 0.0162375 0.05664444444444445
