2 0.52044765625 0.5622018518518519 0.9586036458333334 0.8762555555555556
1 0.5365346354166667 0.6390513888888889 0.02619427083333333 0.06513981481481482
1 0.3254346354166667 0.849911574074074 0.025869270833333333 0.049823148148148144
1 0.61381796875 0.9006023148148148 0.025552604166666666 0.03824166666666667
1 0.4913151041666667 0.31445416666666665 0.018046875 0.051130555555555554
1 0.7446796875 0.33165185185185186 0.015401041666666667 0.035525925925925926
1 0.7331815104166667 0.5298597222222222 0.024696354166666667 0.041200925925925926
1 0.7729744791666667 0.5851064814814815 0.013657291666666667 0.05539814814814815
1 0.41740104166666664 0.5861138888888889 0.011885416666666667 0.016672222222222224
1 0.7928408854166666 0.49436435185185185 0.026306770833333333 0.0387287037037037
1 0.7476916666666666 0.2743699074074074 0.017258333333333334 0.033925000000000004
1 0.8101638020833334 0.9856532407407407 0.01720260416666667 0.02871388888888889
1 0.8546653645833333 0.9435337962962963 0.0176640625 0.038919444444444444
1 0.7036713541666667 0.365275462962963 0.015676041666666665 0.03610648148148148
1 0.9739036458333333 0.8601314814814814 0.014473958333333333 0.04618888888888889
1 0.8388619791666667 0.34385 0.013140625 0.021033333333333334
1 0.9444817708333333 0.7912472222222222 0.007713541666666667 0.019531481481481483
1 0.42367890625 0.8858634259259259 0.03589947916666667 0.07172685185185186
1 0.6142083333333334 0.22388703703703705 0.01175 0.01444074074074074
1 0.7596325520833334 0.4646375 0.010931770833333333 0.02001574074074074
1 0.80365 0.540713425925926 0.01355 0.018463888888888887
