2 0.5 0.48590000000000005 1.0 0.9718000000000001
1 0.7750705729166667 0.14401944444444445 0.0418078125 0.07322407407407407
1 0.7978395833333334 0.24944953703703707 0.024845833333333334 0.074825
1 0.49858723958333334 0.15511157407407408 0.015924479166666665 0.03429722222222222
1 0.60458515625 0.37705509259259257 0.0216703125 0.04670277777777778
1 0.8809778645833333 0.6509134259259259 0.012997395833333333 0.04071574074074074
1 0.7026934895833333 0.6865527777777778 0.011636979166666667 0.01755
1 0.67701171875 0.649123611111111 0.007148437499999999 0.014913888888888888
1 0.5450333333333333 0.6394402777777778 0.0046500000000000005 0.008510185185185187
1 0.20743984375 0.7077143518518518 0.012796354166666666 0.030243518518518517
1 0.14585963541666666 0.5400148148148148 0.016719270833333334 0.06521481481481482
1 0.044804166666666666 0.44381759259259257 0.011483333333333333 0.04504259259259259
1 0.25346953125 0.18256851851851852 0.026730729166666668 0.04106296296296296
1 0.6670096354166667 0.18590879629629628 0.012144270833333333 0.016262037037037037
1 0.8663606770833333 0.5651217592592592 0.0066796875 0.030243518518518517
1 0.8455627604166666 0.3011847222222222 0.0077921875000000005 0.02829537037037037
1 0.8268835937500001 0.2759648148148148 0.0100171875 0.018596296296296295
1 0.8237205729166667 0.24551620370370372 0.003691145833333333 0.0076990740740740735
1 0.7835463541666667 0.2503050925925926 0.025426041666666666 0.052462037037037036
1 0.82073125 0.13835092592592593 0.005004166666666667 0.013738888888888887
1 0.6631934895833334 0.4043597222222222 0.017011979166666667 0.025386111111111113
1 0.4972484375 0.22922777777777778 0.005955208333333333 0.014011111111111111
1 0.5030903645833333 0.3841962962962963 0.006180729166666667 0.012837037037037037
1 0.23830312499999998 0.0521875 0.016189583333333334 0.02289351851851852
1 0.16273177083333332 0.24853472222222223 0.006713541666666667 0.015587962962962963
1 0.15031692708333333 0.25608564814814816 0.010008854166666666 0.015875
1 0.0571078125 0.10696851851851852 0.005882291666666667 0.008381481481481481
1 0.26128645833333336 0.06285648148148149 0.010072916666666666 0.02015740740740741
1 0.10210598958333333 0.172225 0.0094203125 0.011116666666666667
1 0.17734869791666666 0.695637037037037 0.004697395833333334 0.013496296296296296
1 0.15672942708333334 0.7101097222222222 0.0092921875 0.03873796296296297
1 0.30750807291666665 0.7752231481481482 0.0098078125 0.020816666666666667
1 0.04255911458333333 0.4942842592592593 0.008034895833333333 0.016346296296296296
1 0.12812161458333335 0.034142129629629626 0.007284895833333333 0.009025
1 0.7996703125 0.19015787037037035 0.0066322916666666665 0.008093518518518519
1 0.7999434895833333 0.10188935185185184 0.004053645833333334 0.005630555555555556
1 0.7851916666666666 0.07772361111111112 0.006841666666666666 0.011002777777777776
1 0.8149346354166667 0.09818564814814815 0.0038276041666666667 0.005630555555555556
1 0.72939921875 0.2555837962962963 0.0056734375000000005 0.007463888888888889
1 0.6167552083333334 0.8258268518518519 0.0043437499999999995 0.005357407407407407
1 0.6517765625 0.9272097222222222 0.0077197916666666665 0.022937962962962962
1 0.9368940104166666 0.14572962962962963 0.008163020833333333 0.02108888888888889
1 0.2057359375 0.5856467592592592 0.005221875 0.012034259259259258
