2 0.4998046875 0.5215277777777777 0.999609375 0.9562499999999999
1 0.1587890625 0.35277777777777775 0.0109375 0.028472222222222218
1 0.1849609375 0.3729166666666667 0.0203125 0.030555555555555558
1 0.25546875 0.25677083333333334 0.034375 0.043055555555555555
1 0.219140625 0.3939236111111111 0.010546875 0.025694444444444447
1 0.555859375 0.9677083333333333 0.02578125 0.06388888888888888
1 0.613671875 0.8704861111111111 0.0125 0.022222222222222223
1 0.6982421875 0.7362847222222223 0.01171875 0.01597222222222222
1 0.945703125 0.5982638888888889 0.010546875 0.01597222222222222
1 0.9419921875 0.5663194444444444 0.012890625 0.042361111111111106
1 0.68564453125 0.12222222222222223 0.024609375 0.025694444444444447
1 0.24833984375 0.7465277777777778 0.023046875 0.027777777777777776
1 0.31884765625 0.7328125000000001 0.009765625 0.009027777777777779
1 0.4720703125 0.8335069444444445 0.00859375 0.01597222222222222
1 0.1705078125 0.24461805555555557 0.00703125 0.015277777777777779
1 0.58779296875 0.64375 0.00859375 0.020138888888888887
