2 0.5184726562499999 0.41336435185185183 0.9629869791666666 0.8267287037037037
1 0.96611484375 0.11041064814814815 0.0166046875 0.05045092592592593
1 0.34775390625 0.07616064814814814 0.0142578125 0.020839814814814814
1 0.5059122395833333 0.22575972222222224 0.023282812500000003 0.03300092592592593
1 0.6334533854166666 0.3906643518518519 0.01690677083333333 0.053550925925925925
1 0.9056330729166666 0.14274351851851852 0.010224479166666666 0.024375925925925926
1 0.49432604166666666 0.45487592592592596 0.03448541666666667 0.01715925925925926
1 0.9740177083333333 0.17981712962962962 0.013660416666666668 0.037412037037037035
1 0.9579557291666667 0.2773662037037037 0.007578125000000001 0.03436203703703703
1 0.9632083333333333 0.21602870370370372 0.006625000000000001 0.019094444444444445
1 0.7085526041666667 0.583649537037037 0.009813541666666667 0.026558333333333333
1 0.7161705729166666 0.5228064814814815 0.015674479166666665 0.027094444444444445
1 0.805203125 0.6694805555555555 0.01665625 0.022294444444444443
1 0.6494893229166667 0.6362578703703704 0.0406453125 0.06325648148148147
1 0.8217752604166667 0.580851851851852 0.020633854166666667 0.052444444444444446
1 0.8126244791666667 0.4832625 0.009623958333333333 0.02578425925925926
1 0.9344882812499999 0.7821750000000001 0.017934895833333336 0.04953518518518518
1 0.8410536458333334 0.6337143518518519 0.013357291666666667 0.02113240740740741
1 0.3887510416666667 0.7512254629629629 0.013960416666666666 0.03208055555555556
1 0.42975078125 0.012312037037037038 0.016793229166666666 0.024624074074074076
