2 0.5 0.4850699074074074 1.0 0.9701398148148148
1 0.8489075520833332 0.3735597222222222 0.0217734375 0.019341666666666667
1 0.7814239583333333 0.5825986111111111 0.013889583333333334 0.028160185185185184
1 0.8842723958333334 0.05790694444444445 0.012294791666666667 0.017665740740740742
1 0.4379721354166667 0.5997842592592593 0.0301109375 0.0699388888888889
1 0.48297994791666665 0.6634967592592592 0.0107515625 0.015882407407407408
1 0.47208776041666667 0.7174439814814815 0.0233421875 0.03488796296296297
1 0.5790231770833334 0.7865805555555555 0.018463020833333333 0.034272222222222225
1 0.5802041666666666 0.6542912037037037 0.01145 0.019693518518518516
1 0.3777888020833334 0.40011990740740744 0.0295359375 0.040980555555555555
1 0.21810338541666668 0.5613444444444444 0.018498437500000003 0.052318518518518514
1 0.20544062500000002 0.3037694444444445 0.011922916666666667 0.04457592592592593
1 0.5238330729166667 0.43785972222222225 0.03204114583333333 0.04238611111111111
1 0.5526924479166666 0.866388888888889 0.012676562499999999 0.032777777777777774
1 0.4132484375 0.7278962962962964 0.007746875 0.03171851851851852
1 0.31097395833333336 0.6124300925925925 0.009447916666666667 0.01930462962962963
1 0.9163075520833334 0.15504166666666666 0.019073437500000002 0.05823148148148148
