2 0.5 0.4505115740740741 1.0 0.9010231481481482
1 0.3443072916666667 0.6998365740740741 0.01153125 0.02189537037037037
1 0.5464309895833334 0.7934097222222223 0.0074453125 0.014597222222222223
1 0.5654838541666667 0.8519689814814815 0.009092708333333333 0.01134537037037037
1 0.6882713541666666 0.5032166666666668 0.017167708333333333 0.01569259259259259
1 0.7272184895833332 0.475350462962963 0.012770312499999999 0.028478703703703704
1 0.7505010416666666 0.35724953703703705 0.010377083333333334 0.03116574074074074
1 0.7715229166666667 0.09974722222222222 0.013879166666666666 0.03838333333333333
1 0.06855364583333333 0.11532824074074075 0.014190625 0.025100925925925926
1 0.5042434895833333 0.21528472222222222 0.0074453125 0.017606481481481483
