2 0.5 0.512349074074074 1.0 0.9746981481481481
1 0.45096302083333334 0.6047750000000001 0.015467708333333333 0.042883333333333336
1 0.44722708333333333 0.42054166666666665 0.014245833333333334 0.018861111111111113
1 0.36259869791666666 0.761725462962963 0.012697395833333335 0.03085833333333333
1 0.3432234375 0.46140879629629633 0.010405208333333334 0.030225000000000002
1 0.2874190104166667 0.5141296296296296 0.015463020833333334 0.031962962962962964
1 0.4128776041666667 0.6291263888888889 0.012213541666666666 0.013808333333333334
1 0.28151171875000003 0.3000421296296296 0.008856770833333333 0.02045462962962963
1 0.5769234375 0.2338875 0.041346875 0.0603675925925926
1 0.4283890625 0.4010944444444445 0.017194791666666667 0.028114814814814815
1 0.7227494791666668 0.7499810185185185 0.006957291666666667 0.014776851851851852
1 0.34258671874999996 0.22665787037037038 0.013298437500000001 0.03109351851851852
1 0.289521875 0.5883833333333333 0.03425208333333333 0.06565555555555555
1 0.242665625 0.7886351851851852 0.02178958333333333 0.042085185185185184
