2 0.4887328125 0.4839657407407407 0.977465625 0.9679314814814814
1 0.5839518229166667 0.6428939814814815 0.008528645833333333 0.020973148148148147
1 0.67316015625 0.6740689814814815 0.0088203125 0.014804629629629631
1 0.76484140625 0.5557907407407408 0.018224479166666665 0.03750740740740741
1 0.6739877604166666 0.38843611111111115 0.032350520833333334 0.0583537037037037
1 0.6765291666666666 0.3854842592592592 0.025975 0.052450000000000004
1 0.7022046875 0.4218134259259259 0.014826041666666668 0.023256481481481482
1 0.72132265625 0.32737083333333333 0.011395312500000001 0.025112037037037037
1 0.6233859375 0.49181018518518516 0.008230208333333332 0.04287962962962963
1 0.5890151041666667 0.5531564814814814 0.006155208333333333 0.01372037037037037
1 0.5583174479166666 0.5663143518518519 0.0083015625 0.01781388888888889
1 0.6342221354166667 0.6179745370370371 0.0101109375 0.02113425925925926
1 0.6409018229166666 0.8495777777777778 0.025553645833333336 0.026933333333333333
1 0.5716309895833334 0.9345625 0.006803645833333333 0.032087962962962964
1 0.5580583333333333 0.6911699074074074 0.016116666666666665 0.036043518518518516
1 0.5837200520833333 0.38526203703703704 0.012231770833333332 0.020524074074074073
1 0.42657421875 0.16037453703703702 0.017731770833333334 0.02815648148148148
1 0.4844950520833333 0.03676712962962963 0.05128177083333333 0.03834907407407408
1 0.5721786458333333 0.06361157407407408 0.037065625 0.042037962962962964
1 0.5619010416666667 0.055011574074074074 0.010260416666666666 0.02113425925925926
1 0.6786281249999999 0.11195462962962963 0.009339583333333333 0.012798148148148147
1 0.4098661458333333 0.25184629629629635 0.015565625 0.024062962962962963
1 0.414409375 0.031087037037037035 0.01944375 0.039951851851851856
1 0.6515822916666667 0.3606814814814815 0.008372916666666667 0.015807407407407405
1 0.7944161458333333 0.3530787037037037 0.015915625 0.039490740740740736
1 0.7631768229166667 0.3834398148148148 0.0086453125 0.01687962962962963
1 0.7336924479166667 0.35219537037037035 0.008009895833333332 0.008094444444444446
1 0.17376796875 0.7022481481481482 0.005869270833333333 0.013755555555555556
1 0.19717369791666667 0.6198847222222222 0.008930729166666667 0.011991666666666668
1 0.1559450520833333 0.5685064814814814 0.0233484375 0.009235185185185185
1 0.07878567708333332 0.5128175925925925 0.008613020833333334 0.04045
1 0.054751302083333335 0.5244634259259259 0.0178359375 0.04151944444444444
1 0.05296796875 0.5419277777777778 0.022602604166666665 0.0783
1 0.05434296875 0.524924537037037 0.020144270833333332 0.04244166666666667
1 0.0782609375 0.40889444444444445 0.0054802083333333335 0.012233333333333334
1 0.06134973958333333 0.5406287037037038 0.0091578125 0.007183333333333333
1 0.07658020833333333 0.32111018518518514 0.009410416666666668 0.012590740740740741
1 0.08527604166666666 0.14296435185185186 0.017427083333333333 0.041484259259259255
