2 0.49973958333333335 0.5138888888888888 0.9994791666666667 0.9703703703703703
1 0.25442708333333336 0.49907407407407406 0.028645833333333332 0.046296296296296294
1 0.0875 0.7310185185185185 0.01875 0.049074074074074076
1 0.7463541666666667 0.17916666666666667 0.011458333333333333 0.023148148148148147
1 0.7356770833333334 0.8564814814814815 0.016145833333333335 0.046296296296296294
1 0.6854166666666667 0.9199074074074074 0.014583333333333334 0.032407407407407406
1 0.5796875 0.9060185185185186 0.015625 0.023148148148148147
1 0.90703125 0.5388888888888889 0.005729166666666666 0.018518518518518517
1 0.95546875 0.2708333333333333 0.025520833333333333 0.04722222222222222
1 0.9755208333333333 0.3648148148148148 0.005208333333333333 0.016666666666666666
1 0.59453125 0.30416666666666664 0.022395833333333334 0.04351851851851852
1 0.6015625 0.16342592592592592 0.011458333333333333 0.012037037037037037
1 0.73671875 0.10740740740740741 0.0140625 0.016666666666666666
1 0.65625 0.17407407407407408 0.005208333333333333 0.022222222222222223
1 0.97734375 0.5944444444444444 0.005729166666666666 0.016666666666666666
1 0.7713541666666667 0.6893518518518519 0.007291666666666667 0.008333333333333333
1 0.28125 0.7074074074074074 0.009375 0.022222222222222223
1 0.24505208333333334 0.7560185185185185 0.0046875 0.010185185185185186
1 0.19453125 0.662962962962963 0.011979166666666667 0.03148148148148148
1 0.34479166666666666 0.4351851851851852 0.014583333333333334 0.025925925925925925
1 0.17135416666666667 0.4412037037037037 0.009375 0.019444444444444445
1 0.10234375 0.2152777777777778 0.005729166666666666 0.008333333333333333
1 0.23880208333333333 0.3699074074074074 0.0067708333333333336 0.013888888888888888
