2 0.49973958333333335 0.5467592592592593 0.9994791666666667 0.9046296296296297
1 0.01875 0.8967592592592593 0.011458333333333333 0.01574074074074074
1 0.140625 0.5875 0.010416666666666666 0.028703703703703703
1 0.12473958333333333 0.9643518518518519 0.0109375 0.023148148148148147
1 0.43463541666666666 0.7564814814814815 0.0234375 0.046296296296296294
1 0.6763020833333333 0.861574074074074 0.0234375 0.023148148148148147
1 0.9765625 0.850925925925926 0.009375 0.022222222222222223
1 0.8028645833333333 0.45416666666666666 0.015104166666666667 0.030555555555555555
1 0.65625 0.7472222222222222 0.010416666666666666 0.016666666666666666
1 0.8630208333333333 0.7578703703703704 0.004166666666666667 0.04351851851851852
1 0.5174479166666667 0.3333333333333333 0.019270833333333334 0.02962962962962963
1 0.14791666666666667 0.5115740740740741 0.004166666666666667 0.019444444444444445
1 0.20963541666666666 0.5995370370370371 0.0067708333333333336 0.01574074074074074
