2 0.5083447916666667 0.48781296296296295 0.98335625 0.9756259259259259
1 0.24625885416666668 0.7551453703703704 0.007101041666666667 0.013994444444444445
1 0.24405000000000002 0.5913856481481482 0.016225 0.02721574074074074
1 0.25795963541666667 0.18326296296296296 0.0107109375 0.016525925925925927
1 0.35070546875 0.01455324074074074 0.012869270833333333 0.01984722222222222
1 0.35370989583333334 0.046144444444444446 0.008461458333333333 0.027474074074074074
1 0.4169953125 0.07117222222222222 0.018365625 0.05901111111111111
1 0.3360255208333333 0.1900486111111111 0.010592708333333334 0.026393518518518518
1 0.32530651041666664 0.29580231481481484 0.0047796875 0.008271296296296296
1 0.3542825520833333 0.34506064814814813 0.0043984375000000004 0.0067879629629629635
1 0.4453059895833333 0.06905185185185185 0.0114453125 0.04180740740740741
1 0.54260078125 0.06575231481481482 0.023743229166666668 0.04446759259259259
1 0.5853622395833333 0.03968796296296296 0.0071828125 0.016412962962962963
1 0.5407604166666666 0.12735648148148146 0.0138125 0.02137962962962963
1 0.6129067708333333 0.12230972222222224 0.013313541666666668 0.024249074074074076
1 0.6279630208333333 0.12068240740740739 0.016342708333333334 0.022846296296296295
1 0.6472328125 0.12287500000000001 0.028840625 0.02723148148148148
1 0.47381119791666665 0.1884087962962963 0.003872395833333333 0.00459537037037037
1 0.5030234375 0.2022847222222222 0.018546875 0.03605092592592593
1 0.6832140624999999 0.05082685185185185 0.004969791666666667 0.00906111111111111
1 0.49793671875 0.3487064814814815 0.010456770833333334 0.01778333333333333
1 0.48385859375 0.40885185185185186 0.0145921875 0.017703703703703704
1 0.6050588541666666 0.32163055555555553 0.021576041666666667 0.019187037037037037
1 0.55952734375 0.3222865740740741 0.011763020833333334 0.013091666666666666
1 0.5828643229166667 0.35026388888888893 0.0105203125 0.02275
1 0.529671875 0.33238935185185187 0.011427083333333334 0.02218611111111111
1 0.52541015625 0.46787685185185185 0.0258203125 0.04316111111111111
1 0.4365015625 0.6218837962962963 0.011544791666666667 0.025249074074074073
1 0.2858640625 0.49147361111111115 0.006103125 0.05146574074074074
1 0.39232213541666666 0.5805523148148148 0.012769270833333334 0.020363888888888886
1 0.39703046875 0.5888347222222222 0.0096859375 0.01655833333333333
1 0.3915723958333333 0.6330652777777778 0.023769791666666665 0.07353796296296297
1 0.42291875 0.7985421296296297 0.032295833333333336 0.050787962962962965
1 0.39964062499999997 0.9148722222222222 0.01178125 0.040855555555555555
1 0.403415625 0.8657074074074074 0.007872916666666667 0.04993333333333333
1 0.45038984375 0.8582032407407407 0.0226546875 0.03677685185185185
1 0.47837604166666664 0.7200847222222222 0.031752083333333334 0.05868796296296296
1 0.48574010416666663 0.7564125 0.010021875000000001 0.018380555555555556
1 0.4356408854166667 0.8767412037037037 0.010865104166666667 0.02940833333333333
1 0.5468440104166666 0.6527722222222222 0.008271354166666666 0.016655555555555555
1 0.5413888020833333 0.6988425925925926 0.004652604166666667 0.016203703703703703
1 0.5775385416666666 0.5444398148148148 0.01861875 0.05739814814814815
1 0.5908640625 0.8266962962962963 0.005686458333333333 0.008948148148148148
1 0.6210815104166667 0.8470402777777778 0.012996354166666666 0.031117592592592593
1 0.6916856770833333 0.9493518518518518 0.0229546875 0.03203703703703704
1 0.710034375 0.8753546296296296 0.00444375 0.013672222222222223
1 0.7560549479166667 0.8375222222222222 0.021484895833333333 0.041711111111111115
1 0.6613268229166667 0.6631194444444445 0.007028645833333333 0.018831481481481484
1 0.7142226562499999 0.6056268518518518 0.01698697916666667 0.024216666666666668
1 0.7406518229166666 0.6674592592592593 0.014636979166666668 0.08306666666666666
1 0.6236447916666666 0.5030333333333333 0.005622916666666667 0.00977037037037037
1 0.6491572916666667 0.5254675925925926 0.0066479166666666666 0.026861111111111113
1 0.6612479166666667 0.4958518518518518 0.0037458333333333332 0.010222222222222221
1 0.6799096354166667 0.23822685185185188 0.0077359375 0.02275
1 0.7326026041666667 0.14436018518518517 0.012080208333333333 0.020201851851851853
1 0.7230807291666667 0.18691851851851854 0.008661458333333334 0.01642962962962963
1 0.7521966145833333 0.2508754629629629 0.014809895833333333 0.04804722222222222
1 0.8200330729166667 0.38308101851851856 0.0098578125 0.02171759259259259
1 0.8563677083333334 0.4693351851851852 0.0075270833333333335 0.031262962962962965
1 0.9042455729166666 0.7723180555555557 0.017866145833333333 0.0372287037037037
1 0.94978203125 0.7191212962962963 0.014147395833333333 0.0882425925925926
1 0.9426046874999999 0.7842407407407408 0.008126041666666667 0.03514814814814815
1 0.9790104166666667 0.7821634259259259 0.011145833333333332 0.03469722222222222
1 0.9460833333333334 0.6382981481481481 0.008833333333333334 0.021040740740740742
1 0.9007661458333334 0.6300305555555555 0.016115625 0.03598703703703704
1 0.7810083333333334 0.4106157407407407 0.012016666666666667 0.01937962962962963
1 0.95869296875 0.4554990740740741 0.010094270833333334 0.025812962962962965
1 0.9458820312499999 0.41470879629629626 0.005305729166666666 0.010899074074074075
1 0.9775893229166667 0.3062652777777778 0.02705364583333333 0.040308333333333335
1 0.9934927083333334 0.30672916666666666 0.013027083333333333 0.035680555555555556
1 0.9525716145833333 0.24617083333333337 0.006184895833333333 0.018267592592592592
1 0.9590984375 0.12164305555555556 0.014030208333333332 0.026619444444444442
1 0.9812190104166666 0.10527916666666666 0.008271354166666666 0.008706481481481482
1 0.84472578125 0.11376805555555555 0.010284895833333333 0.012721296296296297
1 0.6812343750000001 0.6977175925925926 0.004135416666666667 0.006546296296296297
1 0.6863080729166666 0.7819407407407407 0.005949479166666666 0.013881481481481482
1 0.7531018229166667 0.2904032407407407 0.006203645833333333 0.014139814814814815
1 0.41016588541666665 0.1472027777777778 0.004706770833333334 0.007368518518518519
1 0.4415830729166667 0.2004388888888889 0.003999479166666667 0.0064333333333333334
1 0.48432005208333334 0.12780787037037036 0.006140104166666666 0.009319444444444444
1 0.6214578125 0.2165675925925926 0.006457291666666667 0.00906111111111111
1 0.6248096354166666 0.39712314814814814 0.0069109375 0.00906111111111111
1 0.6566492187499999 0.4398574074074074 0.008090104166666666 0.01675185185185185
1 0.5452296874999999 0.40657361111111107 0.005042708333333334 0.005739814814814815
1 0.43923359375 0.5702712962962964 0.0055505208333333335 0.00906111111111111
