2 0.5 0.4865865740740741 1.0 0.9731731481481481
1 0.86271640625 0.5019175925925926 0.0098078125 0.02790925925925926
1 0.9080692708333333 0.13279814814814814 0.009888541666666667 0.024855555555555558
1 0.5850244791666667 0.2624078703703704 0.024215625 0.045186111111111114
1 0.35358828125 0.09903055555555555 0.021759895833333334 0.027690740740740738
1 0.05533046875 0.03449722222222222 0.0106609375 0.020846296296296297
1 0.19639609375000003 0.4706847222222222 0.014667187500000001 0.030258333333333335
1 0.36504921875 0.217125 0.010306770833333334 0.01573148148148148
1 0.16091328125 0.15533194444444445 0.007243229166666667 0.04399722222222222
1 0.47047916666666667 0.6610550925925925 0.019083333333333334 0.02766574074074074
1 0.84969921875 0.5757787037037038 0.005648437500000001 0.018224074074074073
1 0.7949828125 0.47353472222222226 0.0066322916666666665 0.015587962962962963
