2 0.49973958333333335 0.5351851851851852 0.9994791666666667 0.9277777777777778
1 0.0796875 0.21898148148148147 0.009375 0.04351851851851852
1 0.05234375 0.2722222222222222 0.0078125 0.011111111111111112
1 0.07734375 0.3763888888888889 0.0046875 0.01574074074074074
1 0.1921875 0.27685185185185185 0.00625 0.018518518518518517
1 0.24973958333333332 0.1837962962962963 0.0265625 0.04722222222222222
1 0.334375 0.11296296296296296 0.023958333333333335 0.05185185185185185
1 0.29609375 0.3106481481481482 0.0140625 0.03981481481481482
1 0.2925268229166667 0.45232361111111113 0.004845312500000001 0.03983240740740741
1 0.29375 0.41805555555555557 0.0125 0.032407407407407406
1 0.25338541666666664 0.36898148148148147 0.0046875 0.008333333333333333
1 0.390625 0.29953703703703705 0.025 0.03981481481481482
1 0.35598958333333336 0.3490740740740741 0.0109375 0.025925925925925925
1 0.39401041666666664 0.37453703703703706 0.015104166666666667 0.04351851851851852
1 0.34348958333333335 0.5013888888888889 0.0234375 0.030555555555555555
1 0.42942708333333335 0.5041666666666667 0.0109375 0.021296296296296296
1 0.4401041666666667 0.42685185185185187 0.0020833333333333333 0.025925925925925925
1 0.45338541666666665 0.42083333333333334 0.009895833333333333 0.019444444444444445
1 0.51953125 0.32685185185185184 0.0046875 0.018518518518518517
1 0.5002604166666667 0.624537037037037 0.0140625 0.017592592592592594
1 0.44244791666666666 0.6439814814814815 0.008854166666666666 0.01574074074074074
1 0.5651041666666666 0.9046296296296297 0.023958333333333335 0.037037037037037035
1 0.5638020833333334 0.9662037037037037 0.0109375 0.021296296296296296
1 0.9596354166666666 0.9148148148148149 0.0453125 0.1037037037037037
1 0.81796875 0.9625 0.008854166666666666 0.012037037037037037
1 0.9375 0.5949074074074074 0.004166666666666667 0.01574074074074074
1 0.9497395833333333 0.5972222222222222 0.005729166666666666 0.020370370370370372
1 0.7541666666666667 0.15787037037037038 0.016666666666666666 0.03425925925925926
1 0.6731770833333334 0.1412037037037037 0.0203125 0.026851851851851852
1 0.6119791666666666 0.25601851851851853 0.014583333333333334 0.013888888888888888
1 0.43385416666666665 0.21296296296296297 0.005208333333333333 0.007407407407407408
1 0.4140625 0.25046296296296294 0.011458333333333333 0.03425925925925926
1 0.31484375 0.26342592592592595 0.013020833333333334 0.008333333333333333
1 0.33203125 0.5712962962962963 0.0036458333333333334 0.024074074074074074
1 0.3609375 0.6037037037037037 0.003125 0.007407407407407408
1 0.030208333333333334 0.5643518518518519 0.010416666666666666 0.023148148148148147
1 0.05963541666666667 0.5060185185185185 0.0078125 0.021296296296296296
1 0.04869791666666667 0.45787037037037037 0.005729166666666666 0.021296296296296296
1 0.9598958333333333 0.24444444444444444 0.009375 0.040740740740740744
