2 0.5 0.46608935185185185 1.0 0.9321787037037037
2 0.5 0.4662675925925926 1.0 0.9325351851851852
2 0.50374453125 0.6133314814814815 0.9929057291666666 0.4081444444444444
1 0.22042005208333335 0.4667375 0.010631770833333333 0.018660185185185182
1 0.22040598958333335 0.46668935185185184 0.010603645833333335 0.018563888888888887
1 0.021078125 0.33491296296296297 0.005697916666666666 0.010566666666666667
1 0.8289346354166667 0.4828 0.014119270833333334 0.03411851851851852
1 0.9321234374999999 0.23837268518518517 0.011121875 0.019337962962962963
1 0.7812796875 0.08151527777777778 0.013601041666666668 0.040808333333333335
1 0.63345546875 0.165675 0.009619270833333334 0.05912777777777777
1 0.22750130208333333 0.861825 0.017502604166666665 0.01439074074074074
1 0.6163369791666666 0.3203046296296296 0.014965625000000001 0.02394259259259259
