1 0.47772916666666665 0.5986074074074074 0.9554583333333333 0.8027703703703704
2 0.033550260416666665 0.9575597222222223 0.057725520833333335 0.08548981481481481
1 0.62846015625 0.8112416666666666 0.03296197916666667 0.016927777777777778
1 0.5016736979166666 0.4431773148148148 0.03147239583333333 0.023391666666666668
1 0.56148046875 0.9292060185185186 0.006294270833333334 0.012115740740740741
1 0.34448697916666665 0.7819236111111111 0.026473958333333332 0.06014351851851852
1 0.2999890625 0.8165106481481481 0.022894791666666667 0.03302129629629629
1 0.39054765625 0.9222203703703704 0.043595312500000004 0.053700000000000005
1 0.48537005208333334 0.584224537037037 0.0165734375 0.033263888888888885
1 0.39561328125 0.8856634259259258 0.005809895833333333 0.012067592592592592
1 0.44583697916666665 0.538312037037037 0.011465625 0.009957407407407406
1 0.44396901041666664 0.5385305555555556 0.006688020833333333 0.008542592592592593
1 0.46408463541666667 0.6758523148148148 0.009419270833333333 0.01281574074074074
1 0.4495192708333333 0.6531990740740741 0.009455208333333333 0.013805555555555555
1 0.44458515625 0.7013796296296296 0.010003645833333333 0.017574074074074075
1 0.43197135416666665 0.8080226851851852 0.010817708333333334 0.01604537037037037
1 0.43877890625 0.7550680555555555 0.006724479166666667 0.0064324074074074075
1 0.4825744791666667 0.6519078703703705 0.004732291666666667 0.009371296296296296
1 0.321965625 0.6573412037037036 0.0043479166666666675 0.01838611111111111
1 0.2778552083333333 0.5861175925925926 0.002585416666666667 0.018531481481481482
1 0.4364578125 0.9352638888888889 0.007290624999999999 0.027935185185185188
1 0.3665205729166667 0.9729652777777777 0.017416145833333334 0.05333796296296296
1 0.51048828125 0.2606453703703704 0.0147265625 0.037957407407407405
1 0.4232481770833333 0.22391018518518518 0.020454687500000002 0.027450000000000002
1 0.42348854166666666 0.2894171296296296 0.044893749999999996 0.025130555555555555
1 0.4409393229166667 0.26612175925925924 0.010003645833333333 0.017428703703703703
1 0.4323046875 0.2806254629629629 0.009401041666666667 0.039028703703703704
1 0.44599765625000004 0.2334125 0.009703645833333333 0.024232407407407407
1 0.6013559895833333 0.2748615740740741 0.008961979166666667 0.01083425925925926
1 0.3720291666666667 0.3287009259259259 0.003433333333333333 0.03517962962962963
1 0.4059802083333333 0.47361805555555553 0.0036270833333333337 0.013902777777777778
1 0.23330989583333334 0.36348888888888886 0.009328125 0.025125925925925927
1 0.18403671875 0.35104537037037037 0.007656770833333334 0.02246111111111111
1 0.12679973958333332 0.4236912037037037 0.006724479166666667 0.012197222222222222
1 0.3247390625 0.46490324074074074 0.005728125 0.00758425925925926
1 0.05108671875 0.2977162037037037 0.004256770833333334 0.01765462962962963
1 0.07866822916666667 0.33104212962962964 0.0042114583333333335 0.010232407407407407
1 0.22349166666666667 0.7194759259259259 0.004275 0.013025925925925925
1 0.15885364583333333 0.7685824074074074 0.0052072916666666665 0.009387037037037037
1 0.1216859375 0.8884722222222222 0.018371875 0.03064814814814815
1 0.08125859375000001 0.8624347222222222 0.005225520833333333 0.01005462962962963
1 0.322696875 0.7485782407407408 0.00476875 0.010119444444444445
1 0.2958283854166667 0.6880421296296296 0.006240104166666666 0.01867685185185185
1 0.3140393229166667 0.7570245370370371 0.0072453125 0.008493518518518518
1 0.36881302083333334 0.8657314814814815 0.0074177083333333334 0.014796296296296297
1 0.3620104166666666 0.8898300925925925 0.0063124999999999995 0.009289814814814815
1 0.34923203124999996 0.8657319444444445 0.005755729166666667 0.009241666666666667
1 0.34378984375 0.8194430555555556 0.014663020833333333 0.020367592592592593
