2 0.5026041666666666 0.5486111111111112 0.99375 0.9009259259259259
1 0.11953125 0.15555555555555556 0.015104166666666667 0.05740740740740741
1 0.33541666666666664 0.13333333333333333 0.01875 0.025925925925925925
1 0.38828125 0.2861111111111111 0.0171875 0.022222222222222223
1 0.6138020833333333 0.3037037037037037 0.04010416666666667 0.046296296296296294
1 0.21901041666666668 0.5777777777777777 0.0109375 0.024074074074074074
1 0.25703125 0.4222222222222222 0.0109375 0.03333333333333333
1 0.6401041666666667 0.8023148148148148 0.009375 0.049074074074074076
1 0.3533854166666667 0.9458333333333333 0.0203125 0.049074074074074076
1 0.23203125 0.7537037037037037 0.015104166666666667 0.04814814814814815
1 0.25807291666666665 0.6722222222222223 0.0067708333333333336 0.027777777777777776
1 0.28229166666666666 0.625 0.00625 0.022222222222222223
1 0.15807291666666667 0.8837962962962963 0.0078125 0.04537037037037037
1 0.61484375 0.9407407407407408 0.0234375 0.05185185185185185
1 0.19114583333333332 0.6912037037037037 0.004166666666666667 0.03611111111111111
1 0.30104166666666665 0.9717592592592592 0.015625 0.028703703703703703
1 0.3890625 0.6717592592592593 0.007291666666666667 0.012037037037037037
1 0.65859375 0.8967592592592593 0.0067708333333333336 0.023148148148148147
1 0.6877604166666667 0.7412037037037037 0.0078125 0.028703703703703703
1 0.6893229166666667 0.7621032407407408 0.0046875 0.014947222222222223
