2 0.5 0.5334819444444444 1.0 0.9336305555555556
1 0.44965390625 0.6612740740740741 0.0430578125 0.08736296296296296
1 0.4508997395833333 0.3087712962962963 0.0163828125 0.03420925925925926
1 0.6168036458333332 0.9216305555555555 0.030482291666666668 0.03400185185185185
1 0.98589609375 0.6388291666666667 0.011375520833333335 0.03136203703703704
1 0.9409216145833333 0.9101166666666667 0.015176562499999999 0.04801111111111111
1 0.93858671875 0.9005083333333334 0.010506770833333333 0.030646296296296296
1 0.9764205729166666 0.9068092592592593 0.011174479166666666 0.02843333333333333
1 0.9776388020833333 0.861826388888889 0.012569270833333333 0.02550462962962963
1 0.9472302083333334 0.9726495370370369 0.016335416666666668 0.054558333333333334
