2 0.5 0.5093768518518518 1.0 0.9817166666666666
1 0.29265598958333333 0.1883189814814815 0.0186453125 0.09145277777777779
1 0.0377484375 0.841712037037037 0.037996875 0.07786851851851852
1 0.34210390625000003 0.5299513888888888 0.0217078125 0.032125
1 0.40792239583333334 0.813500462962963 0.020011458333333332 0.03070462962962963
1 0.35368697916666664 0.8886722222222222 0.013623958333333333 0.034751851851851846
1 0.4301169270833333 0.8737921296296297 0.01960885416666667 0.03647314814814814
1 0.5980653645833333 0.6144032407407408 0.03154739583333333 0.045473148148148144
1 0.6343361979166667 0.5067004629629629 0.020755729166666667 0.06340092592592593
1 0.5383018229166667 0.7386615740740741 0.014103645833333334 0.060656481481481485
1 0.6560747395833334 0.7412555555555556 0.019441145833333333 0.026955555555555556
1 0.43667109375 0.9692476851851851 0.0233421875 0.04034722222222222
1 0.5118317708333333 0.840599537037037 0.019496875 0.021939814814814815
1 0.5546130208333333 0.8966962962962963 0.014434375 0.01746666666666667
1 0.87106328125 0.9396893518518519 0.009834895833333333 0.02382314814814815
1 0.9631843750000001 0.9247791666666666 0.011785416666666666 0.02733611111111111
1 0.90064765625 0.6067865740740741 0.0106703125 0.013573148148148148
1 0.84762734375 0.39844583333333333 0.008796354166666666 0.026521296296296296
1 0.9351447916666668 0.7585472222222223 0.00883125 0.028205555555555557
1 0.9635182291666666 0.7212703703703703 0.010369791666666666 0.020318518518518517
1 0.7006067708333333 0.6996162037037037 0.014755208333333332 0.027010185185185186
1 0.7013098958333334 0.2126587962962963 0.007828125 0.014206481481481481
1 0.27823671875 0.5472986111111111 0.0064734375 0.011263888888888888
1 0.28630625 0.5209652777777778 0.009070833333333334 0.014152777777777778
1 0.21781354166666667 0.5471310185185185 0.009585416666666667 0.014632407407407408
1 0.031781770833333334 0.2404703703703704 0.007313541666666667 0.01982962962962963
1 0.18660442708333333 0.14447546296296296 0.007583854166666667 0.011173148148148149
1 0.23412239583333333 0.30118518518518517 0.007828125 0.020888888888888887
