2 0.49973958333333335 0.549537037037037 0.9994791666666667 0.899074074074074
1 0.2046875 0.2152777777777778 0.015625 0.06388888888888888
1 0.17578125 0.1597222222222222 0.013020833333333334 0.03611111111111111
1 0.23541666666666666 0.4300925925925926 0.021875 0.05277777777777778
1 0.06302083333333333 0.337037037037037 0.013541666666666667 0.024074074074074074
1 0.7361979166666667 0.4759259259259259 0.0234375 0.046296296296296294
1 0.8270833333333333 0.3138888888888889 0.010416666666666666 0.03148148148148148
1 0.0013020833333333333 0.8055555555555556 0.0026041666666666665 0.014814814814814815
1 0.0026041666666666665 0.8189814814814815 0.005208333333333333 0.008333333333333333
1 0.01015625 0.8481481481481481 0.0109375 0.040740740740740744
1 0.46041666666666664 0.9726851851851852 0.021875 0.017592592592592594
1 0.7432291666666667 0.8138888888888889 0.016666666666666666 0.02962962962962963
1 0.9471354166666667 0.27037037037037037 0.011979166666666667 0.02962962962962963
1 0.8033854166666666 0.29074074074074074 0.0067708333333333336 0.02962962962962963
1 0.8533854166666667 0.2814814814814815 0.0109375 0.025925925925925925
1 0.6606770833333333 0.5337962962962963 0.0067708333333333336 0.019444444444444445
