2 0.5 0.4910259259259259 1.0 0.9820518518518518
1 0.3021052083333334 0.46038842592592594 0.02504375 0.06151759259259259
1 0.31467812500000003 0.616 0.01373125 0.024592592592592593
1 0.15369531250000001 0.5922842592592593 0.007390625 0.014198148148148147
1 0.10123463541666666 0.5252638888888889 0.010802604166666667 0.02089814814814815
1 0.8325815104166666 0.5308800925925926 0.010996354166666666 0.030278703703703704
1 0.98754921875 0.40050787037037033 0.011556770833333334 0.02879351851851852
1 0.9346927083333333 0.7607115740740741 0.011052083333333332 0.02512685185185185
1 0.9404130208333333 0.6987356481481481 0.009992708333333333 0.019693518518518516
1 0.4744533854166667 0.5722726851851851 0.010365104166666667 0.027878703703703704
1 0.40979505208333333 0.5755652777777778 0.011256770833333334 0.054834259259259256
1 0.4398171875 0.6866333333333333 0.010884375 0.01771111111111111
1 0.46790546875 0.6542 0.0076859375 0.034325925925925926
