2 0.46888515625 0.5321796296296296 0.9377703125 0.9347296296296297
2 0.8352544270833333 0.5435101851851851 0.32988385416666666 0.8907240740740741
2 0.9444356770833333 0.8878050925925927 0.11074635416666667 0.17561018518518517
1 0.9448786458333333 0.5738592592592593 0.021007291666666667 0.0680888888888889
1 0.5481895833333332 0.6930773148148148 0.01825416666666667 0.03430277777777777
1 0.3322723958333333 0.4621444444444444 0.03329479166666667 0.052066666666666664
1 0.41128515625 0.379525 0.012153645833333334 0.02571666666666667
1 0.046253906250000004 0.9299384259259259 0.022716145833333333 0.08209907407407407
1 0.6342822916666666 0.9018476851851852 0.006064583333333333 0.01295462962962963
1 0.5643013020833333 0.9615703703703704 0.010894270833333334 0.01202962962962963
1 0.6217020833333333 0.5795291666666667 0.011112499999999999 0.010910185185185184
1 0.6294825520833334 0.6070180555555557 0.0266734375 0.07699907407407408
1 0.3440434895833333 0.8254750000000001 0.011003645833333332 0.013912962962962962
1 0.31233802083333334 0.6954310185185185 0.004884375 0.013084259259259259
1 0.5383122395833334 0.544561111111111 0.0068328124999999995 0.04097407407407408
1 0.52927421875 0.5800564814814815 0.0054234375 0.011964814814814815
1 0.8974747395833333 0.5625097222222222 0.0095328125 0.021315740740740743
1 0.8877942708333334 0.6504425925925925 0.007880208333333335 0.013848148148148148
1 0.8694223958333333 0.6527638888888889 0.009678125000000001 0.046268518518518514
1 0.8702651041666667 0.6685305555555556 0.006155208333333333 0.012987037037037037
1 0.80618671875 0.6846643518518518 0.009248437500000001 0.030439814814814815
1 0.9423752604166666 0.39337777777777777 0.0107921875 0.036755555555555555
1 0.9721885416666667 0.3851805555555556 0.00479375 0.014805555555555556
1 0.9503677083333333 0.4870782407407407 0.00594375 0.02415648148148148
1 0.8440119791666666 0.45924722222222225 0.005732291666666667 0.03886481481481481
1 0.7760484375 0.1268 0.007305208333333333 0.011007407407407407
1 0.6339700520833333 0.24175509259259262 0.0075234375 0.027954629629629628
1 0.23955104166666666 0.29832824074074077 0.016602083333333333 0.02628611111111111
1 0.6379393229166667 0.6902893518518519 0.02900364583333333 0.03428240740740741
