2 0.5127604166666667 0.5208333333333334 0.9734375 0.9564814814814815
1 0.4234375 0.3449074074074074 0.008333333333333333 0.021296296296296296
1 0.33619791666666665 0.29953703703703705 0.008854166666666666 0.013888888888888888
1 0.2390625 0.40324074074074073 0.01875 0.03611111111111111
1 0.321875 0.5847222222222223 0.03229166666666667 0.058333333333333334
1 0.3184895833333333 0.587037037037037 0.024479166666666666 0.053703703703703705
1 0.29453125 0.5467592592592593 0.0140625 0.025
1 0.2708333333333333 0.637962962962963 0.011458333333333333 0.024074074074074074
1 0.3765625 0.48935185185185187 0.009375 0.041666666666666664
1 0.41380208333333335 0.43333333333333335 0.0067708333333333336 0.012962962962962963
1 0.4453125 0.425462962962963 0.008333333333333333 0.017592592592592594
1 0.371875 0.36157407407407405 0.009375 0.021296296296296296
1 0.3768229166666667 0.1300925925925926 0.0265625 0.023148148148148147
1 0.45 0.05555555555555555 0.008333333333333333 0.03148148148148148
1 0.4515625 0.300462962962963 0.014583333333333334 0.03796296296296296
1 0.4109375 0.6018518518518519 0.011458333333333333 0.022222222222222223
1 0.5565104166666667 0.8490740740740741 0.018229166666666668 0.027777777777777776
1 0.49244791666666665 0.9657407407407408 0.050520833333333334 0.037037037037037035
1 0.40703125 0.924074074074074 0.03697916666666667 0.04259259259259259
1 0.41640625 0.9337962962962963 0.0109375 0.021296296296296296
1 0.303125 0.8587962962962963 0.009375 0.012037037037037037
1 0.5776041666666667 0.7620370370370371 0.015625 0.024074074074074074
1 0.5622395833333333 0.9796296296296296 0.0203125 0.03888888888888889
1 0.3419270833333333 0.6148148148148148 0.0078125 0.014814814814814815
1 0.19973958333333333 0.600462962962963 0.0140625 0.041666666666666664
1 0.23203125 0.575462962962963 0.0078125 0.017592592592592594
1 0.2596354166666667 0.6111111111111112 0.0078125 0.009259259259259259
1 0.8348958333333333 0.34953703703703703 0.005208333333333333 0.013888888888888888
1 0.8072916666666666 0.4273148148148148 0.009375 0.012037037037037037
1 0.84609375 0.4842592592592593 0.0234375 0.007407407407407408
1 0.9200520833333333 0.552574537037037 0.009895833333333333 0.04033425925925926
1 0.9450520833333333 0.5449074074074074 0.019270833333333334 0.03981481481481482
1 0.9471354166666667 0.5277777777777778 0.0234375 0.07592592592592592
1 0.9455729166666667 0.5439814814814815 0.0203125 0.041666666666666664
1 0.9158854166666667 0.6560185185185186 0.005729166666666666 0.012037037037037037
1 0.9390625 0.5282407407407408 0.009375 0.006481481481481481
1 0.91328125 0.7435185185185185 0.008854166666666666 0.012962962962962963
1 0.8955729166666667 0.9203703703703704 0.019270833333333334 0.03888888888888889
