2 0.5096354166666667 0.5208333333333334 0.9796875 0.9564814814814815
1 0.7598958333333333 0.33796296296296297 0.015625 0.03333333333333333
1 0.7799479166666666 0.3402777777777778 0.0265625 0.05277777777777778
1 0.7098958333333333 0.39814814814814814 0.020833333333333332 0.04259259259259259
1 0.35963541666666665 0.1935185185185185 0.0078125 0.04814814814814815
1 0.5424479166666667 0.21342592592592594 0.03177083333333333 0.0787037037037037
1 0.5869791666666667 0.3611111111111111 0.015625 0.03148148148148148
1 0.6731770833333334 0.12546296296296297 0.0067708333333333336 0.017592592592592594
1 0.36640625 0.45925925925925926 0.011979166666666667 0.022222222222222223
1 0.19244791666666666 0.5796296296296296 0.008854166666666666 0.025925925925925925
1 0.23828125 0.4787037037037037 0.0078125 0.016666666666666666
1 0.209375 0.1935185185185185 0.00625 0.014814814814814815
1 0.32786458333333335 0.0837962962962963 0.0078125 0.013888888888888888
1 0.740625 0.6810185185185185 0.01875 0.025
1 0.37005208333333334 0.31851851851851853 0.0296875 0.014814814814814815
1 0.28125 0.8162037037037037 0.0125 0.019444444444444445
1 0.19114583333333332 0.524074074074074 0.0125 0.016666666666666666
1 0.3533854166666667 0.5814814814814815 0.009895833333333333 0.053703703703703705
1 0.7442708333333333 0.8166666666666667 0.009375 0.014814814814814815
1 0.9171875 0.2875 0.020833333333333332 0.025
1 0.953125 0.4310185185185185 0.008333333333333333 0.030555555555555555
1 0.87109375 0.5768518518518518 0.008854166666666666 0.02962962962962963
1 0.9778645833333334 0.36527777777777776 0.0046875 0.013888888888888888
1 0.93671875 0.8773148148148148 0.005729166666666666 0.021296296296296296
