2 0.5 0.4585162037037037 1.0 0.9170324074074074
1 0.31827682291666665 0.867749537037037 0.016761979166666666 0.033647222222222224
1 0.41288854166666666 0.6053314814814815 0.025777083333333332 0.0514037037037037
1 0.38701171875 0.4802513888888889 0.010481770833333333 0.017910185185185185
1 0.20396119791666667 0.5296717592592592 0.006880729166666667 0.016750925925925926
1 0.42766848958333337 0.23650462962962965 0.017836979166666666 0.05078703703703704
1 0.4459705729166667 0.28912546296296293 0.0044411458333333325 0.02454722222222222
1 0.5650854166666667 0.47849027777777775 0.016629166666666667 0.01809166666666667
1 0.5631005208333334 0.6974208333333334 0.009534375000000001 0.01891574074074074
1 0.5477927083333333 0.6435837962962964 0.009127083333333334 0.009389814814814814
1 0.5094244791666667 0.8628759259259259 0.005307291666666667 0.025751851851851852
1 0.70992421875 0.8939412037037037 0.017765104166666667 0.02121574074074074
1 0.7885973958333333 0.7325791666666667 0.004278125 0.01145462962962963
1 0.67070703125 0.5860541666666667 0.004955729166666667 0.009145370370370371
1 0.7574416666666667 0.5656268518518518 0.00655 0.018290740740740743
1 0.6273236979166666 0.3489333333333334 0.007772395833333333 0.014533333333333334
1 0.6042440104166666 0.38291851851851855 0.005363020833333333 0.012133333333333333
1 0.7569703125 0.16324953703703704 0.011857291666666665 0.024647222222222223
1 0.7835799479166667 0.2947652777777778 0.010909895833333332 0.015456481481481483
1 0.7522700520833333 0.3357953703703704 0.011831770833333333 0.016035185185185187
1 0.7796002604166666 0.20608194444444444 0.0102421875 0.03253425925925926
1 0.9990447916666666 0.5408967592592593 0.00225625 0.022534259259259257
1 0.9048661458333334 0.6866638888888889 0.013898958333333333 0.039994444444444444
1 0.9017619791666667 0.7253587962962963 0.011857291666666665 0.02108796296296296
1 0.9750557291666666 0.6257777777777778 0.0063614583333333335 0.01637037037037037
1 0.5486864583333334 0.529012962962963 0.01508125 0.017285185185185185
1 0.4329822916666667 0.10250324074074074 0.012839583333333333 0.019821296296296295
1 0.3100760416666667 0.15658472222222222 0.012860416666666668 0.022428703703703704
