1 0.5 0.5279787037037037 1.0 0.9448462962962962
2 0.5 0.5278421296296297 1.0 0.9445731481481482
1 0.03046848958333333 0.8148699074074074 0.0036453124999999997 0.020480555555555554
1 0.0199046875 0.8716930555555555 0.007517708333333333 0.02301574074074074
1 0.20227760416666665 0.7970412037037037 0.014971874999999999 0.04408240740740741
1 0.25386901041666665 0.6031578703703703 0.012946354166666667 0.028537962962962963
1 0.15654114583333334 0.47407222222222223 0.014123958333333332 0.02592222222222222
1 0.33679921875 0.7591768518518518 0.016306770833333335 0.02390925925925926
1 0.36890494791666667 0.8162578703703703 0.011768229166666666 0.02881203703703704
1 0.2916799479166666 0.8531888888888889 0.004193229166666667 0.010081481481481481
1 0.2831223958333334 0.9138314814814815 0.007911458333333333 0.012848148148148148
1 0.24195390625 0.8837953703703704 0.006824479166666666 0.012035185185185185
1 0.47167291666666666 0.8485449074074074 0.008970833333333334 0.019312037037037037
1 0.37138046875 0.9656185185185184 0.012552604166666667 0.010866666666666667
1 0.09250703125 0.1641273148148148 0.0162640625 0.052328703703703704
1 0.1734453125 0.3680439814814815 0.015640625000000002 0.045347222222222226
1 0.23174322916666668 0.47082407407407406 0.005153125 0.017574074074074075
1 0.14922708333333334 0.4028824074074074 0.0099125 0.007616666666666667
1 0.3818111979166667 0.22821527777777778 0.007372395833333333 0.013837962962962963
1 0.440390625 0.2258189814814815 0.015156250000000001 0.023860185185185182
1 0.4827666666666667 0.32547037037037035 0.005116666666666667 0.0102
1 0.8912768229166667 0.2744134259259259 0.010678645833333333 0.03030833333333333
1 0.8742546875 0.5551078703703703 0.005801041666666667 0.012067592592592592
1 0.6339575520833333 0.6632375 0.013748437499999999 0.03203055555555556
1 0.9361471354166666 0.8218217592592593 0.008752604166666667 0.026976851851851853
1 0.9418627604166667 0.9778814814814816 0.0097671875 0.015022222222222223
1 0.9612203125 0.9486749999999999 0.004732291666666667 0.010312962962962963
1 0.9807377604166666 0.8439157407407407 0.007308854166666667 0.011905555555555556
1 0.62815625 0.4865087962962963 0.0063124999999999995 0.008202777777777778
