2 0.4998046875 0.5916666666666667 0.999609375 0.8152777777777778
1 0.104296875 0.8137152777777777 0.007421875 0.021527777777777778
1 0.308984375 0.9916666666666667 0.0046875 0.014583333333333334
1 0.11435546875 0.6614583333333334 0.008984375 0.010416666666666666
1 0.13251953125 0.4616319444444444 0.019921875 0.05
1 0.34365234375 0.45868055555555554 0.030078125 0.025
1 0.0658203125 0.31545138888888885 0.0046875 0.011111111111111112
1 0.01826171875 0.3951388888888889 0.008203125 0.01597222222222222
1 0.15595703125 0.259375 0.004296875 0.008333333333333333
1 0.48681640625 0.19722222222222222 0.0078125 0.01597222222222222
1 0.53056640625 0.3133680555555556 0.011328125 0.024305555555555556
1 0.5060546875 0.21354166666666666 0.004296875 0.006944444444444444
1 0.48583984375 0.25486111111111115 0.00390625 0.00625
1 0.62666015625 0.2418402777777778 0.008203125 0.009722222222222222
1 0.65185546875 0.4395833333333333 0.00390625 0.0076388888888888895
1 0.48095703125 0.44687499999999997 0.021484375 0.03263888888888889
1 0.4828125 0.6175347222222222 0.010546875 0.014583333333333334
1 0.54111328125 0.3048611111111111 0.00703125 0.009027777777777779
1 0.850390625 0.40069444444444446 0.009375 0.016666666666666666
1 0.85029296875 0.4769097222222222 0.019921875 0.05277777777777778
1 0.89404296875 0.46423611111111107 0.00390625 0.008333333333333333
1 0.834375 0.6048611111111111 0.006640625 0.011805555555555555
1 0.84033203125 0.7180555555555556 0.021484375 0.05763888888888889
1 0.8736328125 0.6984375 0.00703125 0.03402777777777778
1 0.7134765625 0.8902777777777777 0.00703125 0.02361111111111111
1 0.9068359375 0.8420138888888888 0.005078125 0.006944444444444444
1 0.5779296875 0.8284722222222222 0.003515625 0.021527777777777778
1 0.99658203125 0.5157986111111111 0.005859375 0.01597222222222222
1 0.9193359375 0.9927083333333333 0.00859375 0.013194444444444444
1 0.6875 0.9829861111111112 0.005859375 0.011111111111111112
