2 0.5 0.5372268518518518 1.0 0.9263055555555555
1 0.6034513020833334 0.11843935185185185 0.022527604166666666 0.04428611111111111
1 0.7735752604166667 0.09158333333333334 0.020067187500000003 0.03687037037037037
1 0.4362494791666667 0.9421550925925927 0.019373958333333333 0.06208796296296297
1 0.1741 0.8829722222222223 0.019033333333333333 0.027055555555555555
1 0.5024302083333334 0.9880597222222222 0.01006875 0.02426759259259259
1 0.8457580729166666 0.6008967592592592 0.009224479166666666 0.0406824074074074
1 0.6005020833333333 0.2525685185185185 0.016629166666666667 0.025507407407407406
1 0.6331557291666667 0.5652078703703703 0.009019791666666667 0.023008333333333332
1 0.7423658854166667 0.5123875 0.024315104166666667 0.013663888888888889
1 0.6715257812500001 0.47957268518518514 0.0055515625 0.009145370370370371
1 0.7124765624999999 0.42742407407407407 0.008286458333333333 0.014107407407407409
1 0.8696101562499999 0.34878888888888887 0.0079703125 0.04572592592592593
1 0.8949341145833334 0.33590972222222226 0.022159895833333332 0.05885648148148148
1 0.85356484375 0.3223902777777778 0.0133796875 0.035521296296296294
1 0.78928359375 0.5824879629629629 0.0129421875 0.014975925925925926
1 0.88061796875 0.537849074074074 0.007069270833333334 0.018290740740740743
1 0.8939861979166667 0.14970277777777777 0.0108890625 0.019775925925925926
1 0.9607815104166666 0.11395787037037038 0.010104687499999999 0.02791574074074074
1 0.8850419270833334 0.0983736111111111 0.0096671875 0.02637685185185185
1 0.766628125 0.17670046296296296 0.01450625 0.04414166666666667
1 0.68548984375 0.1287574074074074 0.012646354166666667 0.014922222222222222
1 0.334778125 0.14648333333333333 0.01018125 0.013337037037037036
1 0.23772109375 0.19821342592592595 0.008775520833333333 0.013093518518518518
1 0.78751328125 0.13542175925925928 0.013568229166666666 0.028250925925925926
1 0.7608908854166666 0.43779583333333333 0.010323437500000001 0.03855462962962963
1 0.9482359375 0.5526907407407406 0.010013541666666665 0.02204814814814815
1 0.9858455729166666 0.6726722222222222 0.006066145833333333 0.010159259259259259
1 0.9933945312500001 0.6686217592592593 0.004497395833333333 0.015021296296296295
1 0.9501348958333333 0.6161263888888889 0.004436458333333334 0.032252777777777776
1 0.9593494791666667 0.6292601851851852 0.004115625 0.00852037037037037
1 0.7522981770833332 0.8172726851851851 0.007721354166666666 0.019730555555555557
1 0.25053880208333335 0.9411217592592593 0.0156609375 0.03965092592592593
