2 0.5 0.48029212962962964 1.0 0.9605842592592593
1 0.9141710937499999 0.5635907407407408 0.008550520833333334 0.017922222222222225
1 0.908103125 0.28038749999999996 0.01620625 0.016330555555555556
1 0.8784208333333333 0.3560064814814815 0.006841666666666666 0.015716666666666667
1 0.88410859375 0.22847453703703705 0.007800520833333334 0.006949074074074074
1 0.79616015625 0.010976388888888888 0.007945312500000001 0.012693518518518519
1 0.6792367187499999 0.07571574074074074 0.006390104166666666 0.016246296296296297
1 0.32188932291666666 0.5264981481481482 0.009403645833333333 0.030774074074074072
1 0.22034609375 0.5125356481481481 0.0063171875 0.017663888888888892
1 0.12972187500000001 0.2542157407407407 0.013610416666666668 0.019542592592592594
1 0.07543072916666667 0.14565787037037037 0.009194791666666667 0.020945370370370368
1 0.0387859375 0.22606944444444443 0.009863541666666666 0.020657407407407406
