2 0.49973958333333335 0.5157407407407407 0.9994791666666667 0.9666666666666667
1 0.35546875 0.324537037037037 0.022395833333333334 0.049074074074074076
1 0.321875 0.29907407407407405 0.03958333333333333 0.1111111111111111
1 0.48411458333333335 0.30648148148148147 0.0109375 0.025925925925925925
1 0.28020833333333334 0.5212962962962963 0.013541666666666667 0.024074074074074074
1 0.81640625 0.7513888888888889 0.011979166666666667 0.026851851851851852
1 0.8401041666666667 0.9569444444444445 0.01875 0.019444444444444445
1 0.81796875 0.9458333333333333 0.0140625 0.017592592592592594
1 0.5989583333333334 0.7402777777777778 0.010416666666666666 0.021296296296296296
1 0.8190104166666666 0.225 0.011979166666666667 0.03333333333333333
1 0.7635416666666667 0.18935185185185185 0.008333333333333333 0.017592592592592594
1 0.5036458333333333 0.0699074074074074 0.014583333333333334 0.019444444444444445
1 0.5111979166666667 0.5412037037037037 0.011979166666666667 0.017592592592592594
1 0.4890625 0.9111111111111111 0.00625 0.016666666666666666
1 0.21744791666666666 0.4842592592592593 0.013020833333333334 0.018518518518518517
1 0.03697916666666667 0.5421296296296296 0.008333333333333333 0.03611111111111111
1 0.08541666666666667 0.5273148148148148 0.005208333333333333 0.017592592592592594
1 0.028645833333333332 0.4777777777777778 0.004166666666666667 0.014814814814814815
1 0.01953125 0.5731481481481482 0.0036458333333333334 0.020370370370370372
1 0.13776041666666666 0.48935185185185187 0.0067708333333333336 0.012037037037037037
1 0.13072916666666667 0.4615740740740741 0.017708333333333333 0.05277777777777778
1 0.5078125 0.4537037037037037 0.0125 0.016666666666666666
1 0.17213541666666668 0.3189814814814815 0.013020833333333334 0.030555555555555555
1 0.7997395833333333 0.649074074074074 0.0067708333333333336 0.014814814814814815
1 0.9276041666666667 0.7319444444444444 0.007291666666666667 0.025
1 0.9153645833333334 0.537962962962963 0.0109375 0.018518518518518517
1 0.9643229166666667 0.44907407407407407 0.013020833333333334 0.037037037037037035
1 0.79375 0.35 0.00625 0.014814814814814815
