2 0.5 0.5388402777777778 1.0 0.922125
1 0.20837213541666666 0.2648157407407407 0.01570260416666667 0.031483333333333335
1 0.4023479166666667 0.4405393518518519 0.030737499999999997 0.05515277777777777
1 0.567809375 0.6838486111111112 0.014785416666666667 0.01584537037037037
1 0.26865625000000004 0.8441060185185185 0.0154375 0.019693518518518516
1 0.7499 0.31855740740740746 0.0123 0.04452222222222223
1 0.7270791666666666 0.22344583333333334 0.009366666666666667 0.022817592592592594
1 0.7746122395833334 0.8575148148148148 0.013807812499999999 0.022437037037037037
1 0.7326197916666667 0.8408171296296296 0.00690625 0.011263888888888888
1 0.3003216145833333 0.622962037037037 0.010018229166666667 0.01073888888888889
1 0.16426848958333334 0.5999240740740741 0.010828645833333334 0.020218518518518518
1 0.25539505208333335 0.6008842592592593 0.0097484375 0.01473148148148148
1 0.34665026041666663 0.39788935185185187 0.007883854166666667 0.018000925925925924
1 0.2679346354166666 0.4037824074074074 0.060869270833333336 0.10571296296296297
1 0.3578171875 0.2522675925925926 0.010426041666666667 0.015646296296296297
1 0.3506283854166667 0.2838523148148148 0.013756770833333333 0.034371296296296296
1 0.5756197916666667 0.1396060185185185 0.010614583333333334 0.010693518518518519
1 0.8084239583333334 0.5584787037037038 0.016847916666666667 0.042883333333333336
1 0.7677984375 0.6210717592592593 0.0053885416666666665 0.012513888888888889
1 0.9554781250000001 0.7855481481481482 0.006789583333333333 0.03591111111111111
1 0.9379846354166667 0.7697731481481481 0.0145109375 0.04139814814814815
1 0.8259328125 0.7238421296296297 0.009157291666666668 0.02916574074074074
1 0.47183697916666667 0.8677254629629629 0.019715625 0.02063611111111111
1 0.44019427083333335 0.8220356481481481 0.0053885416666666665 0.014441666666666667
1 0.7102174479166667 0.939449537037037 0.010018229166666667 0.01593611111111111
1 0.8174109375 0.693050462962963 0.010863541666666667 0.03980462962962963
1 0.9316229166666666 0.541849537037037 0.0038708333333333333 0.005921296296296296
1 0.93551953125 0.5416324074074074 0.0033307291666666663 0.005487037037037037
1 0.47315286458333333 0.5879634259259259 0.008805729166666667 0.035186111111111106
1 0.1603997395833333 0.7351662037037038 0.005174479166666667 0.014776851851851852
