2 0.5 0.5112851851851852 1.0 0.978125925925926
1 0.4312971354166667 0.8281046296296296 0.029260937499999997 0.05435740740740741
1 0.37212526041666666 0.8314453703703704 0.03487552083333333 0.04992777777777777
1 0.5013453125 0.20621712962962963 0.019357291666666665 0.06428611111111111
1 0.5205791666666666 0.20760833333333334 0.01095 0.02817962962962963
1 0.5088033854166667 0.17049675925925928 0.014481770833333333 0.028030555555555555
1 0.49632317708333334 0.2758865740740741 0.012438020833333334 0.07029166666666667
1 0.6179296875 0.4459490740740741 0.013984375 0.04375
1 0.5933552083333333 0.5915194444444445 0.01691875 0.03489074074074074
1 0.5920796875 0.5210259259259259 0.016451041666666666 0.0402
1 0.6120200520833333 0.5419199074074074 0.019873437499999997 0.01717314814814815
1 0.5107213541666666 0.9197652777777777 0.033942708333333335 0.030271296296296293
1 0.603303125 0.9611138888888888 0.022231249999999998 0.048153703703703706
1 0.3310778645833333 0.6100953703703704 0.012155729166666665 0.022042592592592593
1 0.46957682291666664 0.444387037037037 0.013111979166666668 0.04803333333333333
1 0.6437638020833333 0.20047407407407408 0.021902604166666666 0.023170370370370372
1 0.21361328124999998 0.7994643518518519 0.036601562500000004 0.02670648148148148
1 0.31152447916666665 0.8230717592592592 0.026173958333333334 0.03503240740740741
1 0.21640052083333333 0.880563425925926 0.006759375 0.024089814814814814
1 0.9140841145833334 0.4494287037037037 0.025043229166666667 0.05441296296296296
