2 0.5 0.47294305555555555 1.0 0.9458861111111111
1 0.7635291666666667 0.28068842592592597 0.00935 0.022487962962962963
1 0.7517325520833332 0.31176620370370367 0.0180484375 0.02723611111111111
1 0.81420625 0.3156328703703704 0.0127875 0.03867314814814815
1 0.9111596354166667 0.3073337962962963 0.008777604166666668 0.009112037037037037
1 0.9200278645833334 0.34297222222222223 0.008805729166666667 0.02112962962962963
1 0.6815377604166667 0.06721666666666666 0.009950520833333334 0.02147037037037037
1 0.6679005208333333 0.02441064814814815 0.009759374999999999 0.019191666666666666
1 0.8027859374999999 0.05591666666666667 0.008696875 0.019240740740740742
1 0.29174791666666666 0.32406574074074074 0.030370833333333333 0.05553888888888889
1 0.16359375 0.5502291666666667 0.015729166666666666 0.03193981481481481
1 0.23567421875 0.5029157407407407 0.010931770833333333 0.020646296296296295
1 0.28009921875 0.9177546296296296 0.06436510416666667 0.05773148148148148
1 0.29893046875 0.8098129629629629 0.0103609375 0.01962592592592593
1 0.32919244791666663 0.5401564814814815 0.010468229166666667 0.01735
