2 0.5 0.5 1.0 1.0
1 0.18876380208333332 0.11768564814814815 0.015027604166666668 0.04833425925925926
1 0.3079674479166667 0.3246111111111111 0.022184895833333333 0.045518518518518514
1 0.2605734375 0.1832527777777778 0.014896875 0.03132037037037037
1 0.6203580729166667 0.5083875 0.017799479166666667 0.035293518518518516
1 0.38712994791666666 0.5176671296296297 0.010718229166666668 0.018667592592592593
1 0.09030182291666668 0.763838425925926 0.0066453125 0.01471388888888889
1 0.03514375 0.7455537037037037 0.005704166666666666 0.017033333333333334
1 0.6617049479166667 0.9150865740740741 0.017159895833333334 0.032025000000000005
1 0.7528526041666667 0.9618476851851852 0.009871875 0.01443611111111111
1 0.8407408854166667 0.6118888888888889 0.0200234375 0.031185185185185184
1 0.8069072916666666 0.6891680555555556 0.007564583333333333 0.009817592592592593
1 0.95298359375 0.6263375 0.007008854166666667 0.01563796296296296
1 0.9874872395833333 0.525686574074074 0.010391145833333334 0.029150925925925927
1 0.96981796875 0.5994833333333334 0.0083859375 0.017485185185185187
1 0.9423125 0.7415712962962964 0.016916666666666667 0.00906851851851852
1 0.9135757812499999 0.2860449074074074 0.0063182291666666664 0.02764537037037037
1 0.6058411458333333 0.01054675925925926 0.017932291666666666 0.02109351851851852
