2 0.5 0.5509851851851852 1.0 0.8982666666666667
1 0.24429244791666666 0.14095787037037036 0.007334895833333333 0.03006388888888889
1 0.26502890625000003 0.12186712962962963 0.0081828125 0.017808333333333332
1 0.173065625 0.30716527777777775 0.007589583333333333 0.01803425925925926
1 0.20153151041666667 0.4130578703703704 0.022854687500000002 0.04093055555555555
1 0.23228776041666668 0.4456055555555556 0.0124921875 0.024544444444444445
1 0.19102838541666667 0.6139939814814815 0.0080984375 0.02613611111111111
1 0.16920442708333333 0.7147916666666667 0.0092421875 0.022175925925925925
1 0.15370703125000001 0.7707643518518519 0.008455729166666667 0.013750925925925927
1 0.18282864583333333 0.7310143518518518 0.006282291666666666 0.013880555555555556
1 0.33335755208333334 0.8458449074074075 0.010465104166666666 0.015763888888888886
1 0.5730591145833334 0.8969902777777777 0.009659895833333333 0.01805462962962963
1 0.46395078125 0.8320453703703704 0.019568229166666666 0.021498148148148148
1 0.46091588541666667 0.7755217592592593 0.011415104166666667 0.019562037037037038
1 0.5495361979166666 0.6711314814814815 0.010530729166666667 0.0293
1 0.5210799479166667 0.5955310185185185 0.0150765625 0.05587685185185185
1 0.42987708333333335 0.4875273148148148 0.023295833333333335 0.03616574074074074
1 0.9921778645833333 0.3981625 0.012480729166666668 0.059287962962962966
1 0.8115557291666666 0.3513986111111111 0.008528125 0.021315740740740743
1 0.8896763020833334 0.6362791666666667 0.0126859375 0.03181759259259259
1 0.9204760416666667 0.8978518518518518 0.019077083333333335 0.036444444444444446
1 0.9504768229166667 0.8734916666666667 0.0144953125 0.039575925925925924
1 0.9325502604166667 0.7731768518518518 0.005725520833333333 0.011168518518518519
1 0.91327890625 0.7379106481481481 0.0078078125 0.012858333333333334
1 0.6546127604166667 0.6255842592592592 0.006100520833333333 0.027094444444444445
1 0.6561299479166667 0.6811375000000001 0.006009895833333333 0.03449722222222222
1 0.9821981770833333 0.5802282407407406 0.008146354166666666 0.0326787037037037
1 0.8059789062499999 0.9571069444444446 0.034874479166666666 0.01606574074074074
