2 0.49973958333333335 0.49953703703703706 0.9994791666666667 0.9990740740740741
1 0.7684895833333333 0.43425925925925923 0.024479166666666666 0.018518518518518517
1 0.7658854166666667 0.5189814814814815 0.015104166666666667 0.03425925925925926
1 0.7208333333333333 0.5435185185185185 0.023958333333333335 0.027777777777777776
1 0.6989583333333333 0.6615740740740741 0.03333333333333333 0.06759259259259259
1 0.84140625 0.5597222222222222 0.011979166666666667 0.041666666666666664
1 0.8973958333333333 0.5152777777777777 0.0125 0.025
1 0.8263020833333333 0.487962962962963 0.0171875 0.03333333333333333
1 0.3221354166666667 0.35462962962962963 0.018229166666666668 0.053703703703703705
1 0.27291666666666664 0.4148148148148148 0.019791666666666666 0.05
1 0.2864583333333333 0.39814814814814814 0.007291666666666667 0.012962962962962963
1 0.22161458333333334 0.4888888888888889 0.018229166666666668 0.044444444444444446
1 0.3450520833333333 0.8592592592592593 0.0234375 0.040740740740740744
1 0.13203125 0.7962962962962963 0.013020833333333334 0.044444444444444446
1 0.059375 0.687037037037037 0.007291666666666667 0.022222222222222223
1 0.09739583333333333 0.8083333333333333 0.010416666666666666 0.022222222222222223
1 0.14375 0.9282407407407407 0.004166666666666667 0.006481481481481481
1 0.15078125 0.736574074074074 0.0067708333333333336 0.008333333333333333
1 0.4674479166666667 0.9532407407407407 0.021354166666666667 0.041666666666666664
1 0.9005208333333333 0.8148148148148148 0.016666666666666666 0.04259259259259259
1 0.9908854166666666 0.7875 0.0171875 0.11018518518518519
1 0.73046875 0.03194444444444444 0.019270833333333334 0.026851851851851852
1 0.6947916666666667 0.1726851851851852 0.019791666666666666 0.030555555555555555
1 0.5953125 0.05648148148148148 0.010416666666666666 0.020370370370370372
1 0.4765625 0.03796296296296296 0.004166666666666667 0.007407407407407408
1 0.3932291666666667 0.1037037037037037 0.00625 0.007407407407407408
1 0.16927083333333334 0.08657407407407407 0.010416666666666666 0.04537037037037037
1 0.16354166666666667 0.1550925925925926 0.0125 0.04537037037037037
1 0.22317708333333333 0.06157407407407407 0.0171875 0.021296296296296296
1 0.045572916666666664 0.37037037037037035 0.0109375 0.07407407407407407
1 0.032552083333333336 0.3712962962962963 0.0078125 0.025925925925925925
