2 0.5 0.4638393518518519 1.0 0.9276787037037038
1 0.7240567708333334 0.7928439814814814 0.01998854166666667 0.04124351851851852
1 0.6893307291666667 0.7034791666666668 0.016161458333333333 0.027328703703703706
1 0.7735989583333333 0.7539337962962963 0.019072916666666665 0.020830555555555557
1 0.8531341145833333 0.3271226851851852 0.021893229166666663 0.033875
1 0.8467328125000001 0.3744199074074074 0.012215625 0.06365462962962963
1 0.7941942708333334 0.6146342592592592 0.008180208333333333 0.03297222222222222
1 0.9514393229166667 0.553200462962963 0.0132953125 0.01936388888888889
1 0.9063924479166666 0.5595175925925926 0.010701562500000001 0.026442592592592594
1 0.9014989583333333 0.587674074074074 0.007164583333333334 0.014237037037037036
1 0.98124609375 0.6562916666666666 0.008325520833333332 0.01813888888888889
1 0.962321875 0.7032523148148149 0.004852083333333334 0.012060185185185186
1 0.9783888020833333 0.5865236111111112 0.0088609375 0.028602777777777776
1 0.9626526041666666 0.2510023148148148 0.012805208333333333 0.04459722222222222
1 0.9255927083333333 0.27487453703703707 0.013685416666666667 0.031230555555555557
1 0.9018520833333333 0.22843796296296295 0.0068291666666666665 0.03835740740740741
1 0.95667109375 0.13469259259259259 0.0070921875 0.023088888888888888
1 0.96702890625 0.3539824074074074 0.006974479166666667 0.020927777777777778
1 0.5391893229166667 0.704300462962963 0.014836979166666665 0.027119444444444446
1 0.49855104166666664 0.7811935185185185 0.022102083333333335 0.04201666666666667
1 0.46741796875 0.6248930555555555 0.021294270833333333 0.04793425925925926
1 0.46632838541666666 0.5105768518518519 0.009740104166666668 0.021153703703703702
1 0.32548723958333337 0.5871523148148148 0.0186828125 0.05578611111111111
1 0.4319263020833333 0.8438953703703704 0.0096859375 0.022975925925925927
1 0.39022708333333334 0.8725675925925926 0.008579166666666667 0.011801851851851852
1 0.4816755208333333 0.21136805555555555 0.007101041666666667 0.011625
1 0.4414768229166667 0.23556203703703704 0.0152453125 0.022975925925925927
1 0.4991572916666666 0.28605462962962963 0.0066479166666666666 0.01285
1 0.46802786458333334 0.2975435185185185 0.011055729166666667 0.024716666666666665
1 0.33066249999999997 0.31323240740740743 0.009241666666666667 0.01905740740740741
1 0.3343453125 0.16975648148148148 0.024940625 0.035809259259259256
1 0.3318627604166667 0.20473657407407408 0.009558854166666667 0.01688055555555556
1 0.3104135416666667 0.07283148148148148 0.00936875 0.021588888888888887
1 0.48131953125 0.5610777777777778 0.0095140625 0.024007407407407408
1 0.2599986979166667 0.13377592592592594 0.012705729166666667 0.024959259259259257
