2 0.49973958333333335 0.5324074074074074 0.9994791666666667 0.9333333333333333
1 0.61015625 0.3074074074074074 0.049479166666666664 0.07592592592592592
1 0.7104166666666667 0.475 0.017708333333333333 0.04259259259259259
1 0.6356770833333333 0.975462962962963 0.019270833333333334 0.025
1 0.22734375 0.6287037037037037 0.009895833333333333 0.018518518518518517
1 0.029166666666666667 0.6175925925925926 0.007291666666666667 0.018518518518518517
1 0.34791666666666665 0.17824074074074073 0.009375 0.05277777777777778
1 0.7580729166666667 0.23148148148148148 0.03697916666666667 0.10185185185185185
1 0.7481770833333333 0.5231481481481481 0.0140625 0.025925925925925925
1 0.39479166666666665 0.8467592592592592 0.010416666666666666 0.010185185185185186
1 0.29713541666666665 0.8986111111111111 0.008854166666666666 0.013888888888888888
1 0.5049479166666667 0.13796296296296295 0.011979166666666667 0.024074074074074074
1 0.64453125 0.11851851851851852 0.022395833333333334 0.08148148148148149
