2 0.5208333333333334 0.5805555555555556 0.9572916666666667 0.837037037037037
1 0.540625 0.2175925925925926 0.014583333333333334 0.03888888888888889
1 0.4973958333333333 0.42777777777777776 0.016666666666666666 0.03148148148148148
1 0.48489583333333336 0.6324074074074074 0.017708333333333333 0.016666666666666666
1 0.61875 0.5486111111111112 0.0125 0.03425925925925926
1 0.7598958333333333 0.27037037037037037 0.014583333333333334 0.044444444444444446
1 0.7161458333333334 0.300462962962963 0.008333333333333333 0.01574074074074074
1 0.17552083333333332 0.6537037037037037 0.004166666666666667 0.011111111111111112
1 0.43776041666666665 0.8685185185185185 0.005729166666666666 0.007407407407407408
1 0.58984375 0.8861111111111111 0.0109375 0.018518518518518517
1 0.5872395833333334 0.8324074074074074 0.011979166666666667 0.020370370370370372
1 0.5713541666666667 0.7527777777777778 0.00625 0.014814814814814815
1 0.8190104166666666 0.9837962962962963 0.0046875 0.010185185185185186
1 0.971875 0.6231481481481481 0.007291666666666667 0.024074074074074074
1 0.5388020833333333 0.2601851851851852 0.0078125 0.016666666666666666
1 0.5309895833333333 0.3638888888888889 0.008854166666666666 0.011111111111111112
1 0.5424479166666667 0.3523148148148148 0.0046875 0.019444444444444445
1 0.5190104166666667 0.32407407407407407 0.0046875 0.009259259259259259
1 0.6479166666666667 0.4305555555555556 0.004166666666666667 0.009259259259259259
1 0.68984375 0.4375 0.011979166666666667 0.012037037037037037
1 0.48984375 0.2337962962962963 0.0036458333333333334 0.006481481481481481
1 0.8848958333333333 0.32407407407407407 0.03229166666666667 0.08148148148148149
