2 0.49498671875 0.5515162037037038 0.9899734375 0.8974768518518518
1 0.70205625 0.6108125 0.0197375 0.05495833333333333
1 0.6451776041666667 0.48536712962962963 0.023688541666666667 0.04851203703703704
1 0.6149950520833334 0.7073796296296296 0.029990104166666667 0.04438888888888889
1 0.6631 0.3234925925925926 0.02099166666666667 0.034022222222222225
1 0.5396380208333333 0.22713287037037036 0.019901041666666668 0.030191666666666665
1 0.36808125 0.6975842592592593 0.018454166666666667 0.04516851851851852
1 0.28973828125 0.6182939814814815 0.0232265625 0.03658796296296296
1 0.27639973958333336 0.5985425925925927 0.0142578125 0.02486296296296296
1 0.25774401041666667 0.7079851851851852 0.024863020833333336 0.028933333333333335
1 0.4202442708333333 0.7912351851851852 0.019655208333333334 0.03247037037037037
1 0.2954744791666667 0.8229657407407407 0.010740625 0.02185740740740741
1 0.32802057291666664 0.7722398148148149 0.008124479166666667 0.020405555555555555
1 0.3867184895833333 0.7887444444444445 0.015103645833333334 0.025637037037037035
1 0.6476338541666667 0.7878587962962963 0.012976041666666667 0.020162037037037037
1 0.6343356770833334 0.8572990740740741 0.0332546875 0.07570925925925927
1 0.5269833333333334 0.8207199074074074 0.016466666666666668 0.03218055555555556
1 0.3821752604166667 0.2196125 0.016433854166666668 0.05033611111111111
1 0.09877552083333334 0.8298115740740741 0.012134375 0.04851203703703704
1 0.12726510416666667 0.8302601851851852 0.018071875 0.045705555555555555
1 0.1176109375 0.8039476851851852 0.016471875 0.037525
1 0.20570520833333333 0.5437708333333333 0.01349375 0.03198611111111111
1 0.12338098958333334 0.8953375 0.010303645833333335 0.029563888888888886
1 0.9515929687500001 0.7003796296296296 0.022977604166666665 0.06557407407407406
1 0.70488984375 0.2764935185185185 0.010821354166666667 0.03261666666666667
1 0.7224875 0.23854259259259258 0.0064333333333333334 0.019677777777777777
1 0.5844411458333333 0.23513796296296297 0.015757291666666666 0.01657222222222222
1 0.4498385416666667 0.15529351851851853 0.00384375 0.006883333333333333
1 0.4399169270833333 0.1478287037037037 0.0131671875 0.027138888888888886
1 0.452940625 0.13988564814814816 0.012131250000000001 0.018660185185185182
1 0.3759088541666667 0.16694444444444445 0.013276041666666665 0.02277777777777778
1 0.31846718749999997 0.35490787037037036 0.04735104166666667 0.06351944444444445
1 0.41294583333333335 0.6413856481481481 0.017558333333333336 0.030919444444444444
1 0.20687395833333333 0.694424074074074 0.002289583333333333 0.007366666666666667
1 0.1960609375 0.695124537037037 0.011913541666666666 0.018026851851851853
1 0.16051666666666667 0.7182875 0.008533333333333334 0.021760185185185188
1 0.68413046875 0.48133750000000003 0.014094270833333334 0.016378703703703704
