2 0.51015625 0.5199074074074074 0.9786458333333333 0.9583333333333334
1 0.47578125 0.9875 0.03177083333333333 0.023148148148148147
1 0.4515625 0.9388888888888889 0.019791666666666666 0.016666666666666666
1 0.5330729166666667 0.9564814814814815 0.0078125 0.020370370370370372
1 0.50859375 0.8361111111111111 0.0171875 0.020370370370370372
1 0.44973958333333336 0.737037037037037 0.028645833333333332 0.03333333333333333
1 0.3734375 0.7657407407407407 0.008333333333333333 0.018518518518518517
1 0.30390625 0.775 0.015104166666666667 0.040740740740740744
1 0.33046875 0.7199074074074074 0.025520833333333333 0.03981481481481482
1 0.21145833333333333 0.4134259259259259 0.00625 0.012037037037037037
1 0.27708333333333335 0.24861111111111112 0.014583333333333334 0.025
1 0.3109375 0.20324074074074075 0.017708333333333333 0.030555555555555555
1 0.25052083333333336 0.1587962962962963 0.015625 0.028703703703703703
1 0.47109375 0.2773148148148148 0.0140625 0.023148148148148147
1 0.5638020833333334 0.3763888888888889 0.030729166666666665 0.06388888888888888
1 0.5630208333333333 0.4546296296296296 0.021875 0.07222222222222222
1 0.5135416666666667 0.3773148148148148 0.008333333333333333 0.019444444444444445
1 0.86171875 0.5592592592592592 0.015104166666666667 0.016666666666666666
1 0.8690104166666667 0.3523148148148148 0.015104166666666667 0.025
1 0.6333333333333333 0.3800925925925926 0.00625 0.012037037037037037
1 0.27317708333333335 0.18981481481481483 0.03177083333333333 0.09814814814814815
