2 0.5 0.5314328703703703 1.0 0.9369398148148148
1 0.769140625 0.6945259259259259 0.009114583333333334 0.022385185185185185
1 0.75712890625 0.6642347222222222 0.018424479166666667 0.026617592592592592
1 0.81933203125 0.6543342592592593 0.013664062499999999 0.03829814814814815
1 0.9162627604166667 0.654599074074074 0.0085671875 0.009198148148148148
1 0.9242127604166667 0.6177967592592593 0.0088421875 0.020778703703703702
1 0.6945518229166667 0.9153356481481482 0.009936979166666667 0.02141203703703704
1 0.6813526041666667 0.9594402777777779 0.009580208333333333 0.018880555555555553
1 0.81533125 0.9152402777777778 0.0087875 0.019369444444444446
1 0.2971971354166667 0.6949666666666666 0.03085260416666667 0.05474814814814815
1 0.16240651041666665 0.48092361111111115 0.015438020833333333 0.032217592592592596
1 0.23568333333333333 0.5213791666666667 0.01095 0.02053611111111111
1 0.26860911458333336 0.1035949074074074 0.0643015625 0.06089351851851852
1 0.2898372395833333 0.20931712962962962 0.010924479166666667 0.01863425925925926
1 0.32762421875 0.4756226851851852 0.010456770833333334 0.017912037037037035
