1 0.47741666666666666 0.5814111111111111 0.9548333333333333 0.8368962962962962
1 0.4773630208333334 0.5815259259259259 0.9547260416666667 0.8371259259259259
1 0.4772283854166667 0.5815083333333333 0.9544567708333334 0.8370907407407407
1 0.47748749999999995 0.580799074074074 0.9549749999999999 0.837524074074074
2 0.47800546875 0.5808986111111111 0.9560109375 0.8377231481481482
1 0.8553601562500001 0.7329976851851853 0.0044703125 0.006736111111111111
1 0.8512450520833333 0.6699629629629629 0.005615104166666667 0.006592592592592593
1 0.6698307291666666 0.7083175925925925 0.010494791666666666 0.014783333333333332
1 0.5510966145833333 0.985512962962963 0.014693229166666665 0.022877777777777775
1 0.4359395833333333 0.9604569444444444 0.09375416666666667 0.06535833333333334
1 0.41426666666666667 0.9573689814814814 0.03999166666666667 0.05733055555555556
1 0.43883229166666665 0.9724236111111111 0.008914583333333333 0.015217592592592592
1 0.44541692708333336 0.5100694444444445 0.016875520833333334 0.023842592592592592
1 0.46639817708333337 0.8399347222222222 0.007796354166666667 0.009499074074074075
1 0.45193932291666666 0.7909032407407408 0.012211979166666666 0.02069537037037037
1 0.478803125 0.8960472222222222 0.007606249999999999 0.010612962962962963
1 0.3252419270833334 0.9614041666666666 0.006733854166666667 0.017252777777777777
1 0.30258151041666664 0.5671138888888888 0.018704687499999997 0.049042592592592596
1 0.3254783854166667 0.47021759259259255 0.010331770833333333 0.020064814814814817
1 0.29785833333333334 0.4197777777777778 0.0061333333333333335 0.011777777777777778
1 0.147809375 0.6399736111111112 0.009160416666666667 0.03920648148148149
1 0.16173307291666666 0.608598148148148 0.0047161458333333335 0.009788888888888889
1 0.10996171874999999 0.8359444444444445 0.036590104166666665 0.10337037037037038
1 0.10975546875 0.8646703703703704 0.011177604166666666 0.025637037037037035
1 0.09747630208333334 0.8345708333333334 0.010577604166666667 0.019141666666666664
1 0.084003125 0.6218282407407407 0.00550625 0.010323148148148147
1 0.41812499999999997 0.27925879629629635 0.8206249999999999 0.23444351851851852
1 0.12116979166666668 0.3226981481481482 0.012131250000000001 0.03058148148148148
1 0.12376536458333334 0.44853564814814817 0.015239062500000001 0.035960185185185185
1 0.11614296874999999 0.3861393518518519 0.0010359375 0.007463888888888889
1 0.11553645833333334 0.3811587962962963 0.007114583333333333 0.019725
1 0.11996510416666667 0.37238518518518515 0.006596875 0.011437037037037037
1 0.11264895833333334 0.4950546296296296 0.00550625 0.008627777777777778
1 0.01200546875 0.5212888888888888 0.005260937500000001 0.020355555555555557
1 0.0031380208333333334 0.8129425925925925 0.005234375 0.007366666666666667
1 0.00348671875 0.8172101851851852 0.0069734375 0.017753703703703702
1 0.00981875 0.7752166666666667 0.002970833333333333 0.009692592592592593
1 0.09960390625 0.2939967592592593 0.004416145833333333 0.012067592592592592
1 0.08866640625 0.28316111111111114 0.004416145833333333 0.018174074074074075
1 0.18025130208333331 0.43572222222222223 0.004252604166666666 0.008481481481481482
1 0.060977604166666664 0.638912037037037 0.005288541666666666 0.009305555555555556
1 0.20091848958333333 0.3746310185185185 0.004961979166666667 0.010373148148148147
