2 0.5049479166666667 0.549074074074074 0.9890625 0.9018518518518519
1 0.225 0.26944444444444443 0.010416666666666666 0.024074074074074074
1 0.1625 0.2 0.019791666666666666 0.012962962962962963
1 0.19140625 0.5041666666666667 0.027604166666666666 0.049074074074074076
1 0.24583333333333332 0.4550925925925926 0.010416666666666666 0.030555555555555555
1 0.1359375 0.9486111111111111 0.06145833333333333 0.10092592592592593
1 0.35989583333333336 0.9138888888888889 0.020833333333333332 0.05
1 0.3223958333333333 0.7925925925925926 0.016666666666666666 0.05185185185185185
1 0.23567708333333334 0.7532407407407408 0.0140625 0.017592592592592594
1 0.40390625 0.2125 0.015104166666666667 0.03611111111111111
1 0.5684895833333333 0.4546296296296296 0.022395833333333334 0.05925925925925926
1 0.8302083333333333 0.39166666666666666 0.030208333333333334 0.08888888888888889
1 0.65703125 0.3365740740740741 0.0296875 0.049074074074074076
1 0.6153645833333333 0.36342592592592593 0.0140625 0.01574074074074074
1 0.5111979166666667 0.5143518518518518 0.019270833333333334 0.05092592592592592
1 0.7325520833333333 0.5106481481481482 0.009895833333333333 0.03425925925925926
1 0.6153645833333333 0.5875 0.008854166666666666 0.032407407407407406
1 0.7536458333333333 0.7125 0.01875 0.03981481481481482
1 0.7018229166666666 0.6981481481481482 0.0109375 0.020370370370370372
1 0.6596354166666667 0.7402777777777778 0.0171875 0.03425925925925926
1 0.65546875 0.6787037037037037 0.013020833333333334 0.022222222222222223
1 0.5643229166666667 0.7245370370370371 0.0078125 0.04351851851851852
1 0.5411458333333333 0.7712962962962963 0.009375 0.012962962962962963
1 0.59921875 0.7444444444444445 0.0078125 0.027777777777777776
1 0.59453125 0.9398148148148148 0.0140625 0.024074074074074074
1 0.5502604166666667 0.9194444444444444 0.0109375 0.022222222222222223
1 0.81328125 0.9361111111111111 0.0109375 0.018518518518518517
1 0.6317708333333333 0.5777777777777777 0.009375 0.011111111111111112
1 0.045572916666666664 0.9101851851851852 0.005729166666666666 0.011111111111111112
