2 0.968872314453125 0.5526445312499999 0.03930712890625 0.03410850694444444
2 0.5 0.4520737847222222 1.0 0.9041475694444444
1 0.365513671875 0.30809852430555557 0.02790234375 0.034599826388888894
1 0.405373046875 0.0950373263888889 0.01387109375 0.04597743055555556
1 0.6307841796875 0.3038268229166667 0.003755859375 0.006959201388888888
1 0.64502197265625 0.06149088541666667 0.0107470703125 0.02228732638888889
1 0.71247265625 0.13028038194444444 0.0050234375 0.015769097222222223
1 0.661272705078125 0.014039930555555555 0.00418603515625 0.005510416666666667
1 0.063655029296875 0.34580034722222225 0.00816943359375 0.02667013888888889
1 0.02739306640625 0.4764908854166667 0.0040048828125 0.017217881944444444
1 0.94155419921875 0.45396006944444445 0.0061552734375 0.0068784722222222225
