2 0.5 0.5256736111111111 1.0 0.9494953703703704
1 0.7786919270833333 0.4096101851851852 0.023008854166666665 0.039590740740740746
1 0.7887528645833334 0.5083884259259259 0.018130729166666668 0.05011018518518519
1 0.7946177083333333 0.6323648148148148 0.01319375 0.02398888888888889
1 0.8591903645833334 0.7015509259259259 0.0173390625 0.02902777777777778
1 0.4976432291666667 0.610961574074074 0.009869791666666666 0.027478703703703703
1 0.8622208333333333 0.8909800925925926 0.021316666666666664 0.06344166666666666
1 0.47030937500000003 0.6085398148148148 0.00624375 0.013375925925925927
1 0.45610989583333333 0.5003435185185185 0.005969791666666667 0.008094444444444446
1 0.08497916666666666 0.6226703703703704 0.009541666666666667 0.023118518518518517
1 0.95070625 0.8248972222222223 0.0170375 0.020164814814814812
