2 0.5048802083333334 0.4462231481481481 0.98996875 0.8924462962962962
1 0.30295364583333334 0.578811111111111 0.027782291666666667 0.05577037037037037
1 0.26379739583333334 0.6170703703703704 0.006761458333333333 0.015622222222222221
1 0.2962473958333333 0.6459921296296297 0.016453125 0.05124351851851852
1 0.2432359375 0.7160578703703704 0.011471875 0.035819444444444445
1 0.3332419270833333 0.5786009259259259 0.0123171875 0.010905555555555555
1 0.5036906250000001 0.027804166666666668 0.015714583333333334 0.02968240740740741
1 0.561975 0.07777083333333334 0.022908333333333333 0.04813425925925926
1 0.28385911458333335 0.16404305555555554 0.012509895833333333 0.022530555555555554
1 0.08997109375 0.2907472222222222 0.013275520833333334 0.02593888888888889
1 0.49821145833333336 0.3567800925925926 0.01100625 0.024671296296296295
1 0.6827153645833334 0.18653425925925926 0.0268890625 0.08788333333333334
1 0.7162143229166666 0.6026300925925926 0.0178453125 0.03859351851851851
1 0.6587109375 0.37626203703703703 0.008046875 0.008079629629629631
1 0.7583861979166666 0.32078703703703704 0.0240640625 0.10268518518518518
1 0.74269765625 0.13344953703703702 0.0385203125 0.0780101851851852
1 0.8111484375 0.03955324074074074 0.013963541666666666 0.021699074074074072
1 0.82813828125 0.3514629629629629 0.021901562500000003 0.036259259259259255
1 0.77985546875 0.2703527777777778 0.013877604166666667 0.025890740740740742
1 0.40936822916666665 0.721087037037037 0.008319791666666666 0.021803703703703704
1 0.22865729166666665 0.7661138888888889 0.0031479166666666665 0.02482037037037037
1 0.25069557291666666 0.8321060185185185 0.005557812499999999 0.012360185185185186
1 0.93916484375 0.5246449074074074 0.008538020833333333 0.05484537037037037
1 0.9541947916666668 0.5169337962962963 0.01880625 0.0375712962962963
1 0.7831429687500001 0.8000638888888888 0.03399427083333333 0.05383148148148148
1 0.72583984375 0.7854550925925926 0.014179687500000001 0.033873148148148145
1 0.73408046875 0.7366092592592592 0.009827604166666667 0.019514814814814815
1 0.7377502604166666 0.7758125 0.013000520833333333 0.02384722222222222
1 0.7338171875 0.8230351851851853 0.012426041666666667 0.020144444444444444
1 0.7744942708333333 0.48937916666666664 0.017738541666666666 0.03061018518518518
1 0.8561593750000001 0.33896342592592593 0.014402083333333334 0.029778703703703707
1 0.9978822916666666 0.1869708333333333 0.004097916666666667 0.02764537037037037
1 0.8407382812499999 0.6456976851851852 0.013768229166666666 0.021025000000000002
1 0.9799421875000001 0.29710416666666667 0.009884375 0.02754166666666667
