1 0.5 0.4494986111111111 1.0 0.8989972222222222
1 0.5 0.4483773148148148 1.0 0.8967546296296296
1 0.5 0.45007083333333336 1.0 0.9001416666666667
1 0.5 0.4483773148148148 1.0 0.8967546296296296
1 0.5 0.44883657407407407 1.0 0.8976731481481481
1 0.9014458333333334 0.21470555555555557 0.009141666666666666 0.031262962962962965
1 0.8502752604166666 0.3026962962962963 0.013050520833333332 0.03687407407407407
1 0.843928125 0.12761805555555555 0.00973125 0.027458333333333335
1 0.5480619791666667 0.8120541666666666 0.014873958333333333 0.06670092592592593
1 0.6527984375 0.30299305555555556 0.021221875 0.04857870370370371
1 0.14069166666666666 0.6158754629629629 0.0043 0.009528703703703704
1 0.14415078125 0.6138430555555556 0.0018432291666666668 0.007315740740740741
1 0.07992187499999999 0.6785851851851852 0.01296875 0.02939259259259259
1 0.0881296875 0.7003699074074073 0.0075093749999999996 0.02481388888888889
1 0.05324947916666667 0.19680787037037037 0.017957291666666667 0.04546759259259259
1 0.02187578125 0.47056296296296296 0.008334895833333333 0.02445925925925926
1 0.29877239583333337 0.34090787037037035 0.021503125 0.022556481481481483
1 0.24515052083333336 0.16091296296296295 0.009051041666666667 0.01812222222222222
1 0.3153153645833333 0.6799967592592592 0.0045890625 0.008141666666666667
1 0.24467395833333333 0.7526425925925926 0.00705625 0.014544444444444445
1 0.24887447916666666 0.731824537037037 0.008165625000000001 0.022908333333333333
1 0.20691848958333334 0.4073027777777778 0.004461979166666667 0.012753703703703703
1 0.12826354166666668 0.4717708333333333 0.00444375 0.012060185185185186
1 0.6647505208333333 0.3851148148148148 0.006584375 0.016525925925925927
1 0.85238515625 0.8049694444444444 0.0047703125 0.015494444444444446
1 0.27624895833333335 0.4327828703703704 0.005622916666666667 0.008158333333333333
1 0.8812979166666667 0.5193962962962962 0.0042625 0.012866666666666667
