2 0.5002604166666667 0.537962962962963 0.9994791666666667 0.924074074074074
1 0.43203125 0.09861111111111111 0.030729166666666665 0.041666666666666664
1 0.4979166666666667 0.19444444444444445 0.021875 0.024074074074074074
1 0.44973958333333336 0.7564814814814815 0.011979166666666667 0.046296296296296294
1 0.45703125 0.7143518518518519 0.019270833333333334 0.023148148148148147
1 0.23020833333333332 0.6217592592592592 0.019791666666666666 0.04722222222222222
1 0.34296875 0.6504629629629629 0.013020833333333334 0.019444444444444445
1 0.47265625 0.46805555555555556 0.018229166666666668 0.05277777777777778
1 0.04635416666666667 0.5967592592592592 0.01875 0.05462962962962963
1 0.1875 0.19398148148148148 0.013541666666666667 0.030555555555555555
1 0.12708333333333333 0.3347222222222222 0.014583333333333334 0.025
1 0.2171875 0.47685185185185186 0.014583333333333334 0.02962962962962963
1 0.20546875 0.4425925925925926 0.009895833333333333 0.03888888888888889
1 0.97421875 0.4 0.009895833333333333 0.040740740740740744
