2 0.49973958333333335 0.5282407407407408 0.9994791666666667 0.9416666666666667
1 0.3921875 0.0912037037037037 0.011458333333333333 0.01574074074074074
1 0.40078125 0.12222222222222222 0.009895833333333333 0.02962962962962963
1 0.6197916666666666 0.30092592592592593 0.009375 0.014814814814814815
1 0.2708333333333333 0.6101851851851852 0.014583333333333334 0.025925925925925925
1 0.5369791666666667 0.8875 0.03125 0.058333333333333334
1 0.5755208333333334 0.9939814814814815 0.008333333333333333 0.010185185185185186
1 0.6046875 0.7962962962962963 0.00625 0.020370370370370372
1 0.37395833333333334 0.861574074074074 0.017708333333333333 0.041666666666666664
1 0.9026041666666667 0.24537037037037038 0.005208333333333333 0.011111111111111112
1 0.9247395833333333 0.27870370370370373 0.005729166666666666 0.020370370370370372
1 0.9515625 0.39675925925925926 0.009375 0.017592592592592594
