2 0.5091442708333334 0.48563750000000006 0.9818302083333333 0.9712750000000001
1 0.9945674479166667 0.1729541666666667 0.011009895833333333 0.06072314814814815
1 0.9939098958333333 0.33118240740740745 0.011778125 0.019772222222222222
1 0.51311796875 0.13216712962962962 0.03456927083333334 0.0513712962962963
1 0.5512872395833334 0.36779675925925925 0.015074479166666667 0.031889814814814815
1 0.6394695312500001 0.4601861111111111 0.03623072916666667 0.04259444444444445
1 0.6613971354166667 0.43309305555555555 0.03216927083333333 0.034704629629629634
1 0.53553828125 0.5124472222222222 0.020034895833333333 0.05452407407407408
1 0.19867734375 0.12134490740740742 0.017146354166666666 0.0352824074074074
1 0.48911822916666664 0.21337083333333332 0.014694791666666667 0.028593518518518518
1 0.4755140625 0.6269351851851852 0.016653125 0.057574074074074076
1 0.363765625 0.23498703703703705 0.012947916666666667 0.036640740740740745
1 0.31214453125 0.2012662037037037 0.0242890625 0.045125
1 0.09584244791666667 0.6414638888888888 0.0114765625 0.029224074074074076
1 0.33867578125000003 0.8889754629629629 0.030476562500000002 0.04832129629629629
1 0.37981302083333335 0.8606263888888889 0.013792708333333332 0.03421574074074074
1 0.4628515625 0.7745819444444444 0.041328125 0.03620092592592593
1 0.6536546875 0.9388578703703704 0.016684374999999998 0.036975
1 0.15418619791666668 0.23952685185185188 0.0125390625 0.02535
1 0.11476614583333333 0.15782962962962963 0.012865625 0.04158518518518518
1 0.5304640625 0.027327314814814815 0.016136458333333333 0.039839814814814814
1 0.78618046875 0.2840666666666667 0.026527604166666666 0.04220740740740741
1 0.7746466145833334 0.7421481481481481 0.0138765625 0.01948148148148148
1 0.6293958333333334 0.2972486111111111 0.021291666666666667 0.016719444444444443
1 0.8931265625000001 0.2921861111111111 0.012294791666666667 0.03252037037037037
1 0.74641328125 0.06794675925925925 0.028243229166666665 0.030337962962962962
1 0.85045859375 0.3017152777777778 0.012375520833333332 0.04046759259259259
1 0.85517890625 0.619411111111111 0.0103578125 0.038822222222222216
1 0.5029510416666667 0.7735175925925926 0.01319375 0.02481296296296296
1 0.27032421875 0.6864861111111111 0.0156484375 0.013712962962962963
