2 0.49974453125 0.5177148148148147 0.9994890625 0.9650592592592592
1 0.7985927083333333 0.860725 0.03260208333333333 0.1177462962962963
1 0.7895916666666667 0.6694171296296296 0.011475 0.02031574074074074
1 0.77369296875 0.7795486111111112 0.0067609375 0.01650462962962963
1 0.7766135416666666 0.7066875 0.01051875 0.08744907407407407
1 0.7417744791666667 0.8248037037037037 0.009590625 0.02368148148148148
1 0.7325846354166666 0.7114777777777778 0.018294270833333334 0.04147407407407407
1 0.7418291666666667 0.6333212962962963 0.019075 0.025901851851851853
1 0.7917036458333333 0.5743976851851852 0.007365625 0.013610185185185185
1 0.7489682291666667 0.5334740740740741 0.006269791666666667 0.00954074074074074
1 0.7429611979166667 0.5427032407407407 0.0015473958333333333 0.003925
1 0.7434658854166667 0.5388259259259259 0.005681770833333334 0.012837037037037037
1 0.762128125 0.48332731481481483 0.00863125 0.012950925925925926
1 0.48334739583333336 0.9593634259259259 0.026069791666666668 0.06131944444444444
1 0.5235747395833333 0.8517074074074075 0.0242328125 0.06452592592592593
1 0.5248692708333333 0.8690921296296297 0.017446874999999997 0.028925
1 0.5502348958333333 0.8209337962962964 0.019219791666666666 0.017793518518518518
1 0.6603963541666666 0.8760990740740741 0.015584375000000001 0.03553148148148148
1 0.6637093749999999 0.8864958333333333 0.009710416666666666 0.01743611111111111
1 0.6063755208333333 0.6511564814814815 0.011709375 0.006016666666666667
1 0.531778125 0.6613662037037037 0.020847916666666667 0.020880555555555555
1 0.6250848958333334 0.53425 0.019961458333333335 0.03701851851851851
1 0.6358604166666667 0.45890787037037034 0.036304166666666665 0.05670462962962963
1 0.6804265625 0.40370509259259263 0.007728125 0.012965740740740741
1 0.5846250000000001 0.34190601851851854 0.021333333333333333 0.05418240740740741
1 0.31060546875 0.9459319444444444 0.012877604166666667 0.01964166666666667
1 0.6503 0.11649259259259259 0.006849999999999999 0.008911111111111111
1 0.66246953125 0.26679259259259264 0.014522395833333333 0.024325925925925924
1 0.7240427083333334 0.2451708333333333 0.004335416666666666 0.01256388888888889
1 0.6639697916666666 0.19849722222222224 0.00398125 0.009957407407407406
1 0.43005989583333337 0.26880462962962964 0.0069947916666666665 0.00797962962962963
1 0.39031640625 0.24916064814814814 0.009799479166666668 0.02054351851851852
1 0.33112760416666664 0.16698287037037038 0.009130208333333334 0.01359537037037037
1 0.28846223958333334 0.2206412037037037 0.014424479166666667 0.037578703703703704
1 0.29622604166666666 0.3251768518518518 0.011202083333333333 0.017020370370370373
1 0.17304505208333334 0.5666319444444444 0.3460901041666667 0.06659722222222222
1 0.21468177083333334 0.955973611111111 0.010613541666666667 0.019354629629629628
1 0.21838072916666668 0.9267976851851852 0.0055114583333333335 0.011002777777777776
1 0.26470208333333334 0.6270555555555556 0.006487499999999999 0.011518518518518518
1 0.10083776041666666 0.704062962962963 0.010008854166666666 0.02108888888888889
1 0.06062994791666666 0.806475 0.008759895833333333 0.027764814814814815
1 0.3650997395833333 0.45966805555555557 0.008324479166666668 0.02118796296296296
1 0.40896875 0.35640185185185186 0.006479166666666666 0.014655555555555555
1 0.6396575520833333 0.10713472222222223 0.0063984375000000005 0.014269444444444444
1 0.6153013020833333 0.11160694444444444 0.0045609375 0.006547222222222222
1 0.7418578124999999 0.20681249999999998 0.0066322916666666665 0.013625
