2 0.4998046875 0.5274305555555556 0.999609375 0.9437500000000001
1 0.240234375 0.3111111111111111 0.015625 0.021527777777777778
1 0.22529296875 0.7274305555555556 0.021875 0.027777777777777776
1 0.27705078125 0.6491319444444444 0.012109375 0.029166666666666667
1 0.43486328125 0.5229166666666667 0.023046875 0.028472222222222218
1 0.0642578125 0.30086805555555557 0.01328125 0.030555555555555558
1 0.0580078125 0.4046875 0.0203125 0.04375
1 0.037109375 0.4677083333333333 0.009765625 0.015277777777777779
1 0.0759765625 0.49409722222222224 0.007421875 0.0125
1 0.2599609375 0.9479166666666666 0.016015625 0.010416666666666666
1 0.41875 0.9480902777777778 0.015234375 0.03333333333333333
1 0.5619140625 0.9288194444444444 0.028125 0.034722222222222224
1 0.61640625 0.6210069444444444 0.0140625 0.018055555555555557
1 0.55576171875 0.7 0.012890625 0.025
1 0.630078125 0.7791666666666667 0.0140625 0.027083333333333334
1 0.7478515625 0.7177083333333333 0.009375 0.025694444444444447
1 0.9294921875 0.8420138888888888 0.00546875 0.027777777777777776
1 0.6138671875 0.4947916666666667 0.02265625 0.034722222222222224
1 0.8982421875 0.22395833333333334 0.019140625 0.041666666666666664
1 0.79765625 0.2954861111111111 0.025 0.014583333333333334
1 0.40009765625 0.25243055555555555 0.01015625 0.015277777777777779
