2 0.5 0.4589814814814815 1.0 0.917962962962963
1 0.3098783854166667 0.8300898148148148 0.029131770833333334 0.047216666666666664
1 0.05813489583333333 0.5251023148148148 0.008978125 0.02242685185185185
1 0.11747057291666667 0.6833083333333333 0.006816145833333333 0.02032037037037037
1 0.09467682291666667 0.16639490740740742 0.0091453125 0.02908611111111111
1 0.10879817708333334 0.013224999999999999 0.0040546875 0.026449999999999998
1 0.037155729166666665 0.12010092592592593 0.004519791666666667 0.00872037037037037
1 0.2609638020833333 0.11592824074074073 0.0083859375 0.013337962962962963
1 0.36117578125 0.2299037037037037 0.018184895833333332 0.030177777777777776
1 0.36963828125000003 0.13795 0.012193229166666668 0.018492592592592595
1 0.5247794270833334 0.1731277777777778 0.012058854166666666 0.016625925925925926
1 0.4959557291666667 0.27448564814814813 0.008578124999999999 0.01563796296296296
1 0.7612453124999999 0.40693425925925925 0.005823958333333334 0.008312962962962963
1 0.8354729166666667 0.22499166666666665 0.013654166666666667 0.03331666666666667
1 0.91988046875 0.19545601851851852 0.0064276041666666665 0.009430555555555557
1 0.9430486979166666 0.511088425925926 0.0090140625 0.018473148148148148
1 0.5947414062499999 0.19260462962962963 0.0113578125 0.016690740740740742
1 0.42799921875 0.16465555555555556 0.0091234375 0.016348148148148146
1 0.43685625 0.19253981481481483 0.011212499999999999 0.01656111111111111
1 0.4785513020833333 0.16485231481481483 0.013352604166666667 0.022297222222222222
1 0.46087109374999996 0.17048379629629629 0.005075520833333333 0.013189814814814814
1 0.34371276041666665 0.3856865740740741 0.015550520833333333 0.021373148148148148
1 0.37823489583333336 0.4973638888888889 0.005428125000000001 0.04287592592592592
1 0.44712838541666666 0.8391337962962963 0.005715104166666667 0.011600925925925926
1 0.4259921875 0.5701287037037037 0.006151041666666667 0.012479629629629629
