2 0.5 0.48161944444444443 1.0 0.9632388888888889
1 0.7126122395833333 0.4539166666666667 0.013766145833333333 0.028203703703703703
1 0.49759609375 0.402712037037037 0.011858854166666665 0.02394259259259259
1 0.44248671874999995 0.4359925925925926 0.015181770833333334 0.051614814814814815
1 0.37887968749999995 0.5933740740740742 0.042134374999999995 0.07748888888888888
1 0.622315625 0.5642550925925925 0.018589583333333333 0.06184351851851851
1 0.5169200520833334 0.7585652777777777 0.011965104166666666 0.04861203703703704
1 0.4361419270833334 0.3408425925925926 0.025408854166666665 0.05946296296296296
1 0.41644869791666667 0.3309240740740741 0.014147395833333333 0.04332962962962963
1 0.3288375 0.6032777777777777 0.020175 0.02137037037037037
1 0.30545390625 0.6204138888888889 0.015074479166666667 0.03712407407407407
1 0.5761708333333334 0.608662962962963 0.012758333333333333 0.030288888888888893
1 0.49584296875 0.6378990740740741 0.0166859375 0.0313537037037037
1 0.964284375 0.20108703703703704 0.013985416666666667 0.020692592592592592
1 0.33196770833333333 0.09139212962962963 0.01289375 0.029080555555555554
1 0.0724609375 0.48848425925925926 0.010546875 0.023264814814814815
1 0.32251250000000004 0.5303662037037037 0.012733333333333334 0.03295462962962963
1 0.24977734375 0.7852208333333334 0.011013020833333333 0.03155277777777778
1 0.45811328125 0.32351574074074074 0.015184895833333333 0.02666111111111111
1 0.39638541666666666 0.43299861111111115 0.013604166666666667 0.03266388888888889
1 0.40539114583333336 0.039981944444444445 0.012865625 0.028112037037037036
1 0.2831078125 0.020508333333333333 0.012048958333333333 0.020646296296296295
1 0.34725833333333334 0.026587962962962963 0.010141666666666667 0.01613888888888889
