2 0.5 0.5345750868055555 1.0 0.9302612847222222
1 0.210465087890625 0.7934453124999999 0.00784423828125 0.017446180555555555
1 0.470942626953125 0.5602743055555556 0.01024462890625 0.019854166666666666
1 0.610049072265625 0.10571788194444445 0.01404345703125 0.030880208333333332
1 0.740464111328125 0.6939552951388889 0.02877978515625 0.05978559027777778
1 0.668376708984375 0.24779383680555556 0.01839404296875 0.03204600694444445
1 0.657460693359375 0.9665594618055555 0.01121044921875 0.03554947916666667
1 0.262382568359375 0.8984327256944444 0.01402294921875 0.019087673611111113
1 0.265489501953125 0.17913368055555556 0.01047119140625 0.021461805555555557
1 0.8296982421875 0.8779296875 0.012912109375 0.019748263888888888
1 0.6768076171875 0.7180303819444445 0.008888671875 0.024602430555555554
1 0.526842529296875 0.8920750868055555 0.01071630859375 0.0167890625
