2 0.5 0.5288328703703704 1.0 0.9428509259259259
1 0.89135 0.7677027777777778 0.023325 0.04096111111111111
1 0.16457135416666666 0.25037638888888886 0.021851041666666668 0.07853055555555556
1 0.4650486979166667 0.8074203703703704 0.013430729166666665 0.042618518518518514
1 0.35756848958333337 0.3002912037037037 0.0234703125 0.026508333333333335
1 0.7680260416666667 0.3330449074074074 0.02355208333333333 0.04016388888888889
1 0.95756328125 0.5420106481481481 0.0151265625 0.07846574074074074
1 0.4515606770833333 0.32780046296296295 0.02499635416666667 0.02041574074074074
1 0.5830723958333334 0.29680694444444444 0.005728125 0.010280555555555555
1 0.7921591145833333 0.6528736111111112 0.013484895833333333 0.01315462962962963
1 0.8599135416666667 0.6375634259259259 0.007327083333333333 0.015867592592592593
1 0.8442921875 0.5796444444444444 0.018792708333333335 0.014844444444444445
1 0.0416796875 0.8726837962962963 0.009401041666666667 0.015737962962962964
1 0.08051692708333333 0.9943449074074073 0.0068671875 0.010912037037037038
