2 0.5 0.5472222222222223 1.0 0.9055555555555556
1 0.26875 0.2490740740740741 0.016666666666666666 0.09259259259259259
1 0.07395833333333333 0.9657407407407408 0.04375 0.06666666666666667
1 0.3463541666666667 0.5745370370370371 0.023958333333333335 0.026851851851851852
1 0.43645833333333334 0.8356481481481481 0.019791666666666666 0.032407407407407406
1 0.39036458333333335 0.925 0.011979166666666667 0.03518518518518519
1 0.4640625 0.8888888888888888 0.017708333333333333 0.040740740740740744
1 0.6067708333333334 0.5861111111111111 0.030208333333333334 0.05
1 0.6330729166666667 0.46944444444444444 0.024479166666666666 0.06111111111111111
1 0.5606770833333333 0.7236111111111111 0.015104166666666667 0.058333333333333334
1 0.6752604166666667 0.6949074074074074 0.019270833333333334 0.026851851851851852
1 0.4786458333333333 0.9805555555555555 0.022916666666666665 0.037037037037037035
1 0.5416666666666666 0.8337962962962963 0.01875 0.025
1 0.5885416666666666 0.8763888888888889 0.013541666666666667 0.019444444444444445
1 0.6463541666666667 0.9921296296296296 0.010416666666666666 0.013888888888888888
1 0.9052083333333333 0.8300925925925926 0.009375 0.025
1 0.86796875 0.9856481481481482 0.009895833333333333 0.026851851851851852
1 0.9947916666666666 0.7912037037037037 0.009375 0.028703703703703703
1 0.9049479166666666 0.49398148148148147 0.009895833333333333 0.013888888888888888
1 0.8341145833333333 0.30324074074074076 0.009895833333333333 0.026851851851851852
1 0.95703125 0.9875 0.008854166666666666 0.013888888888888888
1 0.9528645833333333 0.6347222222222222 0.0078125 0.028703703703703703
1 0.9770833333333333 0.5888888888888889 0.010416666666666666 0.018518518518518517
1 0.7153645833333333 0.6421296296296296 0.016145833333333335 0.025
1 0.6734375 0.16018518518518518 0.008333333333333333 0.012962962962962963
1 0.28515625 0.6092592592592593 0.005729166666666666 0.011111111111111112
1 0.2908854166666667 0.5800925925925926 0.008854166666666666 0.013888888888888888
1 0.22552083333333334 0.625 0.009375 0.014814814814814815
1 0.014322916666666666 0.37407407407407406 0.0067708333333333336 0.020370370370370372
1 0.15885416666666666 0.23657407407407408 0.007291666666666667 0.010185185185185186
1 0.22005208333333334 0.3773148148148148 0.0067708333333333336 0.021296296296296296
1 0.7067708333333333 0.9912037037037037 0.00625 0.01574074074074074
