2 0.4871598958333333 0.5896592592592592 0.9743197916666666 0.8200592592592593
1 0.42860703125000005 0.6280407407407408 0.0134640625 0.03200740740740741
1 0.8092822916666667 0.7907722222222222 0.01960625 0.02598888888888889
1 0.40620963541666666 0.8684129629629629 0.017627604166666665 0.04608518518518518
1 0.5317963541666667 0.541725 0.015676041666666665 0.014931481481481483
1 0.6251372395833333 0.7126486111111111 0.006524479166666666 0.016037962962962966
1 0.6423716145833333 0.7189199074074074 0.026409895833333332 0.05635833333333333
1 0.4104 0.47778981481481486 0.010383333333333333 0.024098148148148146
1 0.30468177083333337 0.896587037037037 0.016655208333333334 0.026507407407407407
1 0.35054270833333334 0.3775476851851852 0.007335416666666666 0.01435462962962963
1 0.14214713541666668 0.4620592592592593 0.0228359375 0.06115555555555556
1 0.04754453125 0.4940407407407407 0.010714062500000001 0.03252592592592592
1 0.10392578125 0.6666648148148149 0.006809895833333333 0.022218518518518516
1 0.13168020833333333 0.7806268518518519 0.013360416666666668 0.035327777777777784
1 0.13772395833333334 0.8305675925925926 0.013989583333333333 0.01483888888888889
1 0.15081588541666668 0.7191930555555556 0.014131770833333333 0.034682407407407405
1 0.26016197916666667 0.9535949074074074 0.008865624999999999 0.014597222222222223
1 0.3584763020833333 0.9731569444444443 0.008619270833333333 0.016684259259259256
1 0.15326614583333334 0.9277356481481482 0.004448958333333333 0.022137962962962963
1 0.16255234375 0.36174953703703705 0.008438020833333334 0.014239814814814815
