2 0.5 0.4719259259259259 1.0 0.9438518518518518
1 0.9409453125 0.647300462962963 0.010015625 0.04274907407407407
1 0.9629505208333333 0.5859046296296296 0.007151041666666667 0.01255
1 0.9275640625 0.49144722222222226 0.005128125 0.014375925925925926
1 0.8256091145833333 0.6245763888888889 0.0064265625 0.01952314814814815
1 0.7781385416666667 0.7341222222222222 0.026068749999999998 0.04602222222222222
1 0.70068046875 0.8300782407407408 0.021152604166666665 0.05460092592592593
1 0.7195244791666667 0.6232671296296297 0.010923958333333334 0.040978703703703705
1 0.7089333333333333 0.4831592592592593 0.008491666666666666 0.03854074074074074
1 0.7116361979166667 0.5165203703703704 0.010772395833333333 0.03304074074074074
1 0.755659375 0.5532037037037038 0.0050687499999999995 0.00825925925925926
1 0.6275499999999999 0.6632064814814815 0.024891666666666666 0.03567222222222222
1 0.6571135416666666 0.6046199074074075 0.011102083333333334 0.02590648148148148
1 0.61762578125 0.5913944444444444 0.0165015625 0.04575185185185185
1 0.6545203125000001 0.45039444444444443 0.02362395833333333 0.026714814814814816
1 0.5687247395833332 0.4739314814814815 0.009324479166666667 0.021937037037037036
1 0.5671476562500001 0.553426388888889 0.0030453125000000003 0.025371296296296295
1 0.55410234375 0.5635611111111111 0.010288020833333333 0.017862962962962966
1 0.4980205729166666 0.6764282407407407 0.004374479166666666 0.01952314814814815
1 0.4872833333333333 0.37754166666666666 0.01415 0.019898148148148147
1 0.5426067708333334 0.34047962962962963 0.009171875 0.016144444444444444
1 0.39610364583333335 0.12238425925925928 0.02449895833333333 0.03550925925925926
1 0.3919578125 0.061331944444444446 0.009957291666666666 0.02081203703703704
1 0.012038541666666668 0.23106944444444444 0.024077083333333336 0.11213888888888889
1 0.14191979166666666 0.1419425925925926 0.008839583333333335 0.013514814814814815
1 0.059863541666666666 0.5420902777777777 0.0041020833333333334 0.015662037037037037
1 0.04727994791666667 0.5435509259259259 0.0049765625 0.020435185185185185
1 0.2842393229166667 0.9150828703703704 0.017436979166666665 0.0357212962962963
1 0.3648401041666667 0.9050217592592592 0.02030520833333333 0.026710185185185188
1 0.4135432291666667 0.7742138888888889 0.015628125 0.016946296296296296
1 0.5929854166666666 0.7616981481481482 0.0057625 0.008581481481481482
1 0.60920546875 0.7190694444444444 0.010077604166666667 0.03443518518518518
1 0.7053697916666667 0.6760013888888889 0.012822916666666666 0.011262037037037037
1 0.6587002604166667 0.3779578703703704 0.0059421875 0.022582407407407405
1 0.6266744791666666 0.3552583333333333 0.003348958333333333 0.0068129629629629625
1 0.9554692708333333 0.2914685185185185 0.009896875 0.025529629629629628
1 0.9326953125 0.35734537037037034 0.009140625000000001 0.022098148148148148
1 0.94855546875 0.40239444444444444 0.0064859374999999995 0.021455555555555558
1 0.07223098958333334 0.8929555555555556 0.013211979166666667 0.03776296296296296
