2 0.4942708333333333 0.5907407407407408 0.9885416666666667 0.8185185185185185
1 0.45989583333333334 0.4962962962962963 0.036458333333333336 0.06111111111111111
1 0.47421875 0.36342592592592593 0.015104166666666667 0.026851851851851852
1 0.28828125 0.9837962962962963 0.0109375 0.019444444444444445
1 0.5395833333333333 0.7680555555555556 0.017708333333333333 0.025
1 0.5880208333333333 0.8291666666666667 0.015625 0.030555555555555555
1 0.7018229166666666 0.6819444444444445 0.013020833333333334 0.017592592592592594
1 0.13151041666666666 0.30416666666666664 0.0203125 0.019444444444444445
1 0.1390625 0.6685185185185185 0.015625 0.03148148148148148
1 0.0484375 0.3592592592592593 0.007291666666666667 0.020370370370370372
1 0.08697916666666666 0.6731481481481482 0.010416666666666666 0.018518518518518517
1 0.6286458333333333 0.7564814814814815 0.010416666666666666 0.02962962962962963
