2 0.5 0.44940416666666666 1.0 0.8988083333333333
1 0.3011361979166667 0.5652671296296297 0.012689062499999999 0.03608981481481481
1 0.7651072916666667 0.11101944444444443 0.01979791666666667 0.038705555555555556
1 0.790884375 0.15601666666666666 0.011977083333333333 0.023144444444444443
1 0.35518463541666667 0.6647712962962963 0.05620260416666667 0.07398703703703705
1 0.3481268229166667 0.5736171296296296 0.004586979166666667 0.025012037037037037
1 0.7290872395833333 0.3998898148148148 0.0290078125 0.06459444444444444
1 0.7146643229166667 0.43558148148148146 0.0116203125 0.02857037037037037
1 0.6638606770833333 0.662986111111111 0.0079296875 0.014861111111111111
1 0.6161723958333333 0.6990726851851852 0.009428125 0.016663888888888888
1 0.5783343750000001 0.6672416666666666 0.013960416666666666 0.015964814814814817
1 0.23325833333333332 0.546699074074074 0.011308333333333333 0.047101851851851846
1 0.13968697916666667 0.7032856481481481 0.011665625 0.04916388888888889
1 0.28255130208333334 0.6452009259259259 0.027602604166666666 0.07188333333333333
1 0.25629010416666664 0.6467560185185185 0.010496875 0.039808333333333334
1 0.2446125 0.612025925925926 0.009016666666666668 0.040718518518518515
1 0.5141205729166667 0.7718060185185186 0.0136578125 0.02509351851851852
1 0.59931875 0.7509222222222222 0.0173875 0.04999259259259259
1 0.9809979166666667 0.6236722222222223 0.008870833333333333 0.049196296296296294
1 0.8268632812500001 0.8203935185185185 0.0068515625 0.01300925925925926
1 0.9583783854166666 0.40738240740740744 0.004256770833333334 0.009209259259259259
1 0.9514283854166667 0.3495259259259259 0.011190104166666666 0.04164444444444444
1 0.8971296875 0.15791759259259258 0.016134375 0.015835185185185185
1 0.15224947916666667 0.5802425925925926 0.027415625 0.05678148148148148
1 0.16339401041666665 0.6054884259259259 0.0122046875 0.03505092592592592
1 0.17203411458333334 0.03304537037037037 0.0180265625 0.034609259259259256
1 0.7030145833333333 0.8501541666666667 0.0143625 0.04660462962962963
1 0.7022924479166667 0.8110009259259259 0.017084895833333332 0.02755740740740741
1 0.9605877604166667 0.7580444444444444 0.028467187499999998 0.04942222222222222
1 0.9717463541666667 0.7171208333333333 0.017451041666666667 0.03609351851851852
