2 0.5 0.48925046296296293 1.0 0.9785009259259259
1 0.8692411458333333 0.18045694444444443 0.009315625 0.02387685185185185
1 0.95945234375 0.29007453703703706 0.005363020833333333 0.013482407407407406
1 0.7340510416666667 0.3596685185185185 0.016018750000000002 0.048966666666666665
1 0.8457010416666667 0.4012990740740741 0.015360416666666666 0.017412962962962963
1 0.8295265625 0.43775092592592596 0.012178125000000001 0.03105740740740741
1 0.7700981770833334 0.40315509259259263 0.0058213541666666665 0.013717592592592592
1 0.7703833333333333 0.5163592592592593 0.014724999999999999 0.03827407407407407
1 0.8657111979166667 0.5238875 0.008505729166666667 0.01814537037037037
1 0.7582067708333333 0.5975694444444445 0.011205208333333333 0.02662037037037037
1 0.84322734375 0.6393851851851853 0.0114546875 0.038029629629629635
1 0.8181890625 0.6734268518518519 0.011378125 0.041298148148148146
1 0.7159794270833333 0.7127657407407407 0.01633385416666667 0.05516111111111111
1 0.5879291666666667 0.4796601851851852 0.023775 0.029690740740740743
1 0.7470208333333334 0.9267648148148148 0.01175 0.025751851851851852
1 0.71166484375 0.8484726851851851 0.0202046875 0.04138981481481482
1 0.6884885416666666 0.8646138888888889 0.019685416666666667 0.04033888888888889
1 0.6729427083333334 0.9382990740740741 0.015677083333333335 0.02845
1 0.7782541666666667 0.7948074074074074 0.012758333333333333 0.03220740740740741
1 0.7461484375 0.8432796296296295 0.017296875 0.0235962962962963
1 0.6733947916666666 0.7413962962962962 0.011372916666666667 0.01982962962962963
1 0.75568828125 0.6412560185185185 0.0061682291666666665 0.019549074074074073
1 0.77674140625 0.6735791666666667 0.0378578125 0.04345462962962963
1 0.0306546875 0.5400439814814815 0.008184375 0.033791666666666664
1 0.051243489583333336 0.45109027777777777 0.011861979166666667 0.024402777777777777
1 0.0125046875 0.42320185185185183 0.008342708333333334 0.018625925925925924
1 0.10556432291666668 0.3035060185185185 0.009045312500000001 0.019975
1 0.05866796875 0.18053703703703702 0.005877604166666666 0.011074074074074075
1 0.031760416666666666 0.13749814814814815 0.006229166666666667 0.012033333333333333
1 0.5577013020833334 0.195325 0.009152604166666667 0.007316666666666667
1 0.7070622395833334 0.1499550925925926 0.007874479166666667 0.03509537037037037
