2 0.5002604166666667 0.46296296296296297 0.9994791666666667 0.9259259259259259
1 0.17369791666666667 0.2199074074074074 0.009895833333333333 0.013888888888888888
1 0.1484375 0.2851851851851852 0.005208333333333333 0.011111111111111112
1 0.16145833333333334 0.2851851851851852 0.008333333333333333 0.022222222222222223
1 0.19140625 0.16342592592592592 0.0109375 0.03981481481481482
1 0.12109375 0.3282407407407407 0.0109375 0.021296296296296296
1 0.246875 0.39166666666666666 0.013541666666666667 0.024074074074074074
1 0.5005208333333333 0.4675925925925926 0.03229166666666667 0.05740740740740741
1 0.0921875 0.6513888888888889 0.030208333333333334 0.041666666666666664
1 0.15364583333333334 0.7407407407407407 0.008333333333333333 0.018518518518518517
1 0.34661458333333334 0.8101851851851852 0.009895833333333333 0.018518518518518517
1 0.27239583333333334 0.7541666666666667 0.027083333333333334 0.04351851851851852
1 0.028385416666666666 0.6027777777777777 0.05677083333333333 0.14074074074074075
1 0.043229166666666666 0.6310185185185185 0.08645833333333333 0.04722222222222222
1 0.21015625 0.7453703703703703 0.008854166666666666 0.009259259259259259
1 0.67265625 0.7152777777777778 0.0140625 0.030555555555555555
1 0.5268229166666667 0.7625 0.0067708333333333336 0.017592592592592594
1 0.759375 0.4388888888888889 0.0125 0.044444444444444446
1 0.6075520833333333 0.3333333333333333 0.027604166666666666 0.06296296296296296
1 0.8971354166666666 0.7078703703703704 0.0265625 0.075
1 0.9674479166666666 0.6467592592592593 0.009895833333333333 0.041666666666666664
1 0.9588541666666667 0.5472222222222223 0.010416666666666666 0.03888888888888889
1 0.98203125 0.6180555555555556 0.0046875 0.030555555555555555
1 0.9619791666666667 0.38842592592592595 0.014583333333333334 0.05648148148148148
1 0.96484375 0.4601851851851852 0.0078125 0.025925925925925925
1 0.9778645833333334 0.45 0.008854166666666666 0.016666666666666666
1 0.9799479166666667 0.39537037037037037 0.0109375 0.022222222222222223
1 0.8096354166666667 0.1736111111111111 0.009895833333333333 0.025
1 0.9752604166666666 0.27037037037037037 0.015104166666666667 0.024074074074074074
1 0.5747395833333333 0.17731481481481481 0.011979166666666667 0.026851851851851852
1 0.8895833333333333 0.008796296296296297 0.017708333333333333 0.01574074074074074
1 0.7036458333333333 0.037037037037037035 0.007291666666666667 0.007407407407407408
1 0.77265625 0.08611111111111111 0.0067708333333333336 0.007407407407407408
1 0.8111979166666666 0.21574074074074073 0.005729166666666666 0.014814814814814815
1 0.7145833333333333 0.8111111111111111 0.019791666666666666 0.0962962962962963
1 0.5859375 0.4736111111111111 0.007291666666666667 0.019444444444444445
1 0.21328125 0.1625 0.005729166666666666 0.012037037037037037
1 0.14713541666666666 0.11342592592592593 0.0067708333333333336 0.021296296296296296
