2 0.5178575520833334 0.5490143518518519 0.9638401041666668 0.9017324074074073
1 0.34286536458333333 0.582975925925926 0.0190640625 0.038174074074074076
1 0.44096822916666667 0.6066 0.015269791666666668 0.028014814814814815
1 0.5617888020833333 0.3953143518518519 0.017327604166666667 0.036925
1 0.68715546875 0.3645601851851852 0.0118109375 0.02912037037037037
1 0.3448153645833333 0.7665981481481482 0.011505729166666668 0.010974074074074074
1 0.47436380208333334 0.3966125 0.012269270833333333 0.015447222222222222
1 0.45252083333333337 0.9540013888888889 0.011291666666666667 0.022817592592592594
1 0.4061690104166667 0.3442351851851852 0.015463020833333334 0.025507407407407406
1 0.4023921875 0.30723240740740737 0.007909375 0.02002037037037037
1 0.8176098958333333 0.466000462962963 0.007094791666666667 0.013482407407407406
1 0.9122497395833334 0.8365731481481482 0.014082812500000002 0.03610925925925926
1 0.9239479166666666 0.79345 0.006229166666666667 0.010974074074074074
1 0.9406919270833334 0.7960717592592593 0.0115921875 0.016217592592592592
1 0.9573458333333333 0.8080856481481481 0.009483333333333333 0.023578703703703702
1 0.8424242187500001 0.9928259259259259 0.010890104166666666 0.01342962962962963
