2 0.5 0.46113703703703707 1.0 0.9222740740740741
1 0.24121223958333332 0.14527037037037036 0.023049479166666668 0.04239259259259259
1 0.341509375 0.1494212962962963 0.01739375 0.03217592592592593
1 0.6856671875 0.5139912037037037 0.011959375 0.03538981481481481
1 0.6099484375 0.6683217592592593 0.024063541666666667 0.03664351851851852
1 0.52341796875 0.3677037037037037 0.016627604166666667 0.024296296296296295
1 0.5640611979166666 0.32410509259259257 0.0166640625 0.018580555555555555
1 0.5351596354166667 0.15320648148148147 0.015110937500000001 0.02493148148148148
1 0.3138736979166667 0.23195 0.014205729166666665 0.030566666666666666
1 0.5475591145833333 0.8010907407407407 0.0222015625 0.050329629629629634
1 0.5284200520833333 0.7840712962962963 0.023506770833333336 0.027401851851851854
1 0.6575778645833333 0.749087962962963 0.018280729166666666 0.027805555555555556
1 0.6680864583333334 0.6649564814814815 0.02263125 0.04843148148148148
1 0.6724630208333333 0.5740162037037037 0.011592708333333333 0.01840277777777778
1 0.34902083333333334 0.28844027777777775 0.013666666666666666 0.025028703703703702
1 0.35269765625 0.32183703703703703 0.0178953125 0.0196
1 0.43850364583333334 0.011223611111111111 0.023882291666666666 0.022447222222222223
1 0.49090234375 0.05251481481481481 0.015138020833333333 0.03651111111111111
1 0.19590911458333332 0.6206615740740741 0.019943229166666666 0.028360185185185186
1 0.14246510416666666 0.3157953703703704 0.013055208333333334 0.027887037037037037
1 0.13401770833333335 0.4311365740740741 0.02011875 0.04375462962962963
1 0.1325375 0.8157055555555556 0.014033333333333333 0.035114814814814814
1 0.15610911458333335 0.2432587962962963 0.0330515625 0.07725833333333333
1 0.15595208333333332 0.7688180555555555 0.015029166666666668 0.03208055555555556
1 0.7982098958333333 0.35735509259259257 0.04121145833333333 0.07396944444444445
1 0.82083671875 0.5649337962962964 0.014590104166666668 0.02801574074074074
1 0.8364570312499999 0.6296027777777777 0.015622395833333334 0.03142777777777778
1 0.7109002604166667 0.20888333333333334 0.011383854166666667 0.02332222222222222
1 0.8010588541666667 0.3972449074074074 0.011492708333333332 0.02041574074074074
1 0.8244927083333333 0.2839041666666666 0.01981875 0.07151203703703704
1 0.8666114583333333 0.5932074074074074 0.01030625 0.019748148148148147
1 0.17897786458333334 0.4425180555555555 0.015247395833333333 0.02577685185185185
1 0.11329427083333334 0.48109814814814816 0.008880208333333334 0.017751851851851852
