2 0.49973958333333335 0.5486111111111112 0.9994791666666667 0.9009259259259259
1 0.6765625 0.14722222222222223 0.029166666666666667 0.046296296296296294
1 0.9401041666666666 0.4203703703703704 0.009375 0.022222222222222223
1 0.8744791666666667 0.26944444444444443 0.00625 0.020370370370370372
1 0.9174479166666667 0.7828703703703703 0.009895833333333333 0.028703703703703703
1 0.9096354166666667 0.937962962962963 0.0046875 0.027777777777777776
1 0.9765625 0.8212962962962963 0.004166666666666667 0.009259259259259259
1 0.7536458333333333 0.8532407407407407 0.008333333333333333 0.013888888888888888
1 0.64921875 0.7518518518518519 0.018229166666666668 0.03148148148148148
1 0.6442708333333333 0.8449074074074074 0.011458333333333333 0.019444444444444445
1 0.48828125 0.8296296296296296 0.011979166666666667 0.016666666666666666
1 0.5127604166666667 0.7245370370370371 0.008854166666666666 0.01574074074074074
1 0.24296875 0.625462962962963 0.005729166666666666 0.008333333333333333
1 0.17630208333333333 0.8157407407407408 0.0140625 0.03333333333333333
1 0.09296875 0.8564814814814815 0.0067708333333333336 0.009259259259259259
1 0.05755208333333333 0.5444444444444444 0.008854166666666666 0.018518518518518517
1 0.41770833333333335 0.8185185185185185 0.011458333333333333 0.016666666666666666
1 0.58515625 0.825462962962963 0.008854166666666666 0.01574074074074074
1 0.575 0.799074074074074 0.011458333333333333 0.016666666666666666
1 0.5346354166666667 0.8314814814814815 0.013020833333333334 0.022222222222222223
1 0.5518229166666667 0.8240740740740741 0.0046875 0.012962962962962963
1 0.6604166666666667 0.5939814814814814 0.015625 0.021296296296296296
1 0.6213541666666667 0.487962962962963 0.004166666666666667 0.04259259259259259
1 0.5393229166666667 0.15555555555555556 0.005729166666666666 0.011111111111111112
1 0.57109375 0.4212962962962963 0.005729166666666666 0.012962962962962963
