2 0.5130666666666667 0.5209416666666666 0.97405 0.9585499999999999
1 0.42503124999999997 0.3421523148148148 0.008395833333333333 0.021341666666666665
1 0.33828046875 0.2940773148148148 0.008852604166666667 0.014080555555555556
1 0.24025729166666665 0.3947509259259259 0.01905625 0.03579814814814815
1 0.32138359375000003 0.579137962962963 0.032350520833333334 0.058275925925925925
1 0.31789869791666664 0.5815824074074074 0.0243390625 0.05390555555555556
1 0.2939276041666667 0.5404453703703704 0.013896875 0.025335185185185183
1 0.26928359375 0.6305296296296297 0.011483854166666667 0.024022222222222223
1 0.376684375 0.48558055555555557 0.00961875 0.04153148148148148
1 0.41438151041666665 0.4304736111111111 0.006888020833333333 0.012799074074074074
1 0.44635364583333337 0.4237148148148148 0.008332291666666667 0.0178
1 0.37335963541666667 0.35787685185185186 0.009219270833333333 0.021309259259259257
1 0.38057578125 0.12599907407407407 0.0267765625 0.02236851851851852
1 0.4543158854166667 0.0536287037037037 0.008631770833333333 0.03133148148148148
1 0.4535221354166667 0.29878611111111114 0.0143359375 0.038312962962962965
1 0.40981328125 0.5992337962962964 0.011293229166666667 0.022541666666666665
1 0.5529132812499999 0.850923611111111 0.018326562499999997 0.027773148148148148
1 0.4876611979166666 0.9655925925925926 0.05032239583333333 0.03674074074074074
1 0.4028390625 0.9214143518518519 0.036928125 0.04282870370370371
1 0.41230234375 0.931025 0.011063020833333333 0.021309259259259257
1 0.29947838541666666 0.8522328703703704 0.0093734375 0.011873148148148148
1 0.5749986979166667 0.7648050925925927 0.015622395833333334 0.024054629629629627
1 0.5576596354166666 0.9810018518518518 0.020527604166666664 0.037929629629629626
1 0.34082578125 0.6101921296296297 0.007693229166666667 0.014828703703703705
1 0.19856041666666666 0.5914023148148149 0.013787500000000001 0.042063888888888894
1 0.23143697916666667 0.5672495370370371 0.007665625 0.017832407407407408
1 0.2585703125 0.6038162037037037 0.007765625 0.00948425925925926
1 0.83638984375 0.3598018518518519 0.005071354166666667 0.014048148148148148
1 0.8078526041666667 0.4365731481481482 0.009455208333333333 0.012035185185185185
1 0.8460919270833334 0.4951837962962963 0.023433854166666667 0.00703425925925926
1 0.9196622395833334 0.5664333333333333 0.0101578125 0.04027407407407407
1 0.9446661458333333 0.5586074074074074 0.019540625 0.039437037037037034
1 0.9467174479166667 0.5413944444444445 0.02364322916666667 0.0753814814814815
1 0.9450596354166667 0.557875462962963 0.02032760416666667 0.041676851851851854
1 0.9143453125 0.6689564814814815 0.005773958333333333 0.011987037037037037
1 0.9385591145833333 0.5421615740740741 0.009409895833333333 0.006545370370370371
1 0.9106174479166668 0.756512962962963 0.008734895833333334 0.013025925925925925
1 0.89158203125 0.9321944444444444 0.01962239583333333 0.03846296296296296
