2 0.49973958333333335 0.549537037037037 0.9994791666666667 0.899074074074074
2 0.49973958333333335 0.549074074074074 0.9994791666666667 0.9
2 0.49973958333333335 0.3662037037037037 0.9994791666666667 0.2675925925925926
1 0.22395833333333334 0.5856481481481481 0.010416666666666666 0.019444444444444445
1 0.22369791666666666 0.5856481481481481 0.009895833333333333 0.019444444444444445
1 0.03307291666666667 0.7527777777777778 0.005729166666666666 0.011111111111111112
1 0.8276041666666667 0.4564814814814815 0.013541666666666667 0.03333333333333333
1 0.9453125 0.6805555555555556 0.010416666666666666 0.020370370370370372
1 0.8041666666666667 0.8648148148148148 0.0125 0.040740740740740744
1 0.6520833333333333 0.8083333333333333 0.007291666666666667 0.05925925925925926
1 0.2078125 0.1912037037037037 0.017708333333333333 0.012037037037037037
1 0.6263020833333334 0.6574074074074074 0.0140625 0.024074074074074074
