2 0.5 0.4672573784722222 1.0 0.9345147569444444
1 0.962044921875 0.7387860243055555 0.01002734375 0.019238715277777776
1 0.9419013671875 0.36039539930555553 0.006849609375 0.02981857638888889
1 0.995503173828125 0.3168580729166667 0.00858447265625 0.02086892361111111
1 0.841850341796875 0.4105251736111111 0.01963818359375 0.06757812499999999
1 0.733439208984375 0.1921032986111111 0.03719091796875 0.06476215277777778
1 0.80587158203125 0.2785473090277778 0.0043212890625 0.0327890625
1 0.657620361328125 0.3374431423611111 0.01836572265625 0.05509461805555556
1 0.693779052734375 0.3166974826388889 0.01646435546875 0.03096440972222222
1 0.622616943359375 0.3900390625 0.00988232421875 0.014453124999999999
1 0.70051025390625 0.39727647569444446 0.0103955078125 0.020247395833333334
1 0.836069580078125 0.13570746527777777 0.00612353515625 0.012734375
1 0.838833251953125 0.14945789930555556 0.00676806640625 0.01766579861111111
1 0.795562255859375 0.10175868055555555 0.07842919921875 0.1687951388888889
1 0.823485107421875 0.05994878472222223 0.00732177734375 0.012258680555555556
1 0.80598095703125 0.0944453125 0.0113759765625 0.010071180555555555
1 0.777412109375 0.043346788194444444 0.00697265625 0.012040798611111111
1 0.647037353515625 0.15267447916666665 0.01868408203125 0.020626736111111113
1 0.517622802734375 0.25551171875 0.00985498046875 0.024912326388888892
1 0.530595703125 0.18545225694444445 0.00845703125 0.015001736111111112
1 0.517721923828125 0.19032682291666667 0.00517041015625 0.010861979166666667
1 0.55009375 0.3865321180555556 0.0269453125 0.05084201388888889
1 0.4832646484375 0.8139809027777778 0.006568359375 0.016850694444444442
1 0.40242822265625 0.9123411458333334 0.0206767578125 0.045168402777777776
1 0.410930908203125 0.8142044270833333 0.00643212890625 0.012089409722222222
1 0.367806884765625 0.03067447916666667 0.02369970703125 0.05961284722222223
1 0.392638916015625 0.12601258680555555 0.00891064453125 0.0159140625
1 0.291932373046875 0.08794184027777778 0.01843505859375 0.03352256944444445
1 0.207625 0.07474869791666666 0.0119296875 0.01581684027777778
1 0.27253173828125 0.142515625 0.0069775390625 0.03503125
1 0.258913818359375 0.13330598958333334 0.00806201171875 0.009667534722222223
1 0.223278564453125 0.2629978298611111 0.00710400390625 0.0225234375
1 0.202989990234375 0.3759079861111111 0.01047216796875 0.027857638888888887
1 0.19117333984375 0.3991514756944444 0.0044169921875 0.015316840277777778
1 0.26076025390625 0.4711805555555555 0.0068720703125 0.03958333333333333
1 0.23297021484375 0.39897743055555557 0.0040263671875 0.01670486111111111
1 0.28522509765625 0.7371467013888888 0.0118564453125 0.019432291666666667
1 0.349680908203125 0.7582799479166666 0.02553369140625 0.042601562499999995
1 0.341619140625 0.6343980034722222 0.00941015625 0.01705989583333333
1 0.20741259765625 0.7644214409722223 0.0163876953125 0.040995659722222216
1 0.213856689453125 0.8100746527777778 0.01169775390625 0.022927083333333334
1 0.200714599609375 0.6984809027777777 0.00982763671875 0.01675347222222222
1 0.16638818359375 0.66684765625 0.0075810546875 0.01598697916666667
1 0.149076416015625 0.6606037326388888 0.01202001953125 0.022596354166666666
1 0.18922900390625 0.5985894097222223 0.0122470703125 0.018359374999999997
1 0.178380859375 0.8575169270833334 0.01105859375 0.04142274305555556
1 0.17989892578125 0.8195594618055556 0.0072587890625 0.021063368055555556
1 0.042020507812499996 0.8388880208333334 0.034236328125 0.05277604166666667
1 0.166868408203125 0.8333433159722222 0.01147119140625 0.0191171875
1 0.28652197265625 0.9017699652777778 0.0046845703125 0.008401041666666668
1 0.20725 0.9067877604166666 0.0053203125 0.023644965277777777
1 0.390920654296875 0.6266119791666667 0.01328662109375 0.024057291666666664
1 0.325403076171875 0.6906662326388889 0.01799365234375 0.02369357638888889
1 0.256072021484375 0.21435243055555556 0.01019091796875 0.015510416666666665
1 0.2734765625 0.36489192708333335 0.0059375 0.007561631944444445
1 0.389110595703125 0.7543250868055555 0.00576025390625 0.010386284722222222
1 0.26258935546875 0.09585416666666667 0.0046708984375 0.011152777777777779
1 0.10987890625 0.008911024305555555 0.0088203125 0.01782204861111111
1 0.863249755859375 0.7268493923611111 0.00677294921875 0.02661545138888889
