2 0.5 0.48562037037037037 1.0 0.9712407407407407
1 0.6954229166666667 0.18490138888888888 0.025220833333333335 0.043876851851851854
1 0.4372486979166667 0.6439842592592593 0.028664062499999997 0.04167222222222222
1 0.09387473958333332 0.8101574074074074 0.0117078125 0.03883333333333333
1 0.63397265625 0.06067222222222223 0.028361979166666666 0.06023333333333334
1 0.7537468749999999 0.5712319444444445 0.010618750000000001 0.029500925925925927
1 0.8937630208333334 0.24371712962962963 0.023984375 0.04484166666666667
1 0.5739630208333334 0.27019166666666666 0.007301041666666667 0.012605555555555556
1 0.6239231770833332 0.2985851851851852 0.014513020833333333 0.01754074074074074
1 0.36533958333333333 0.14341435185185183 0.015054166666666667 0.02756944444444444
1 0.19804791666666668 0.4902087962962963 0.012762500000000001 0.023010185185185186
1 0.00288125 0.26609629629629633 0.0057625 0.017377777777777777
1 0.3288260416666667 0.8291921296296296 0.022235416666666667 0.021347222222222222
1 0.8585140625 0.10582407407407407 0.018069791666666668 0.03942592592592593
1 0.9510065104166666 0.14360046296296297 0.010346354166666665 0.035349074074074074
1 0.9934046875 0.45563148148148147 0.010767708333333332 0.05015185185185185
1 0.021652604166666665 0.6046337962962963 0.008930208333333333 0.024082407407407407
1 0.02961666666666667 0.6325611111111111 0.011316666666666668 0.054011111111111114
1 0.1778671875 0.2681615740740741 0.0036510416666666666 0.021508333333333334
1 0.46249557291666665 0.09480185185185185 0.0166578125 0.04515925925925926
1 0.5971645833333333 0.3224430555555555 0.0120375 0.02081203703703704
1 0.7630989583333334 0.31293935185185184 0.013697916666666667 0.027730555555555557
1 0.5515825520833334 0.6956680555555556 0.029206770833333333 0.02096574074074074
1 0.44190442708333333 0.7513986111111111 0.008808854166666666 0.026871296296296296
1 0.7207682291666667 0.36777546296296293 0.012369791666666666 0.050365740740740746
1 0.8503437500000001 0.611562962962963 0.009020833333333334 0.012014814814814815
1 0.9429242187500001 0.0725375 0.0077234375 0.019149074074074075
1 0.23445442708333333 0.6432976851851852 0.009533854166666666 0.01807685185185185
1 0.08861432291666667 0.345400462962963 0.0063953125 0.027837962962962964
1 0.1459528645833333 0.3238958333333333 0.004405729166666666 0.008902777777777779
1 0.08165468749999999 0.8757472222222222 0.0070593750000000005 0.012605555555555556
1 0.7062536458333334 0.8081527777777777 0.009382291666666666 0.016305555555555556
