2 0.5 0.4733365740740741 1.0 0.9466731481481482
1 0.21066744791666667 0.7598518518518519 0.04841822916666667 0.09933333333333333
1 0.013864583333333331 0.5410879629629629 0.015229166666666665 0.03217592592592593
1 0.10959401041666667 0.18741805555555555 0.0077296875 0.011873148148148148
1 0.6639572916666666 0.47191944444444445 0.01020625 0.021616666666666666
1 0.6780018229166667 0.4265 0.0070453124999999995 0.025222222222222222
1 0.845590625 0.17637962962962964 0.007847916666666666 0.017574074074074075
1 0.6710067708333334 0.5917453703703704 0.006596875 0.027935185185185188
1 0.6598770833333333 0.7217101851851851 0.0072541666666666674 0.010087037037037037
1 0.8020369791666667 0.4677287037037037 0.013448958333333334 0.01879074074074074
1 0.8561619791666666 0.6814768518518518 0.006073958333333334 0.059250000000000004
1 0.8727385416666666 0.671950462962963 0.01214375 0.036493518518518515
1 0.035475520833333336 0.18339675925925927 0.004284375000000001 0.013089814814814815
