2 0.5 0.48951018518518524 1.0 0.9790203703703705
1 0.061122916666666666 0.32794953703703705 0.025370833333333336 0.04849166666666667
1 0.18200833333333336 0.4915319444444445 0.010891666666666666 0.03861944444444445
1 0.15846328125 0.06597638888888889 0.016926562500000002 0.0504712962962963
1 0.154559375 0.10842916666666666 0.01849375 0.033525
1 0.055384375 0.0433875 0.010768749999999999 0.031219444444444442
1 0.16341927083333332 0.011409722222222222 0.021630208333333335 0.022819444444444444
1 0.207434375 0.17672222222222222 0.021118750000000002 0.059
1 0.18629505208333336 0.33023842592592595 0.011131770833333334 0.023439814814814816
1 0.21466927083333334 0.25315601851851854 0.012671874999999999 0.02853425925925926
1 0.25697734375 0.16317962962962965 0.010829687499999999 0.03191481481481482
1 0.17375104166666666 0.04032685185185185 0.006877083333333334 0.03250555555555556
1 0.31607265625000003 0.14196574074074075 0.013395312500000001 0.028375925925925926
1 0.2977307291666667 0.012166666666666668 0.012128125 0.015074074074074075
1 0.1511203125 0.1888138888888889 0.013698958333333334 0.01651666666666667
1 0.3318302083333334 0.3004601851851852 0.02199375 0.03240185185185185
1 0.37691979166666667 0.29863657407407407 0.013214583333333333 0.021347222222222222
1 0.38462005208333333 0.34608611111111115 0.011948437499999999 0.023653703703703705
1 0.38487682291666664 0.6096837962962962 0.010378645833333333 0.011960185185185185
1 0.43603177083333333 0.18120092592592593 0.029355208333333334 0.025364814814814812
1 0.4413526041666667 0.21242037037037037 0.012913541666666667 0.017433333333333332
1 0.41851901041666667 0.21887175925925925 0.0099546875 0.024780555555555556
1 0.36739453125000004 0.057226388888888896 0.010830729166666667 0.020008333333333336
1 0.41785729166666663 0.09906620370370371 0.006547916666666666 0.022206481481481483
1 0.5489786458333333 0.06775046296296297 0.090665625 0.0780935185185185
1 0.51715703125 0.05551944444444444 0.021814062500000002 0.025853703703703705
1 0.5674533854166667 0.04591296296296296 0.015115104166666667 0.021455555555555558
1 0.5954205729166666 0.11208194444444444 0.015841145833333334 0.02231203703703704
1 0.5463575520833334 0.2863722222222222 0.011465104166666667 0.01904074074074074
1 0.5785588541666667 0.38857407407407407 0.011284375000000001 0.016037037037037037
1 0.46765885416666664 0.24893240740740738 0.010317708333333333 0.018235185185185184
1 0.49102968750000003 0.27727546296296296 0.0070593750000000005 0.015662037037037037
1 0.03915859375 0.6181787037037038 0.0054005208333333336 0.012283333333333334
1 0.11794661458333335 0.5811787037037037 0.008809895833333333 0.017912962962962964
1 0.28597291666666663 0.7215055555555555 0.005279166666666666 0.015233333333333335
1 0.5638778645833333 0.4833777777777778 0.0079640625 0.026014814814814814
1 0.6965546875 0.9069939814814815 0.027484375000000002 0.036210185185185186
1 0.6812455729166668 0.6315009259259259 0.036449479166666666 0.04633518518518519
1 0.7496653645833333 0.44795416666666665 0.0076640625 0.014426851851851852
1 0.7760963541666667 0.46560138888888886 0.018859375 0.04601759259259259
1 0.7430348958333333 0.5158236111111112 0.015236458333333334 0.027943518518518517
1 0.6897067708333334 0.30670740740740743 0.015871875 0.04119259259259259
1 0.75568828125 0.30141481481481486 0.009293229166666667 0.017644444444444445
1 0.7613950520833334 0.23826250000000002 0.008206770833333333 0.024673148148148145
1 0.7916184895833334 0.24251527777777776 0.010320312500000001 0.023919444444444445
1 0.7841838541666667 0.2820800925925926 0.006909375 0.014160185185185184
1 0.7838341145833333 0.3157171296296296 0.012459895833333333 0.027730555555555557
1 0.7990354166666667 0.3501768518518518 0.015779166666666667 0.02998333333333333
1 0.7470757812500001 0.8584032407407408 0.0097765625 0.02976944444444445
1 0.675440625 0.8573736111111111 0.012339583333333333 0.018450925925925926
1 0.77448671875 0.6727518518518518 0.018765104166666668 0.02328148148148148
1 0.8259190104166667 0.7085546296296297 0.023713020833333334 0.02451666666666667
1 0.80769609375 0.7606087962962963 0.009142187500000001 0.015662037037037037
1 0.8325109375 0.5189768518518518 0.019188541666666666 0.028694444444444443
1 0.7897450520833333 0.5251421296296296 0.010740104166666665 0.016950925925925925
1 0.8222580729166666 0.2806574074074074 0.021599479166666664 0.053907407407407404
1 0.9688973958333332 0.34898564814814814 0.008628124999999999 0.02204537037037037
1 0.9509549479166667 0.40626064814814816 0.009201562500000001 0.01807685185185185
1 0.9673885416666667 0.4179046296296296 0.00769375 0.02655
1 0.9678182291666667 0.4726842592592593 0.0075114583333333335 0.021294444444444446
1 0.9827033854166667 0.5419800925925925 0.008115104166666666 0.022849074074074074
1 0.74236484375 0.913186574074074 0.010771354166666667 0.009706481481481483
1 0.4730921875 0.7727814814814815 0.03472604166666667 0.01593333333333333
1 0.8972161458333333 0.2636462962962963 0.017348958333333334 0.038403703703703704
1 0.66881484375 0.1152763888888889 0.007421354166666667 0.024997222222222223
1 0.6781236979166666 0.7518703703703703 0.0041640625 0.02225925925925926
1 0.6924505208333334 0.9377842592592592 0.0036510416666666666 0.012605555555555556
