2 0.5 0.5 1.0 1.0
1 0.2717184895833333 0.9254865740740741 0.0173953125 0.028750925925925923
1 0.12162526041666667 0.8723074074074074 0.014083854166666666 0.03905925925925926
1 0.34027734375 0.5613893518518519 0.0180546875 0.04129722222222222
1 0.32622734375 0.48612314814814817 0.017038020833333334 0.06669074074074073
1 0.17065755208333336 0.5372680555555556 0.020481770833333336 0.037499074074074074
1 0.10696484375 0.4233550925925926 0.020179687499999998 0.04485833333333333
1 0.06069973958333333 0.48537592592592593 0.04744114583333334 0.11704814814814815
1 0.009320572916666665 0.7435402777777778 0.010307812500000001 0.0352287037037037
1 0.030699479166666665 0.31419074074074077 0.018690625000000002 0.050603703703703706
1 0.026955989583333333 0.3318425925925926 0.011203645833333333 0.015537037037037038
1 0.09848046875000001 0.2494324074074074 0.008419270833333332 0.02479074074074074
1 0.07498958333333333 0.24272037037037034 0.004145833333333333 0.005811111111111111
1 0.08449713541666666 0.2301675925925926 0.0169109375 0.019594444444444442
1 0.08364010416666666 0.26793055555555556 0.007905208333333334 0.03956481481481481
1 0.12792916666666668 0.22856157407407407 0.007941666666666666 0.04230833333333333
1 0.021293229166666663 0.16058472222222223 0.02383645833333333 0.08228055555555555
1 0.27300130208333334 0.11528194444444445 0.021002604166666668 0.03982314814814815
1 0.34373359374999995 0.04268657407407408 0.05413385416666667 0.08537314814814816
1 0.32785911458333333 0.05668425925925926 0.018218229166666666 0.02447962962962963
1 0.5471872395833334 0.03615277777777778 0.0089578125 0.022305555555555554
1 0.6069572916666667 0.08622777777777778 0.01495625 0.022455555555555555
1 0.5822328124999999 0.13733657407407407 0.014465625000000001 0.024673148148148145
1 0.58560625 0.26216342592592595 0.03162916666666667 0.08173425925925926
1 0.5654893229166666 0.3342421296296296 0.0195203125 0.0555212962962963
1 0.48808203125 0.45299953703703705 0.018872395833333333 0.048591666666666665
1 0.48385729166666663 0.5312143518518518 0.01979791666666667 0.027243518518518518
1 0.5525221354166666 0.5941875 0.019627604166666666 0.06615277777777777
1 0.49884140625 0.7274597222222222 0.025807812500000003 0.02158611111111111
1 0.5382057291666666 0.79115 0.008703125 0.017485185185185187
1 0.5956338541666667 0.9847754629629628 0.016267708333333335 0.03066203703703704
1 0.74151953125 0.9600787037037037 0.016372395833333334 0.03126851851851852
1 0.7450192708333333 0.8339791666666666 0.018163541666666668 0.017958333333333333
1 0.7660013020833334 0.9486050925925926 0.008044270833333334 0.019432407407407405
1 0.7144283854166668 0.8817314814814815 0.012190104166666667 0.028277777777777777
1 0.6605744791666667 0.853348611111111 0.008648958333333335 0.017808333333333332
1 0.6714687500000001 0.8882902777777778 0.0116875 0.021025000000000002
1 0.7102005208333334 0.7538212962962962 0.015192708333333334 0.039124074074074075
1 0.7478690104166666 0.7689773148148148 0.007196354166666667 0.013880555555555556
1 0.7620111979166667 0.697101388888889 0.014647395833333333 0.02568425925925926
1 0.7861434895833334 0.876175462962963 0.0212453125 0.06346203703703704
1 0.6820966145833334 0.6896101851851851 0.024609895833333333 0.034775925925925925
1 0.63742734375 0.5055643518518519 0.010271354166666666 0.024091666666666664
1 0.6636653645833334 0.5323046296296297 0.011705729166666668 0.01831296296296296
1 0.7590153645833334 0.025527777777777778 0.027405729166666667 0.019574074074074074
1 0.24619817708333333 0.12109629629629629 0.015313020833333333 0.01997037037037037
1 0.18196302083333335 0.22578703703703704 0.014967708333333333 0.031203703703703706
1 0.22809479166666666 0.2013527777777778 0.009314583333333333 0.011964814814814815
1 0.12224140624999999 0.07529398148148148 0.0101078125 0.024662037037037038
1 0.018054947916666668 0.6262620370370371 0.0152765625 0.045116666666666666
1 0.019609375 0.6252069444444445 0.012135416666666668 0.04485833333333333
1 0.19110234375 0.771762962962963 0.015538020833333333 0.09352592592592592
1 0.34941666666666665 0.7800851851851851 0.007166666666666667 0.024985185185185187
1 0.8661161458333333 0.9855476851851851 0.018690625000000002 0.02850277777777778
1 0.8130611979166668 0.9109754629629631 0.016747395833333335 0.020099074074074075
1 0.8353411458333333 0.9385249999999999 0.019640625000000002 0.027049999999999998
1 0.8944393229166666 0.9155847222222222 0.013878645833333333 0.034873148148148146
1 0.9634067708333334 0.8648259259259259 0.005980208333333333 0.01668888888888889
1 0.9658296875 0.793850462962963 0.014992708333333334 0.058071296296296294
1 0.89500390625 0.5828643518518519 0.0087578125 0.019432407407407405
1 0.8835328125 0.5386726851851852 0.009773958333333332 0.03845648148148148
1 0.8718643229166666 0.48904212962962956 0.005186979166666666 0.02808425925925926
1 0.9358067708333333 0.40301157407407406 0.011196875 0.02824537037037037
1 0.99151328125 0.3138828703703704 0.006984895833333333 0.020358333333333332
1 0.85775390625 0.3119162037037037 0.013424479166666666 0.02568425925925926
1 0.8987783854166668 0.28112638888888886 0.0048484374999999994 0.017808333333333332
1 0.9379458333333334 0.2048537037037037 0.007141666666666667 0.007855555555555555
