2 0.5 0.4715199074074074 1.0 0.9430398148148148
1 0.27968046874999997 0.45588101851851853 0.029152604166666665 0.03583611111111112
1 0.2926625 0.5198171296296297 0.02490833333333333 0.04148611111111111
1 0.6229979166666666 0.3375578703703704 0.013704166666666667 0.04548611111111111
1 0.6180580729166666 0.4922222222222222 0.0215328125 0.04555555555555556
1 0.25773515625 0.4086449074074074 0.0154703125 0.02469722222222222
1 0.3861338541666666 0.5351319444444445 0.018101041666666665 0.03693055555555556
1 0.508853125 0.1589138888888889 0.012497916666666666 0.014124074074074074
1 0.19126796875000002 0.8445125 0.012744270833333333 0.027913888888888887
1 0.2125158854166667 0.6589222222222222 0.027115104166666668 0.05673333333333333
1 0.18490807291666667 0.3134152777777778 0.012524479166666666 0.028682407407407406
1 0.10002760416666666 0.581238888888889 0.028180208333333335 0.0847
1 0.8600437500000001 0.7114097222222222 0.018004166666666665 0.032078703703703706
1 0.90441328125 0.8155439814814816 0.014034895833333333 0.018125
1 0.8505864583333334 0.6291476851851853 0.024089583333333334 0.06385092592592592
1 0.85285625 0.25837175925925926 0.013004166666666667 0.04637314814814815
1 0.8297169270833333 0.33499398148148146 0.013600520833333333 0.02739537037037037
1 0.6886351562499999 0.1401462962962963 0.015811979166666667 0.017329629629629632
1 0.29314375 0.7035101851851853 0.012329166666666667 0.05887222222222222
1 0.5793111979166666 0.029625925925925924 0.023205729166666668 0.03517777777777777
1 0.6059520833333334 0.04297129629629629 0.0077375 0.02297962962962963
1 0.8375796875 0.39545601851851847 0.017867708333333333 0.018689814814814815
1 0.10455729166666666 0.08083240740740741 0.015364583333333333 0.024627777777777776
1 0.72436484375 0.1290439814814815 0.04768802083333334 0.1377175925925926
