2 0.49973958333333335 0.538425925925926 0.9994791666666667 0.9231481481481482
1 0.35182291666666665 0.5 0.028645833333333332 0.046296296296296294
1 0.73359375 0.5675925925925925 0.04739583333333333 0.05
1 0.65546875 0.1625 0.021354166666666667 0.028703703703703703
1 0.40182291666666664 0.8949074074074074 0.027604166666666666 0.049074074074074076
1 0.7825520833333334 0.8310185185185185 0.016145833333333335 0.058333333333333334
1 0.8419270833333333 0.8263888888888888 0.009895833333333333 0.041666666666666664
1 0.3296875 0.6217592592592592 0.0125 0.030555555555555555
1 0.5450520833333333 0.09027777777777778 0.009895833333333333 0.025
1 0.17786458333333333 0.7310185185185185 0.013020833333333334 0.021296296296296296
1 0.8859671875 0.6046296296296296 0.016726041666666667 0.03148148148148148
1 0.90234375 0.7824074074074074 0.0171875 0.03888888888888889
1 0.9916666666666667 0.8930555555555556 0.015625 0.028703703703703703
1 0.7971354166666667 0.9569444444444445 0.0078125 0.025
