2 0.5252492187500001 0.5791643518518518 0.9494567708333334 0.841662037037037
1 0.36720755208333333 0.34118657407407404 0.010456770833333334 0.017558333333333336
1 0.31703333333333333 0.22008842592592592 0.006983333333333333 0.012399074074074075
1 0.390109375 0.4684564814814815 0.015635416666666666 0.029505555555555556
1 0.3132111979166667 0.5069351851851852 0.007672395833333333 0.017574074074074075
1 0.3116895833333333 0.6703648148148148 0.007754166666666667 0.016655555555555555
1 0.317953125 0.7891092592592593 0.022364583333333334 0.04303333333333333
1 0.43980182291666664 0.4425541666666667 0.0306453125 0.02955277777777778
1 0.49174687499999997 0.4895375 0.02724375 0.04574166666666667
1 0.5309921875 0.4368944444444445 0.022401041666666666 0.0811962962962963
1 0.5973213541666667 0.39531620370370374 0.011309375 0.029521296296296295
1 0.6374765625 0.4355837962962963 0.013494791666666667 0.01931574074074074
1 0.5875330729166667 0.5058013888888888 0.024024479166666668 0.019010185185185186
1 0.5725953125000001 0.48674212962962965 0.007690625 0.017928703703703704
1 0.5174325520833334 0.7127787037037038 0.0369484375 0.04037222222222222
1 0.5165830729166667 0.6767180555555555 0.011291145833333332 0.018250925925925924
1 0.4740388020833333 0.9668726851851852 0.0126609375 0.02078240740740741
1 0.5087395833333334 0.9845078703703702 0.012270833333333333 0.011608333333333333
1 0.49624036458333337 0.9606597222222223 0.006022395833333334 0.012060185185185186
1 0.59556328125 0.816675 0.0098765625 0.012979629629629631
1 0.5994705729166667 0.8005185185185185 0.008316145833333333 0.017703703703703704
1 0.6427703124999999 0.5161037037037037 0.005332291666666667 0.02665185185185185
1 0.8555148437500001 0.2438962962962963 0.012071354166666666 0.011866666666666668
1 0.8924231770833334 0.5465337962962963 0.007763020833333333 0.04491944444444444
1 0.63173203125 0.18929212962962963 0.0103390625 0.013769444444444445
1 0.3658091145833334 0.3172388888888889 0.0118265625 0.014107407407407409
1 0.35807812499999997 0.6911638888888889 0.011989583333333333 0.04529074074074074
1 0.42129531249999996 0.577275462962963 0.0071739583333333325 0.008254629629629629
