2 0.5 0.47270462962962967 1.0 0.9454092592592593
1 0.47646901041666667 0.5742310185185185 0.0102296875 0.046610185185185185
1 0.6085627604166667 0.7694912037037037 0.0119171875 0.018612037037037035
1 0.3669471354166667 0.31744953703703704 0.017227604166666667 0.025639814814814813
1 0.7549854166666666 0.30891296296296294 0.013095833333333333 0.027085185185185184
1 0.92924765625 0.7081925925925926 0.007453645833333333 0.018237037037037038
1 0.4703065104166667 0.7155847222222222 0.014571354166666666 0.027465740740740742
1 0.9177265625000001 0.15316759259259258 0.011494791666666667 0.03411296296296296
1 0.45053125 0.3167810185185185 0.012520833333333333 0.01689537037037037
1 0.5211328125 0.06860879629629629 0.006848958333333334 0.009439814814814816
1 0.117253125 0.31074583333333333 0.005339583333333333 0.008528703703703703
1 0.06868020833333333 0.04087175925925926 0.0050687499999999995 0.007669444444444444
1 0.24438880208333333 0.6836907407407408 0.0064859374999999995 0.013677777777777778
1 0.7956044270833333 0.6338513888888888 0.0057921875000000005 0.013999074074074074
1 0.9208848958333333 0.508313425925926 0.005311458333333334 0.01662685185185185
1 0.5210041666666666 0.25284259259259256 0.007633333333333334 0.005685185185185185
