2 0.5 0.46135601851851854 1.0 0.9227120370370371
1 0.28817552083333337 0.8650708333333332 0.03989270833333333 0.06162314814814814
1 0.7421770833333333 0.6179486111111111 0.01872916666666667 0.030341666666666666
1 0.42621015624999997 0.4884476851851852 0.012836979166666667 0.032450925925925925
1 0.5802494791666667 0.08524583333333334 0.013623958333333333 0.05197314814814815
1 0.3722067708333333 0.3063666666666666 0.018371875 0.02199259259259259
1 0.5588122395833334 0.2518175925925926 0.012416145833333333 0.025857407407407405
1 0.82790234375 0.13548148148148148 0.024554687500000002 0.06355555555555556
1 0.165825 0.02520787037037037 0.017066666666666667 0.02819351851851852
1 0.18516484375 0.2828587962962963 0.0078296875 0.047199074074074074
1 0.055257812499999996 0.1551560185185185 0.006348958333333333 0.015867592592592593
1 0.07003333333333334 0.1666652777777778 0.008816666666666667 0.018515740740740742
1 0.19790234375000001 0.3824300925925926 0.010388020833333334 0.018563888888888887
1 0.028074479166666666 0.7741537037037037 0.007190625 0.013122222222222223
1 0.3207872395833334 0.6689962962962963 0.008241145833333333 0.017622222222222223
1 0.6470981770833333 0.8320157407407407 0.010863020833333332 0.017735185185185184
1 0.9766859375 0.533337037037037 0.009621875 0.057414814814814814
1 0.9477010416666667 0.34024351851851853 0.009985416666666667 0.02493148148148148
1 0.8333731770833332 0.18751388888888887 0.014663020833333333 0.028731481481481483
1 0.68515546875 0.16115833333333332 0.009894270833333333 0.01490925925925926
1 0.4786223958333334 0.0800425925925926 0.009328125 0.01749259259259259
