2 0.5 0.4956226851851852 1.0 0.9912453703703704
1 0.07665494791666667 0.9799726851851852 0.009559895833333333 0.01920462962962963
1 0.05749114583333333 0.8618962962962963 0.005607291666666667 0.01082962962962963
1 0.020375260416666666 0.6736898148148148 0.012625520833333332 0.038120370370370374
1 0.04979453125 0.5488800925925925 0.006880729166666667 0.03109351851851852
1 0.33805390625 0.40078657407407403 0.0261078125 0.06638796296296297
1 0.434690625 0.44393518518518515 0.030839583333333333 0.03601851851851852
1 0.4204528645833333 0.38170740740740744 0.015905729166666667 0.057859259259259256
1 0.3499684895833333 0.4855819444444444 0.012436979166666667 0.037830555555555555
1 0.3747903645833333 0.45942361111111113 0.016247395833333334 0.024402777777777777
1 0.377784375 0.3800875 0.010777083333333333 0.03239722222222222
1 0.36390833333333333 0.4032925925925926 0.0049 0.02325185185185185
1 0.34727578124999997 0.1032050925925926 0.006009895833333333 0.01011388888888889
1 0.49439739583333336 0.20352129629629628 0.016919791666666666 0.029264814814814816
1 0.45587109375 0.19386574074074073 0.0148671875 0.02662037037037037
1 0.5552273437499999 0.19028101851851853 0.011496354166666667 0.0472287037037037
1 0.45955546875 0.06731805555555556 0.008694270833333333 0.01241388888888889
1 0.5260856770833333 0.07656666666666667 0.039671354166666666 0.04942962962962963
1 0.5158203125 0.09992407407407408 0.014973958333333334 0.02392222222222222
1 0.5643156250000001 0.11755092592592592 0.009881250000000001 0.01473148148148148
1 0.6283588541666667 0.09231527777777779 0.010884375 0.021667592592592592
1 0.6122432291666667 0.13057500000000002 0.015111458333333333 0.020409259259259262
1 0.6115080729166666 0.2200638888888889 0.029266145833333333 0.05123888888888889
1 0.715553125 0.21811666666666668 0.04048125 0.05845555555555555
1 0.6429526041666667 0.057522222222222225 0.004655208333333333 0.013192592592592593
1 0.6893091145833333 0.10869212962962964 0.012993229166666667 0.02849537037037037
1 0.7172973958333333 0.3444069444444444 0.011678125000000001 0.03325833333333333
1 0.7201989583333333 0.4037574074074074 0.0049812500000000004 0.011218518518518518
1 0.702559375 0.3198601851851852 0.007202083333333333 0.015646296296296297
1 0.7256044270833333 0.5503814814814815 0.008500520833333334 0.01742962962962963
1 0.7248351562500001 0.6011013888888889 0.011128645833333334 0.022573148148148148
1 0.92870625 0.6554569444444445 0.012620833333333333 0.027580555555555556
1 0.6071484374999999 0.47059166666666663 0.012213541666666666 0.015257407407407409
1 0.5493252604166667 0.8781407407407408 0.02052552083333333 0.03220740740740741
1 0.5110263020833333 0.8967342592592592 0.0303859375 0.03420925925925926
1 0.48790546875 0.8983009259259259 0.0164359375 0.02623148148148148
1 0.45071380208333334 0.8618009259259259 0.0128859375 0.018046296296296296
1 0.495715625 0.8487356481481482 0.01018125 0.027100925925925924
1 0.5104062500000001 0.784088425925926 0.006229166666666667 0.020028703703703705
1 0.5169283854166667 0.7444069444444444 0.008856770833333333 0.022147222222222224
1 0.5607231770833334 0.747688425925926 0.016238020833333332 0.0472287037037037
1 0.5334578125 0.7820537037037038 0.008582291666666667 0.010403703703703705
1 0.5243377604166667 0.7932101851851853 0.004925520833333334 0.010494444444444443
1 0.46510859375 0.7149717592592593 0.0145921875 0.02994351851851852
1 0.47885416666666664 0.7096180555555556 0.010833333333333334 0.024791666666666667
1 0.48361015625000003 0.6694564814814815 0.015136979166666667 0.02595
1 0.47021406250000003 0.7020624999999999 0.007094791666666667 0.01523611111111111
1 0.4672328125 0.7477217592592592 0.010507291666666667 0.017665740740740742
1 0.42037994791666666 0.8779189814814815 0.027218229166666667 0.03546759259259259
1 0.3506171875 0.8476046296296297 0.012692708333333334 0.048912962962962964
1 0.29058255208333333 0.8698828703703703 0.009290104166666667 0.015691666666666666
1 0.29230911458333336 0.7971861111111112 0.032534895833333334 0.08881666666666667
1 0.3916653645833333 0.7092453703703704 0.018747395833333333 0.053675925925925926
1 0.3516036458333333 0.5947925925925925 0.024040625 0.054400000000000004
1 0.41532760416666664 0.6655509259259259 0.010863541666666667 0.042212962962962966
1 0.1036609375 0.2054912037037037 0.006280208333333333 0.014686111111111112
1 0.7938338541666667 0.19344999999999998 0.0064177083333333326 0.010974074074074074
1 0.6731419270833333 0.0543212962962963 0.005658854166666667 0.010494444444444443
1 0.4863986979166667 0.7838212962962964 0.01863072916666667 0.02690185185185185
1 0.48745104166666664 0.807525925925926 0.01656875 0.028014814814814815
1 0.45446041666666664 0.7924143518518518 0.012045833333333334 0.036680555555555557
1 0.5110169270833333 0.873975462962963 0.015783854166666667 0.02017314814814815
