2 0.5213541666666667 0.5805555555555556 0.95625 0.837037037037037
1 0.4348958333333333 0.9259259259259259 0.011458333333333333 0.022222222222222223
1 0.4817708333333333 0.937962962962963 0.00625 0.016666666666666666
1 0.49973958333333335 0.899074074074074 0.019270833333333334 0.024074074074074074
1 0.5278645833333333 0.8361111111111111 0.0067708333333333336 0.011111111111111112
1 0.5239583333333333 0.8013888888888889 0.009375 0.017592592592592594
1 0.7736979166666667 0.9180555555555555 0.0109375 0.028703703703703703
1 0.8653645833333333 0.9384259259259259 0.0078125 0.01574074074074074
1 0.925 0.9490740740740741 0.005208333333333333 0.011111111111111112
1 0.88515625 0.6282407407407408 0.0078125 0.01574074074074074
1 0.7786458333333334 0.4185185185185185 0.007291666666666667 0.027777777777777776
1 0.7994791666666666 0.4217592592592593 0.005208333333333333 0.019444444444444445
1 0.8328125 0.5111111111111111 0.00625 0.014814814814814815
1 0.7111979166666667 0.4361111111111111 0.011979166666666667 0.02962962962962963
1 0.6861979166666666 0.4305555555555556 0.0109375 0.016666666666666666
1 0.5138020833333333 0.43703703703703706 0.0140625 0.027777777777777776
1 0.5333333333333333 0.4699074074074074 0.025 0.06388888888888888
1 0.5328125 0.37407407407407406 0.008333333333333333 0.014814814814814815
1 0.52578125 0.28703703703703703 0.009895833333333333 0.03518518518518519
1 0.790625 0.399537037037037 0.005208333333333333 0.008333333333333333
1 0.8083333333333333 0.387037037037037 0.004166666666666667 0.011111111111111112
