2 0.49655494791666666 0.4530175925925926 0.9931098958333333 0.9060351851851852
1 0.70829609375 0.7399810185185185 0.012425520833333334 0.02070277777777778
1 0.65065234375 0.7915194444444444 0.009638020833333334 0.018224074074074073
1 0.92158671875 0.6165435185185185 0.0056734375000000005 0.021975925925925927
1 0.7359270833333333 0.615500462962963 0.01872916666666667 0.04581574074074074
1 0.6514755208333334 0.5617 0.010242708333333333 0.01414074074074074
1 0.7163200520833333 0.5338546296296296 0.011806770833333334 0.023264814814814815
1 0.7079119791666667 0.6493615740740741 0.009573958333333334 0.006130555555555556
1 0.6474901041666666 0.6506652777777777 0.010605208333333333 0.02355277777777778
1 0.5937356770833334 0.5726583333333334 0.010388020833333334 0.015687037037037038
1 0.6924359375000001 0.5124263888888888 0.009871875 0.011889814814814815
1 0.6937609375 0.5525245370370371 0.005230208333333333 0.008752777777777778
1 0.7583046875 0.4431541666666666 0.012442708333333333 0.01964166666666667
1 0.7753841145833333 0.3282106481481481 0.011184895833333335 0.019384259259259257
1 0.5485083333333333 0.24592453703703704 0.013683333333333332 0.01962685185185185
1 0.46828020833333334 0.13596712962962965 0.02197708333333333 0.049712037037037034
1 0.45672916666666663 0.1917259259259259 0.03741666666666667 0.05567407407407408
1 0.27784010416666666 0.07354351851851851 0.018180208333333333 0.028568518518518517
1 0.24667604166666665 0.09009907407407408 0.008977083333333333 0.024642592592592594
1 0.30378645833333334 0.17036712962962963 0.016947916666666667 0.03888240740740741
1 0.018713541666666667 0.18453287037037036 0.008260416666666666 0.04869537037037037
1 0.33741458333333335 0.2417699074074074 0.024829166666666666 0.03909537037037037
1 0.3192169270833333 0.2426652777777778 0.0123921875 0.06310833333333334
1 0.34533072916666663 0.2877763888888889 0.03753645833333333 0.044071296296296296
1 0.40118125 0.3950342592592593 0.0179875 0.027105555555555556
1 0.29219088541666666 0.34980185185185186 0.012506770833333335 0.025529629629629628
1 0.2532317708333333 0.4599226851851852 0.010630208333333334 0.025400925925925927
1 0.2150046875 0.5343712962962963 0.018551041666666667 0.037261111111111106
1 0.13834192708333332 0.35521851851851854 0.0100171875 0.01414074074074074
1 0.005273177083333334 0.313900462962963 0.007421354166666667 0.02409722222222222
1 0.12857916666666666 0.4461175925925926 0.01445 0.03482777777777778
1 0.15002682291666666 0.4759662037037037 0.009428645833333334 0.016747222222222222
1 0.4636401041666666 0.5970768518518518 0.010613541666666667 0.016375925925925926
1 0.41902473958333336 0.6730296296296296 0.0120078125 0.02568888888888889
1 0.16128854166666665 0.522562037037037 0.020493749999999998 0.04697592592592593
1 0.14869947916666665 0.572099074074074 0.020315625 0.016420370370370373
1 0.054786979166666666 0.5965986111111111 0.009573958333333334 0.020974999999999997
1 0.035618750000000005 0.7322273148148148 0.0118625 0.021862037037037037
1 0.04049088541666667 0.7518305555555556 0.0132734375 0.027735185185185186
1 0.08353359375 0.6743018518518519 0.0139421875 0.030085185185185184
