2 0.5002604166666667 0.5319444444444444 0.9994791666666667 0.9342592592592592
1 0.86171875 0.3837962962962963 0.009895833333333333 0.023148148148148147
1 0.8127604166666667 0.7083333333333334 0.015104166666666667 0.03148148148148148
1 0.9591145833333333 0.6625 0.0078125 0.012037037037037037
1 0.8463541666666666 0.48055555555555557 0.007291666666666667 0.03333333333333333
1 0.65625 0.4023148148148148 0.011458333333333333 0.026851851851851852
1 0.5966145833333333 0.5722222222222222 0.0140625 0.022222222222222223
1 0.4752604166666667 0.3787037037037037 0.0078125 0.027777777777777776
1 0.4591145833333333 0.5648148148148148 0.011979166666666667 0.025925925925925925
1 0.8265625 0.9476851851851852 0.008333333333333333 0.01574074074074074
1 0.48098958333333336 0.9319444444444445 0.0234375 0.030555555555555555
1 0.6484375 0.7782407407407408 0.0125 0.008333333333333333
1 0.8033854166666666 0.836574074074074 0.008854166666666666 0.026851851851851852
1 0.8447916666666667 0.9296296296296296 0.005208333333333333 0.014814814814814815
1 0.8578125 0.9018518518518519 0.007291666666666667 0.012962962962962963
1 0.9794270833333333 0.788425925925926 0.008854166666666666 0.03425925925925926
1 0.28229166666666666 0.9606481481481481 0.009375 0.013888888888888888
1 0.1140625 0.649537037037037 0.008333333333333333 0.05277777777777778
1 0.06328125 0.6726851851851852 0.009895833333333333 0.03796296296296296
1 0.055989583333333336 0.825462962962963 0.0067708333333333336 0.023148148148148147
1 0.2890625 0.7851851851851852 0.017708333333333333 0.037037037037037035
1 0.2890625 0.6805555555555556 0.021875 0.03333333333333333
1 0.2916666666666667 0.6851851851851852 0.015625 0.022222222222222223
1 0.32838541666666665 0.8013888888888889 0.005729166666666666 0.006481481481481481
1 0.3182291666666667 0.8680555555555556 0.007291666666666667 0.010185185185185186
1 0.21979166666666666 0.5504629629629629 0.003125 0.025
1 0.39947916666666666 0.49398148148148147 0.005208333333333333 0.04537037037037037
1 0.4127604166666667 0.40324074074074073 0.0067708333333333336 0.021296296296296296
1 0.41432291666666665 0.6185185185185185 0.0036458333333333334 0.022222222222222223
1 0.4005208333333333 0.5967592592592592 0.005208333333333333 0.013888888888888888
1 0.3453125 0.7523148148148148 0.009375 0.032407407407407406
1 0.05 0.3226851851851852 0.007291666666666667 0.03425925925925926
1 0.07760416666666667 0.17777777777777778 0.009375 0.027777777777777776
1 0.19322916666666667 0.16342592592592592 0.015625 0.032407407407407406
1 0.07421875 0.287962962962963 0.0109375 0.025925925925925925
1 0.052083333333333336 0.2916666666666667 0.009375 0.012962962962962963
1 0.23255208333333333 0.16805555555555557 0.0046875 0.012037037037037037
1 0.475 0.19814814814814816 0.016666666666666666 0.03518518518518519
1 0.6408854166666667 0.23425925925925925 0.0036458333333333334 0.007407407407407408
1 0.5505208333333333 0.25787037037037036 0.004166666666666667 0.006481481481481481
1 0.42604166666666665 0.2638888888888889 0.004166666666666667 0.005555555555555556
1 0.5651041666666666 0.125 0.003125 0.005555555555555556
1 0.08078697916666666 0.42314814814814816 0.016782291666666668 0.08333333333333333
