2 0.49973958333333335 0.5310185185185186 0.9994791666666667 0.9361111111111111
1 0.3515625 0.3226851851851852 0.01875 0.019444444444444445
1 0.3645833333333333 0.2824074074074074 0.010416666666666666 0.018518518518518517
1 0.3796875 0.32592592592592595 0.0125 0.012962962962962963
1 0.32265625 0.32222222222222224 0.013020833333333334 0.03888888888888889
1 0.39296875 0.4185185185185185 0.0140625 0.027777777777777776
1 0.39036458333333335 0.3837962962962963 0.011979166666666667 0.013888888888888888
1 0.3203125 0.6060185185185185 0.010416666666666666 0.025
1 0.32890625 0.600462962962963 0.025520833333333333 0.03425925925925926
1 0.27890625 0.5768518518518518 0.013020833333333334 0.03518518518518519
1 0.28098958333333335 0.6675925925925926 0.0078125 0.03148148148148148
1 0.28671875 0.6578703703703703 0.0109375 0.019444444444444445
1 0.20703125 0.7430555555555556 0.0140625 0.023148148148148147
1 0.3528645833333333 0.8981481481481481 0.011979166666666667 0.027777777777777776
1 0.49114583333333334 0.9212962962962963 0.00625 0.011111111111111112
1 0.6755208333333333 0.986574074074074 0.01875 0.025
1 0.834375 0.8578703703703704 0.013541666666666667 0.028703703703703703
1 0.9036458333333334 0.8680555555555556 0.00625 0.01574074074074074
1 0.81796875 0.725462962962963 0.016145833333333335 0.019444444444444445
1 0.4986979166666667 0.5935185185185186 0.008854166666666666 0.014814814814814815
1 0.8244791666666667 0.4 0.013541666666666667 0.02962962962962963
1 0.8294270833333334 0.6356481481481482 0.0171875 0.028703703703703703
1 0.8572916666666667 0.5657407407407408 0.009375 0.024074074074074074
1 0.8541666666666666 0.6731481481481482 0.007291666666666667 0.024074074074074074
1 0.9497395833333333 0.6787037037037037 0.0067708333333333336 0.025925925925925925
