2 0.49973958333333335 0.5148148148148148 0.9994791666666667 0.9685185185185186
1 0.18020833333333333 0.2162037037037037 0.015625 0.023148148148148147
1 0.16796875 0.6722222222222223 0.0109375 0.020370370370370372
1 0.2640625 0.8055555555555556 0.016666666666666666 0.046296296296296294
1 0.5015625 0.586574074074074 0.010416666666666666 0.04722222222222222
1 0.49661458333333336 0.8152777777777778 0.015104166666666667 0.049074074074074076
1 0.6424479166666667 0.6666666666666666 0.0203125 0.037037037037037035
1 0.6041666666666666 0.5152777777777777 0.025 0.019444444444444445
1 0.49635416666666665 0.3921296296296296 0.023958333333333335 0.03796296296296296
1 0.42213541666666665 0.27175925925925926 0.025520833333333333 0.04722222222222222
1 0.32838541666666665 0.3537037037037037 0.013020833333333334 0.027777777777777776
1 0.18541666666666667 0.35509259259259257 0.008333333333333333 0.013888888888888888
1 0.13541666666666666 0.8291666666666667 0.0125 0.025
1 0.3171875 0.9879629629629629 0.028125 0.022222222222222223
1 0.66484375 0.6546296296296297 0.015104166666666667 0.024074074074074074
1 0.6401041666666667 0.6027777777777777 0.009375 0.022222222222222223
1 0.9408854166666667 0.4217592592592593 0.022395833333333334 0.032407407407407406
1 0.8848958333333333 0.7425925925925926 0.007291666666666667 0.016666666666666666
1 0.86796875 0.8337962962962963 0.005729166666666666 0.019444444444444445
1 0.33984375 0.7916666666666666 0.011979166666666667 0.025925925925925925
1 0.2713541666666667 0.8893518518518518 0.008333333333333333 0.03425925925925926
1 0.12526041666666668 0.8930555555555556 0.0067708333333333336 0.019444444444444445
1 0.45625 0.5949074074074074 0.017708333333333333 0.030555555555555555
1 0.3263020833333333 0.4976851851851852 0.0171875 0.030555555555555555
1 0.35260416666666666 0.5532407407407407 0.025 0.017592592592592594
1 0.3809895833333333 0.5782407407407407 0.016145833333333335 0.026851851851851852
1 0.46380208333333334 0.11527777777777778 0.0140625 0.010185185185185186
1 0.4861979166666667 0.09259259259259259 0.0234375 0.03888888888888889
1 0.7799479166666666 0.5055555555555555 0.009895833333333333 0.016666666666666666
