2 0.5 0.5217930555555556 1.0 0.9565490740740742
1 0.79590859375 0.15481851851851852 0.0168171875 0.046674074074074076
1 0.7726848958333333 0.10821851851851852 0.022453125 0.04791851851851852
1 0.8089278645833333 0.19254305555555556 0.0074390624999999995 0.02582685185185185
1 0.7916942708333334 0.20321805555555555 0.004221875 0.011991666666666668
1 0.7839901041666667 0.19507037037037037 0.0054802083333333335 0.008659259259259259
1 0.6946979166666666 0.18466249999999998 0.008145833333333333 0.010065740740740741
1 0.5679138020833334 0.40561157407407405 0.02020260416666667 0.046408333333333336
1 0.5555252604166667 0.4917416666666667 0.0214671875 0.057557407407407404
1 0.583384375 0.5983615740740741 0.02614375 0.033760185185185185
1 0.6042739583333333 0.6063638888888889 0.01375625 0.0312462962962963
1 0.6149382812499999 0.5536074074074073 0.015293229166666667 0.02017777777777778
1 0.5370268229166667 0.7023949074074074 0.026136979166666668 0.06404907407407408
1 0.6212841145833334 0.709099074074074 0.014443229166666667 0.02930925925925926
1 0.35568984374999996 0.2306236111111111 0.010338020833333333 0.027913888888888887
1 0.36588046875 0.2792351851851852 0.0161359375 0.039951851851851856
1 0.43722473958333335 0.2265675925925926 0.0077828125 0.012394444444444444
1 0.3666033854166667 0.13647916666666668 0.009248437500000001 0.02851388888888889
1 0.8064729166666668 0.047221759259259255 0.0077375 0.009258333333333334
1 0.6590515625 0.35174490740740744 0.010811458333333333 0.025712037037037037
1 0.9563614583333333 0.8110092592592593 0.006472916666666667 0.010907407407407407
1 0.7641682291666666 0.6096412037037037 0.017919791666666667 0.03039351851851852
1 0.4408755208333333 0.8058041666666667 0.011959375 0.015312037037037035
1 0.21053229166666665 0.9952347222222222 0.01273125 0.008987962962962963
1 0.32125052083333333 0.6031597222222222 0.013334375 0.02113425925925926
1 0.2115263020833333 0.7432550925925926 0.005344270833333333 0.010584259259259259
1 0.18795963541666666 0.8224324074074074 0.0082109375 0.017087037037037036
1 0.158165625 0.8141972222222222 0.011122916666666668 0.017283333333333335
1 0.24053697916666666 0.33706990740740744 0.010240625 0.013028703703703704
1 0.14290963541666668 0.3816143518518519 0.0087359375 0.024339814814814814
1 0.0028294270833333335 0.3914782407407407 0.005658854166666667 0.019993518518518518
1 0.018866406250000002 0.5578226851851852 0.0054411458333333326 0.024904629629629627
1 0.0989484375 0.5001842592592592 0.005188541666666667 0.009627777777777777
1 0.14127213541666667 0.6818675925925927 0.0054609375 0.010031481481481481
1 0.16446302083333333 0.668100925925926 0.010176041666666667 0.006572222222222222
