2 0.5 0.5 1.0 1.0
1 0.15500989583333336 0.0872300925925926 0.008978125 0.035571296296296295
1 0.15763307291666667 0.22185648148148146 0.014224479166666667 0.0344537037037037
1 0.3486356770833333 0.38812731481481483 0.010813020833333332 0.024402777777777777
1 0.14890078125 0.84955 0.011343229166666666 0.03428518518518518
1 0.17529010416666668 0.8607606481481481 0.009955208333333333 0.03263240740740741
1 0.6931265625 0.9527101851851851 0.025836458333333333 0.05542037037037037
1 0.09852395833333333 0.918761111111111 0.012672916666666667 0.031966666666666664
1 0.07125989583333332 0.6530782407407407 0.007103125 0.019119444444444446
1 0.17316197916666667 0.39743333333333336 0.0077822916666666665 0.02079259259259259
1 0.8733770833333333 0.625724537037037 0.016545833333333333 0.05885648148148148
1 0.81746796875 0.5162125 0.008894270833333334 0.019462037037037035
1 0.8779716145833334 0.4384550925925926 0.012193229166666668 0.02135462962962963
1 0.9517377604166666 0.5647861111111112 0.015975520833333333 0.031424074074074076
1 0.9878515625 0.6347435185185185 0.016328125000000002 0.04356111111111111
1 0.8292450520833333 0.9788578703703704 0.015781770833333333 0.042900925925925926
1 0.5778015624999999 0.9071226851851851 0.012894791666666666 0.029060185185185185
1 0.8347518229166667 0.6136643518518519 0.019503645833333336 0.03288425925925926
1 0.5115783854166667 0.26056944444444446 0.010656770833333332 0.03780555555555555
1 0.4384927083333333 0.8330171296296296 0.01031875 0.012330555555555556
1 0.47302864583333337 0.7045523148148148 0.012723958333333334 0.036882407407407405
1 0.024958593749999997 0.6247828703703704 0.004083854166666667 0.010676851851851852
1 0.040653645833333335 0.602524074074074 0.006307291666666667 0.014307407407407408
1 0.40826484375 0.4618597222222222 0.011321354166666665 0.03112685185185185
1 0.7978611979166667 0.10968055555555556 0.0155140625 0.03417592592592592
