2 0.5 0.49369675925925927 1.0 0.9873935185185185
1 0.06196796875 0.09710972222222222 0.01872760416666667 0.06458981481481482
1 0.23357239583333333 0.033216203703703706 0.012978125 0.03124722222222222
1 0.4782953125 0.37996157407407405 0.02638229166666667 0.06733055555555556
1 0.07703046875000001 0.6052675925925926 0.009269270833333334 0.04201666666666667
1 0.03932421875 0.17381064814814814 0.0130234375 0.055028703703703705
1 0.5476361979166666 0.05518101851851852 0.0150640625 0.019621296296296296
1 0.6826947916666666 0.09244537037037036 0.00705625 0.021927777777777775
1 0.6929760416666666 0.13094722222222221 0.015118749999999999 0.03411666666666666
1 0.7511067708333333 0.10801342592592593 0.017838541666666666 0.05491574074074074
1 0.8863690104166667 0.23361296296296297 0.031071354166666666 0.03574444444444445
1 0.8993119791666667 0.26048333333333334 0.007998958333333334 0.02652222222222222
1 0.9793885416666667 0.28701620370370373 0.013985416666666667 0.031439814814814816
1 0.7845403645833334 0.32859074074074074 0.018039062499999998 0.0257
1 0.8954252604166667 0.4899680555555555 0.0137671875 0.0651212962962963
1 0.87800703125 0.6007259259259259 0.028930729166666665 0.04034074074074074
1 0.9010377604166667 0.5955226851851851 0.008325520833333332 0.05030462962962963
1 0.7362263020833333 0.4592050925925926 0.0057859375 0.029521296296296295
1 0.8992408854166667 0.9118356481481482 0.009940104166666667 0.03848611111111111
1 0.8776630208333334 0.7897125 0.014701041666666666 0.05535092592592593
1 0.9114940104166667 0.857637962962963 0.013613020833333333 0.03379444444444444
1 0.94143984375 0.9068606481481482 0.0141296875 0.026684259259259258
1 0.80158984375 0.9171467592592593 0.0219296875 0.034293518518518515
1 0.7039197916666667 0.8281351851851851 0.010964583333333333 0.030344444444444445
1 0.7150854166666666 0.8649208333333334 0.013504166666666668 0.01502685185185185
1 0.7165638020833334 0.7472439814814815 0.009169270833333333 0.022265740740740742
1 0.8479684895833334 0.6118990740740741 0.0105203125 0.03676111111111111
1 0.8716658854166667 0.6327967592592592 0.0131234375 0.030408333333333336
1 0.851934375 0.6611398148148148 0.008035416666666666 0.020427777777777777
1 0.8850317708333333 0.6755388888888889 0.022146875 0.03811481481481482
1 0.6959104166666666 0.5426861111111111 0.007445833333333333 0.02055740740740741
1 0.7927833333333333 0.4035990740740741 0.011608333333333333 0.03867962962962963
1 0.8243229166666667 0.5050439814814814 0.03197916666666666 0.058236111111111113
1 0.7019682291666667 0.5802499999999999 0.018519791666666667 0.04012962962962963
1 0.838746875 0.9184657407407407 0.009785416666666666 0.031375925925925925
1 0.8673643229166667 0.9669166666666666 0.03681197916666667 0.03938888888888889
1 0.8443434895833334 0.3035574074074074 0.007436979166666666 0.03674444444444444
1 0.90102890625 0.39515277777777774 0.015599479166666668 0.038453703703703705
1 0.70683828125 0.4735592592592593 0.006384895833333334 0.013785185185185185
1 0.7403432291666667 0.5612953703703704 0.005686458333333333 0.01147962962962963
