2 0.51362265625 0.5718509259259259 0.9730786458333333 0.8566648148148148
1 0.9373502604166667 0.5068287037037037 0.015325520833333333 0.02662037037037037
1 0.9703171875 0.5428560185185185 0.008342708333333334 0.03200833333333333
1 0.8902846354166667 0.6335087962962963 0.008694270833333333 0.022573148148148148
1 0.41954140624999997 0.5905430555555556 0.011999479166666667 0.023678703703703705
1 0.4510997395833333 0.6700703703703704 0.014699479166666666 0.021622222222222223
1 0.34058645833333334 0.8491620370370371 0.006172916666666667 0.009435185185185185
1 0.77213046875 0.5875250000000001 0.0098859375 0.019494444444444443
1 0.6254096354166666 0.9875861111111112 0.009152604166666667 0.014061111111111111
1 0.8967229166666667 0.7318856481481482 0.009070833333333334 0.021178703703703703
1 0.6716888020833333 0.8443759259259259 0.005877604166666666 0.010974074074074074
1 0.6087302083333334 0.4941513888888889 0.011210416666666667 0.01978425925925926
1 0.54726953125 0.396975 0.004955729166666667 0.012468518518518518
1 0.6325640625 0.42138425925925926 0.004711458333333333 0.0057314814814814815
1 0.7199354166666667 0.5816532407407408 0.0034124999999999997 0.007750925925925927
1 0.50571875 0.4764481481481481 0.004145833333333333 0.014007407407407408
1 0.48938828125 0.7550069444444445 0.004818229166666666 0.010013888888888888
1 0.9435190104166666 0.6128685185185185 0.0068296875 0.034996296296296296
1 0.08300546874999999 0.3041990740740741 0.010802604166666667 0.006546296296296297
