2 0.5026041666666666 0.5486111111111112 0.99375 0.9009259259259259
1 0.46119791666666665 0.6175925925925926 0.013020833333333334 0.044444444444444446
1 0.44114583333333335 0.43657407407407406 0.013541666666666667 0.021296296296296296
1 0.38723958333333336 0.7972222222222223 0.0140625 0.02962962962962963
1 0.34140625 0.5046296296296297 0.0078125 0.03148148148148148
1 0.2911458333333333 0.5740740740740741 0.014583333333333334 0.03148148148148148
1 0.42552083333333335 0.6523148148148148 0.011458333333333333 0.01574074074074074
1 0.26640625 0.36342592592592593 0.008854166666666666 0.021296296296296296
1 0.5533854166666666 0.21481481481481482 0.04114583333333333 0.06296296296296296
1 0.42083333333333334 0.42268518518518516 0.016666666666666666 0.026851851851851852
1 0.7421875 0.6851851851851852 0.007291666666666667 0.014814814814814815
1 0.32005208333333335 0.27314814814814814 0.011979166666666667 0.03148148148148148
1 0.29973958333333334 0.6467592592592593 0.033854166666666664 0.06574074074074074
1 0.2713541666666667 0.8574074074074074 0.023958333333333335 0.037037037037037035
