2 0.4799614583333333 0.4057587962962963 0.9599229166666666 0.8115175925925926
1 0.86557265625 0.6010842592592593 0.016561979166666668 0.05216851851851852
1 0.5913729166666666 0.7244560185185185 0.0087875 0.011875
1 0.5624515625 0.776075462962963 0.025944791666666668 0.06511388888888889
1 0.56821953125 0.7605532407407408 0.012480729166666668 0.032217592592592596
1 0.5281911458333333 0.6508069444444444 0.042840625 0.07013240740740741
1 0.5180281250000001 0.5898615740740741 0.03293125 0.07601944444444445
1 0.5260416666666666 0.581925925925926 0.019791666666666666 0.026814814814814816
1 0.5079828125 0.6042555555555555 0.011798958333333333 0.0474
1 0.5350408854166666 0.4861240740740741 0.007581770833333334 0.016692592592592592
1 0.5053908854166667 0.5393259259259259 0.010781770833333334 0.03791111111111111
1 0.47851484375000003 0.48007916666666667 0.0101546875 0.019417592592592594
1 0.49361875000000005 0.5440837962962963 0.009112499999999999 0.030760185185185182
1 0.44933229166666666 0.5729199074074074 0.010122916666666667 0.049543518518518515
1 0.40703802083333335 0.5122717592592593 0.009909375 0.011580555555555556
1 0.4437744791666667 0.43230555555555555 0.004215625 0.007203703703703704
1 0.43889505208333335 0.45896157407407406 0.0038317708333333333 0.0068120370370370375
1 0.29888333333333333 0.47223194444444444 0.027975000000000003 0.0592787037037037
1 0.31276484375 0.4799069444444444 0.011988020833333333 0.022776851851851854
1 0.2973596354166667 0.5443541666666667 0.0113859375 0.02574537037037037
1 0.2730807291666667 0.5763541666666666 0.018036458333333335 0.05085648148148148
1 0.29791093750000003 0.7115643518518519 0.008321875 0.013869444444444443
1 0.26898671875 0.712500925925926 0.012973437499999999 0.03426111111111111
1 0.243315625 0.7398379629629629 0.011631250000000001 0.03708333333333333
1 0.27762265625 0.3934425925925926 0.014620312500000001 0.03688518518518518
1 0.1806109375 0.3319930555555556 0.013305208333333334 0.032504629629629626
1 0.16720625 0.39458472222222224 0.0125375 0.042873148148148146
1 0.30495520833333334 0.010799537037037038 0.015118749999999999 0.021599074074074076
1 0.32119583333333335 0.003836111111111111 0.009058333333333333 0.007672222222222222
1 0.13928880208333333 0.2469652777777778 0.009827604166666667 0.01800462962962963
1 0.03861848958333333 0.06556111111111111 0.0074453125 0.014455555555555555
1 0.14011354166666665 0.07148148148148148 0.00626875 0.013333333333333334
1 0.02062109375 0.11150972222222222 0.007908854166666666 0.023019444444444447
1 0.015676041666666665 0.1500152777777778 0.005310416666666666 0.012993518518518519
1 0.01048046875 0.2255134259259259 0.006377604166666666 0.032508333333333334
1 0.027666927083333334 0.30580601851851846 0.0199171875 0.10050092592592592
1 0.030609114583333333 0.2743402777777778 0.014343229166666667 0.0394212962962963
1 0.021621875000000002 0.34608657407407406 0.007827083333333333 0.019950925925925928
1 0.05548880208333333 0.3870180555555555 0.008894270833333334 0.027739814814814814
1 0.02451171875 0.37093657407407404 0.010481770833333333 0.028910185185185185
1 0.04710494791666667 0.4347074074074074 0.0046265625 0.021266666666666666
1 0.025350520833333334 0.4235023148148148 0.007992708333333333 0.017375
1 0.01024453125 0.46939722222222224 0.009030729166666666 0.033238888888888894
1 0.03427552083333333 0.49431435185185185 0.0039677083333333335 0.012702777777777776
1 0.06038645833333334 0.5193907407407408 0.0041062500000000005 0.0073
1 0.0606171875 0.5784236111111111 0.0076927083333333335 0.016106481481481482
1 0.03579375 0.5700800925925926 0.0090875 0.030900925925925922
1 0.09034713541666667 0.6160958333333334 0.005694270833333333 0.015524999999999999
1 0.06929401041666666 0.6030203703703704 0.0052546875 0.015300000000000001
1 0.06722473958333335 0.6634888888888889 0.0052828125 0.014014814814814813
