2 0.5 0.47843564814814815 1.0 0.9568712962962963
1 0.6763437499999999 0.9183523148148148 0.0401875 0.057075
1 0.2497671875 0.5500435185185185 0.018284375000000002 0.03156851851851852
1 0.5745346354166667 0.5087912037037037 0.0126109375 0.03239722222222222
1 0.45765911458333336 0.067975 0.010109895833333334 0.052616666666666666
1 0.64355390625 0.34500185185185184 0.019399479166666667 0.019633333333333332
1 0.4635606770833334 0.23837037037037037 0.011496354166666667 0.024888888888888887
1 0.20853177083333332 0.05022175925925926 0.02956354166666667 0.05970277777777778
1 0.87245859375 0.12317546296296294 0.015750520833333333 0.03153611111111111
1 0.830090625 0.37317222222222224 0.009139583333333333 0.046344444444444445
1 0.9692000000000001 0.28246805555555554 0.00715 0.016787962962962963
1 0.95417890625 0.2915259259259259 0.0083578125 0.018237037037037038
1 0.80916015625 0.46676712962962963 0.009986979166666667 0.018719444444444445
1 0.9419208333333333 0.9025574074074073 0.006758333333333334 0.014374074074074074
1 0.6620143229166667 0.7173439814814815 0.007361979166666667 0.018021296296296296
1 0.3253364583333333 0.7862643518518518 0.010047916666666667 0.018824999999999998
1 0.025380989583333333 0.3996444444444444 0.010136979166666667 0.05669629629629629
1 0.0725125 0.2177314814814815 0.01065 0.024351851851851854
1 0.19873359375 0.09947962962962963 0.015175520833333334 0.02858888888888889
1 0.347075 0.1142587962962963 0.009775 0.015554629629629628
1 0.5585567708333333 0.09072083333333333 0.008780208333333334 0.01662685185185185
