2 0.49973958333333335 0.5365740740740741 0.9994791666666667 0.925
1 0.6450520833333333 0.2574074074074074 0.0171875 0.05925925925925926
1 0.640625 0.6324074074074074 0.028125 0.06481481481481481
1 0.6013020833333333 0.6208333333333333 0.0140625 0.028703703703703703
1 0.6122395833333333 0.5851851851851851 0.015104166666666667 0.03518518518518519
1 0.5109375 0.7708333333333334 0.019791666666666666 0.028703703703703703
1 0.5794270833333334 0.8736111111111111 0.019270833333333334 0.021296296296296296
1 0.41302083333333334 0.13564814814814816 0.0125 0.04351851851851852
1 0.08177083333333333 0.9716583333333334 0.019791666666666666 0.047020370370370365
1 0.07734375 0.8675925925925926 0.011979166666666667 0.046296296296296294
1 0.6690104166666667 0.4689814814814815 0.008854166666666666 0.019444444444444445
1 0.9309895833333334 0.22453703703703703 0.011979166666666667 0.04537037037037037
1 0.9244791666666666 0.4009259259259259 0.008333333333333333 0.03518518518518519
1 0.9747395833333333 0.3888888888888889 0.0067708333333333336 0.024074074074074074
1 0.9817708333333334 0.44651574074074074 0.00625 0.030068518518518515
1 0.9614583333333333 0.4310185185185185 0.005208333333333333 0.021296296296296296
1 0.0421875 0.3439814814814815 0.010416666666666666 0.04537037037037037
1 0.08958333333333333 0.49722222222222223 0.011458333333333333 0.03148148148148148
1 0.020572916666666666 0.5527777777777778 0.008854166666666666 0.037037037037037035
