2 0.5 0.5520486111111111 1.0 0.8966898148148148
1 0.29407109375 0.7556481481481482 0.019392187499999998 0.04833333333333334
1 0.32734375 0.9718708333333334 0.025520833333333333 0.05670462962962963
1 0.33193229166666666 0.8955546296296296 0.021156249999999998 0.03370185185185186
1 0.30650052083333335 0.8386138888888889 0.017167708333333333 0.01982037037037037
1 0.17121927083333333 0.9896990740740741 0.019521875 0.02013888888888889
1 0.3480182291666667 0.994676388888889 0.019994791666666668 0.009723148148148147
1 0.03597291666666667 0.8302837962962963 0.0104875 0.017975
1 0.13119947916666666 0.291775462962963 0.014482291666666668 0.01873611111111111
1 0.15967890625 0.3247597222222222 0.007899479166666666 0.019889814814814815
1 0.05566796875 0.3818111111111111 0.0082109375 0.03954814814814815
1 0.013316406250000001 0.5127773148148148 0.008924479166666667 0.036665740740740735
1 0.33354348958333335 0.14112453703703703 0.0160453125 0.041508333333333335
1 0.4638067708333333 0.24685185185185188 0.021363541666666666 0.04555555555555556
1 0.4817942708333333 0.27668472222222223 0.030255208333333335 0.032999074074074077
1 0.5644028645833333 0.2351638888888889 0.0058890625 0.01106851851851852
1 0.5348453125 0.4362666666666667 0.019690625 0.03364444444444444
1 0.45285859375000004 0.399849537037037 0.0150921875 0.018217592592592594
1 0.5014778645833333 0.46981805555555556 0.02899739583333333 0.061858333333333335
1 0.46206614583333333 0.47155 0.01579895833333333 0.06717407407407408
1 0.5965463541666666 0.4750490740740741 0.030592708333333333 0.05009814814814815
1 0.63013671875 0.5435050925925926 0.042565104166666666 0.0981212962962963
1 0.5688643229166667 0.6360175925925926 0.030436979166666666 0.04610925925925926
1 0.5978106770833332 0.7161393518518518 0.02999635416666667 0.03042685185185185
1 0.47378671874999995 0.6581699074074073 0.0131984375 0.02189537037037037
1 0.4928591145833333 0.6592435185185185 0.009676562500000001 0.02033888888888889
1 0.6069294270833333 0.5861597222222222 0.029483854166666667 0.06861574074074074
1 0.5394591145833334 0.7128064814814815 0.0122515625 0.018205555555555555
1 0.6759236979166666 0.4653527777777778 0.0122640625 0.05477962962962963
1 0.47961041666666665 0.560374074074074 0.0165125 0.03741481481481482
1 0.4985104166666667 0.5564092592592593 0.009520833333333334 0.016522222222222223
1 0.6729442708333334 0.5738791666666666 0.009430208333333334 0.029239814814814816
1 0.4777755208333333 0.9082768518518518 0.015967708333333334 0.029516666666666667
1 0.6636518229166666 0.9376611111111111 0.0189703125 0.021618518518518516
1 0.71611875 0.1832615740740741 0.012445833333333333 0.04059722222222222
1 0.43956354166666667 0.8803643518518518 0.010377083333333334 0.02739537037037037
1 0.41914583333333333 0.8658527777777778 0.014333333333333333 0.03540925925925926
1 0.33645625 0.7946930555555556 0.006245833333333334 0.03938611111111111
