2 0.49973958333333335 0.49953703703703706 0.9994791666666667 0.9990740740740741
1 0.3489583333333333 0.5810185185185185 0.040625 0.062037037037037036
1 0.5231770833333333 0.6643518518518519 0.024479166666666666 0.08425925925925926
1 0.728125 0.5449074074074074 0.03333333333333333 0.05092592592592592
1 0.8041666666666667 0.5824074074074074 0.015625 0.03518518518518519
1 0.98671875 0.8078703703703703 0.025520833333333333 0.04351851851851852
1 0.12526041666666668 0.20185185185185187 0.0296875 0.13703703703703704
1 0.16901041666666666 0.12638888888888888 0.009895833333333333 0.023148148148148147
1 0.19505208333333332 0.09259259259259259 0.018229166666666668 0.046296296296296294
1 0.19322916666666667 0.16157407407407406 0.015625 0.03981481481481482
1 0.45729166666666665 0.21342592592592594 0.011458333333333333 0.04537037037037037
1 0.475 0.16805555555555557 0.00625 0.028703703703703703
1 0.3796875 0.18611111111111112 0.014583333333333334 0.040740740740740744
1 0.0203125 0.5050925925925925 0.005208333333333333 0.01574074074074074
1 0.037760416666666664 0.5018518518518519 0.005729166666666666 0.018518518518518517
1 0.08359375 0.4726851851851852 0.0067708333333333336 0.030555555555555555
1 0.3145833333333333 0.7939814814814815 0.022916666666666665 0.05092592592592592
1 0.4010416666666667 0.9611111111111111 0.030208333333333334 0.027777777777777776
1 0.4708333333333333 0.8962962962962963 0.021875 0.044444444444444446
1 0.38333333333333336 0.8976851851851851 0.010416666666666666 0.04351851851851852
1 0.6411458333333333 0.10277777777777777 0.028125 0.03148148148148148
1 0.12109375 0.25046296296296294 0.021354166666666667 0.03425925925925926
1 0.05390625 0.06805555555555555 0.0140625 0.026851851851851852
1 0.027604166666666666 0.5796296296296296 0.014583333333333334 0.044444444444444446
1 0.07395833333333333 0.6101851851851852 0.011458333333333333 0.022222222222222223
1 0.05182291666666667 0.6546296296296297 0.008854166666666666 0.020370370370370372
1 0.024739583333333332 0.6328703703703704 0.0067708333333333336 0.025
1 0.026041666666666668 0.449537037037037 0.00625 0.012037037037037037
1 0.013541666666666667 0.3574074074074074 0.004166666666666667 0.020370370370370372
1 0.04895833333333333 0.3907407407407407 0.005208333333333333 0.014814814814814815
1 0.025520833333333333 0.9222222222222223 0.011458333333333333 0.022222222222222223
1 0.18776041666666668 0.9125 0.008854166666666666 0.012037037037037037
1 0.41770833333333335 0.9398148148148148 0.010416666666666666 0.024074074074074074
1 0.5463541666666667 0.7185185185185186 0.017708333333333333 0.03148148148148148
1 0.47942708333333334 0.6472222222222223 0.018229166666666668 0.08703703703703704
1 0.3221354166666667 0.9388888888888889 0.0078125 0.014814814814814815
1 0.2630208333333333 0.9953703703703703 0.0125 0.007407407407407408
1 0.4395833333333333 0.4203703703703704 0.008333333333333333 0.018518518518518517
1 0.3536458333333333 0.03564814814814815 0.009375 0.023148148148148147
1 0.40729166666666666 0.10138888888888889 0.004166666666666667 0.008333333333333333
1 0.18541666666666667 0.23796296296296296 0.0125 0.03518518518518519
1 0.81484375 0.6217592592592592 0.008854166666666666 0.028703703703703703
1 0.81640625 0.587037037037037 0.0067708333333333336 0.014814814814814815
1 0.7828125 0.5166666666666667 0.05520833333333333 0.09444444444444444
1 0.9739583333333334 0.5532407407407407 0.0125 0.021296296296296296
1 0.9760416666666667 0.6439814814814815 0.005208333333333333 0.008333333333333333
1 0.9411458333333333 0.8319444444444445 0.007291666666666667 0.023148148148148147
1 0.8677083333333333 0.8300925925925926 0.01875 0.019444444444444445
1 0.84296875 0.8157407407407408 0.015104166666666667 0.016666666666666666
1 0.83984375 0.7717592592592593 0.018229166666666668 0.025
1 0.7979166666666667 0.9861111111111112 0.015625 0.025925925925925925
1 0.9151041666666667 0.9425925925925925 0.014583333333333334 0.016666666666666666
