2 0.5 0.48592407407407406 1.0 0.9718481481481481
1 0.90098515625 0.2819689814814815 0.022803645833333334 0.04171574074074074
1 0.15563489583333334 0.7082430555555556 0.023769791666666665 0.07759722222222223
1 0.47702500000000003 0.18888842592592595 0.013425 0.04259166666666667
1 0.3497856770833333 0.6819717592592592 0.0235296875 0.02505462962962963
1 0.7604067708333333 0.700349074074074 0.023938541666666667 0.041438888888888886
1 0.95862578125 0.5154888888888889 0.017251562499999998 0.07727407407407408
1 0.44474401041666667 0.6658231481481482 0.0249046875 0.020535185185185188
1 0.5752494791666667 0.7127226851851852 0.005707291666666667 0.010630555555555556
1 0.7977546875 0.3837930555555556 0.013217708333333333 0.013882407407407408
1 0.8641393229166667 0.40723750000000003 0.0074453125 0.01632685185185185
1 0.84643203125 0.46348240740740737 0.018905729166666666 0.015853703703703703
1 0.057341927083333334 0.07080324074074074 0.009475520833333334 0.015680555555555555
