2 0.48353125 0.5847444444444444 0.9670625 0.8306
1 0.741340625 0.7128722222222222 0.013931250000000001 0.02389259259259259
1 0.6838591145833333 0.7982689814814815 0.0229265625 0.035426851851851855
1 0.5314502604166667 0.7166092592592592 0.011858854166666665 0.020255555555555558
1 0.46575703125 0.6901810185185185 0.011722395833333335 0.017399074074074074
1 0.3058544270833333 0.404312962962963 0.009625520833333335 0.04381111111111111
1 0.583696875 0.22062638888888889 0.01739375 0.030141666666666664
1 0.5691466145833334 0.21839953703703704 0.010168229166666666 0.016428703703703702
1 0.15376744791666666 0.41617916666666666 0.010659895833333332 0.017543518518518517
1 0.16672942708333333 0.7178462962962963 0.024083854166666665 0.03198888888888889
1 0.5742213541666668 0.5154212962962963 0.014067708333333335 0.027138888888888886
1 0.25804348958333334 0.3166351851851852 0.016086979166666668 0.046233333333333335
