2 0.503125 0.5486111111111112 0.9927083333333333 0.9009259259259259
1 0.49375 0.4597222222222222 0.034375 0.05648148148148148
1 0.5208333333333334 0.35185185185185186 0.0125 0.022222222222222223
1 0.18567708333333333 0.5388888888888889 0.013020833333333334 0.024074074074074074
1 0.3138020833333333 0.649537037037037 0.0265625 0.05277777777777778
1 0.36666666666666664 0.9638888888888889 0.017708333333333333 0.03888888888888889
1 0.6002604166666666 0.6759259259259259 0.0171875 0.025925925925925925
1 0.6059895833333333 0.7587962962962963 0.028645833333333332 0.04351851851851852
1 0.6104166666666667 0.7685185185185185 0.016666666666666666 0.025925925925925925
1 0.6359375 0.9685185185185186 0.021875 0.040740740740740744
1 0.6838541666666667 0.4263888888888889 0.013541666666666667 0.03425925925925926
1 0.52734375 0.2902777777777778 0.0067708333333333336 0.01574074074074074
1 0.28880208333333335 0.5819444444444445 0.019270833333333334 0.062037037037037036
1 0.2989583333333333 0.4050925925925926 0.007291666666666667 0.012037037037037037
1 0.46536458333333336 0.2875 0.0171875 0.03981481481481482
1 0.9567708333333333 0.39444444444444443 0.011458333333333333 0.02962962962962963
1 0.9671875 0.3439814814814815 0.009375 0.017592592592592594
1 0.32083333333333336 0.8643518518518518 0.013541666666666667 0.026851851851851852
