2 0.5109375 0.5208333333333334 0.9770833333333333 0.9583333333333334
1 0.31875 0.1439814814814815 0.015625 0.03425925925925926
1 0.32005208333333335 0.5796296296296296 0.0296875 0.03148148148148148
1 0.37161458333333336 0.7430555555555556 0.009895833333333333 0.028703703703703703
1 0.41744791666666664 0.7398148148148148 0.0109375 0.020370370370370372
1 0.48072916666666665 0.30972222222222223 0.007291666666666667 0.010185185185185186
1 0.51015625 0.3125 0.0171875 0.025
1 0.50859375 0.28888888888888886 0.030729166666666665 0.027777777777777776
1 0.36744791666666665 0.4462962962962963 0.022395833333333334 0.011111111111111112
1 0.40338541666666666 0.43703703703703706 0.0078125 0.020370370370370372
1 0.47942708333333334 0.10833333333333334 0.04739583333333333 0.09444444444444444
1 0.4317708333333333 0.16574074074074074 0.014583333333333334 0.022222222222222223
1 0.6375 0.3226851851851852 0.022916666666666665 0.05092592592592592
1 0.6838541666666667 0.3148148148148148 0.027083333333333334 0.044444444444444446
1 0.5807291666666666 0.3509259259259259 0.019791666666666666 0.04814814814814815
1 0.7565104166666666 0.7736111111111111 0.04010416666666667 0.07314814814814814
1 0.4171875 0.3527777777777778 0.005208333333333333 0.007407407407407408
1 0.6190104166666667 0.12546296296296297 0.0078125 0.01574074074074074
1 0.7609375 0.10601851851851851 0.007291666666666667 0.021296296296296296
1 0.86015625 0.16712962962962963 0.0171875 0.021296296296296296
1 0.4276041666666667 0.9300925925925926 0.019791666666666666 0.03425925925925926
1 0.44765625 0.9541666666666667 0.016145833333333335 0.023148148148148147
1 0.5309895833333333 0.8398148148148148 0.011979166666666667 0.02962962962962963
1 0.7869791666666667 0.9879629629629629 0.013541666666666667 0.022222222222222223
1 0.9736979166666667 0.2777777777777778 0.0171875 0.08148148148148149
1 0.98125 0.3138888888888889 0.00625 0.012962962962962963
1 0.9614583333333333 0.5694444444444444 0.034375 0.08888888888888889
1 0.99296875 0.6805555555555556 0.013020833333333334 0.02962962962962963
1 0.66015625 0.9731481481481481 0.011979166666666667 0.03518518518518519
1 0.8174479166666667 0.8023148148148148 0.0203125 0.05462962962962963
1 0.9276041666666667 0.9347222222222222 0.008333333333333333 0.01574074074074074
1 0.9513020833333333 0.9287037037037037 0.011979166666666667 0.018518518518518517
1 0.8372395833333334 0.8967592592592593 0.0067708333333333336 0.010185185185185186
1 0.5731770833333333 0.8939814814814815 0.005729166666666666 0.019444444444444445
