2 0.5 0.46557731481481485 1.0 0.9311546296296297
1 0.22755390625 0.5539 0.013441145833333333 0.031874074074074076
1 0.07356796874999999 0.4250333333333333 0.008594270833333334 0.02228888888888889
1 0.08819270833333334 0.5090439814814816 0.00659375 0.031050925925925923
1 0.07547447916666666 0.5529296296296297 0.006157291666666666 0.02622962962962963
1 0.07505156249999999 0.574825462962963 0.0042697916666666665 0.007058333333333333
1 0.059559375 0.5899486111111111 0.009743749999999999 0.01693425925925926
1 0.08240494791666667 0.2761273148148148 0.013768229166666666 0.02447685185185185
1 0.06367213541666666 0.3419481481481481 0.008594270833333334 0.01722962962962963
1 0.022515625 0.36860925925925925 0.0044062500000000004 0.00944074074074074
1 0.02202109375 0.34609351851851855 0.007583854166666667 0.012557407407407406
1 0.022488281250000002 0.37009444444444445 0.0043515625 0.01055925925925926
1 0.01766458333333333 0.3846912037037037 0.004079166666666667 0.010123148148148148
1 0.022473437500000002 0.7116361111111111 0.006405208333333333 0.015864814814814814
1 0.03123072916666667 0.6537893518518518 0.008294791666666667 0.01683796296296296
1 0.04689322916666667 0.19342916666666668 0.011494791666666667 0.02389537037037037
1 0.08207890625 0.2305162037037037 0.009991145833333333 0.022143518518518517
1 0.0046421875000000005 0.5081050925925926 0.009284375000000001 0.07917314814814816
1 0.19675416666666667 0.08346527777777778 0.015383333333333334 0.022486111111111113
1 0.22431041666666665 0.05112453703703704 0.025704166666666663 0.03187870370370371
1 0.31497734374999997 0.050748611111111105 0.022663020833333332 0.045941666666666665
1 0.33995885416666666 0.07579351851851852 0.011167708333333333 0.01640185185185185
1 0.3230752604166666 0.12016527777777779 0.0076088541666666665 0.01625648148148148
1 0.24007161458333334 0.18358935185185185 0.006184895833333333 0.019030555555555558
1 0.23861692708333332 0.1003337962962963 0.009525520833333334 0.011778703703703704
1 0.3190875 0.280175 0.026716666666666666 0.027016666666666668
1 0.44742369791666664 0.1396824074074074 0.015680729166666667 0.051587037037037035
1 0.42934791666666666 0.18046805555555553 0.0159875 0.01834351851851852
1 0.4671661458333333 0.19172685185185184 0.011415625 0.01863888888888889
1 0.4718815104166667 0.12598842592592593 0.0104296875 0.014939814814814815
1 0.5613109375 0.09996666666666666 0.034080208333333334 0.042525925925925925
1 0.5784338541666667 0.015043518518518519 0.028742708333333332 0.017124074074074073
1 0.41925208333333336 0.8733546296296296 0.0072541666666666674 0.017079629629629632
1 0.4917578125 0.8740625 0.09080729166666666 0.10553240740740741
1 0.45883697916666666 0.8669601851851851 0.024965624999999998 0.03206851851851852
1 0.47814557291666665 0.8377453703703703 0.011499479166666667 0.031046296296296298
1 0.48284479166666666 0.8703791666666667 0.012564583333333332 0.022239814814814813
1 0.5320244791666666 0.9153347222222222 0.009882291666666666 0.02326203703703704
1 0.4856377604166667 0.9023018518518519 0.03898385416666667 0.045344444444444444
1 0.5487679687499999 0.8177916666666667 0.017327604166666667 0.028175925925925927
1 0.52238515625 0.8031277777777778 0.015603645833333334 0.022922222222222222
1 0.48519244791666666 0.7921953703703704 0.006843229166666667 0.010316666666666667
1 0.57465 0.7778041666666666 0.012841666666666666 0.02968240740740741
1 0.6081520833333334 0.7970731481481482 0.0038041666666666666 0.005257407407407408
1 0.6070817708333334 0.7972643518518518 0.005830208333333334 0.009343518518518518
1 0.64230859375 0.7556532407407407 0.0408671875 0.03723240740740741
1 0.6653950520833334 0.7619425925925926 0.015165104166666667 0.031292592592592594
1 0.6477580729166666 0.8258041666666667 0.0121828125 0.033089814814814815
1 0.6447895833333334 0.8259449074074073 0.0031208333333333335 0.00744537037037037
1 0.6545033854166667 0.7981699074074075 0.024631770833333334 0.04448796296296296
1 0.6681539062499999 0.8073476851851852 0.010266145833333332 0.01654722222222222
1 0.5532169270833334 0.639049537037037 0.0053921875 0.01328425925925926
1 0.6316070312500001 0.6383328703703703 0.018422395833333334 0.02666574074074074
1 0.6226638020833334 0.4491851851851852 0.008869270833333333 0.015037037037037036
1 0.6967971354166667 0.47084444444444445 0.012344270833333334 0.019466666666666667
1 0.67538984375 0.5284467592592592 0.0101546875 0.01800462962962963
1 0.72028828125 0.46699398148148147 0.0155765625 0.021025000000000002
1 0.7387916666666666 0.4842189814814815 0.015083333333333334 0.020289814814814816
1 0.7384455729166667 0.523825 0.020641145833333333 0.04209444444444445
1 0.7797802083333334 0.6416185185185185 0.024143750000000002 0.03508888888888889
1 0.7048052083333334 0.6948518518518519 0.0075270833333333335 0.010074074074074076
1 0.7384958333333334 0.8044518518518519 0.0072 0.008903703703703704
1 0.61982578125 0.8190541666666666 0.0115265625 0.03255277777777778
1 0.8971825520833333 0.8105800925925927 0.011031770833333334 0.028567592592592592
1 0.8070216145833334 0.8728805555555555 0.010918229166666666 0.03650185185185185
1 0.8715640625 0.7298324074074074 0.013961458333333334 0.022627777777777778
1 0.86348203125 0.6835185185185185 0.007172395833333334 0.013333333333333334
1 0.9359359375 0.5393555555555556 0.043746875 0.13611851851851853
1 0.9198403645833333 0.5486449074074075 0.008430729166666668 0.02136388888888889
1 0.9486562500000001 0.568663425925926 0.019187500000000003 0.03917870370370371
1 0.9303393229166667 0.5203694444444444 0.009636979166666667 0.037035185185185185
1 0.9942518229166667 0.5982541666666666 0.006211979166666667 0.022434259259259258
1 0.9658921874999999 0.44915324074074076 0.009909375 0.02608425925925926
1 0.6813953125 0.5514638888888889 0.025290625 0.03811296296296296
1 0.8695731770833334 0.452824537037037 0.018313020833333336 0.0352787037037037
1 0.9312177083333334 0.3247046296296296 0.007227083333333333 0.03829814814814815
1 0.9968924479166666 0.21963842592592592 0.006284895833333333 0.035573148148148145
1 0.9839859375 0.13397314814814815 0.008596875 0.025353703703703705
1 0.9345067708333333 0.07936759259259259 0.008596875 0.025401851851851853
1 0.95679375 0.14284907407407407 0.006295833333333333 0.015327777777777777
1 0.9333963541666667 0.11444074074074075 0.0074177083333333334 0.012214814814814815
1 0.9267174479166667 0.14724907407407406 0.012809895833333333 0.03153518518518519
1 0.9220138020833333 0.19438842592592592 0.0179859375 0.04618425925925926
1 0.17104687500000001 0.8025287037037037 0.008760416666666666 0.04209444444444445
