2 0.5080729166666667 0.5162037037037037 0.9828125 0.9657407407407408
1 0.21354166666666666 0.962037037037037 0.009375 0.03518518518518519
1 0.3723958333333333 0.9837962962962963 0.010416666666666666 0.019444444444444445
1 0.5059895833333333 0.5680555555555555 0.0296875 0.06388888888888888
1 0.5901041666666667 0.85 0.0125 0.03888888888888889
1 0.30807291666666664 0.3439814814814815 0.021354166666666667 0.041666666666666664
1 0.4752604166666667 0.399537037037037 0.0067708333333333336 0.013888888888888888
1 0.4359375 0.5018518518518519 0.025 0.06111111111111111
1 0.5841145833333333 0.3990740740740741 0.005729166666666666 0.014814814814814815
1 0.3841145833333333 0.0962962962962963 0.019270833333333334 0.053703703703703705
1 0.9723958333333333 0.2263888888888889 0.010416666666666666 0.01574074074074074
1 0.9565104166666667 0.6027777777777777 0.0109375 0.018518518518518517
1 0.9526041666666667 0.7083333333333334 0.004166666666666667 0.016666666666666666
1 0.91328125 0.9212962962962963 0.0109375 0.03148148148148148
1 0.9528645833333333 0.8574074074074074 0.008854166666666666 0.020370370370370372
1 0.9643229166666667 0.7916666666666666 0.005729166666666666 0.012962962962962963
1 0.5549479166666667 0.8671296296296296 0.0109375 0.013888888888888888
1 0.7421875 0.6763888888888889 0.004166666666666667 0.008333333333333333
1 0.9192708333333334 0.7236111111111111 0.0125 0.017592592592592594
