2 0.5 0.5484611111111111 1.0 0.9024777777777778
1 0.52895546875 0.6696967592592593 0.015202604166666666 0.03754166666666667
1 0.5734760416666667 0.9251365740740741 0.01049375 0.02249537037037037
1 0.7784841145833333 0.29260138888888887 0.008009895833333332 0.016684259259259256
1 0.40784609374999997 0.22108564814814816 0.0063171875 0.016245370370370372
1 0.5368835937499999 0.7428800925925927 0.009183854166666667 0.019093518518518517
1 0.5060760416666666 0.7864041666666667 0.01944375 0.028363888888888886
1 0.28892421875 0.3759125 0.0247234375 0.02219537037037037
1 0.003766145833333333 0.460374537037037 0.007532291666666666 0.02815648148148148
1 0.2573666666666667 0.21073935185185186 0.008483333333333334 0.015923148148148148
1 0.26299895833333337 0.18930416666666666 0.011414583333333334 0.024904629629629627
