2 0.5 0.5347662037037038 1.0 0.9306435185185186
1 0.10999088541666667 0.9506402777777777 0.011648437499999999 0.021650925925925924
1 0.11708932291666667 0.7855439814814815 0.0102203125 0.032199074074074074
1 0.23156848958333331 0.6652662037037037 0.0120953125 0.03608796296296297
1 0.30004739583333334 0.5884828703703704 0.020928125000000002 0.02511388888888889
1 0.43430234375 0.5653532407407408 0.02381302083333333 0.054780555555555555
1 0.2889234375 0.8265402777777778 0.004930208333333333 0.008636111111111112
1 0.021952864583333336 0.5780143518518518 0.006405729166666666 0.026399074074074075
1 0.14422526041666667 0.7522587962962962 0.003033854166666667 0.01933240740740741
1 0.24849348958333334 0.4871231481481481 0.0615703125 0.05943148148148149
1 0.17023125 0.4180416666666667 0.021712500000000003 0.03793518518518518
1 0.5354916666666667 0.2041564814814815 0.022025 0.04535
1 0.5954984375 0.20821018518518516 0.022246875 0.029383333333333334
1 0.5632015625 0.3322347222222222 0.01598645833333333 0.027432407407407405
1 0.2873247395833333 0.45762453703703704 0.0048578125 0.007841666666666667
1 0.3114442708333333 0.4416509259259259 0.011430208333333334 0.012931481481481481
1 0.3937880208333333 0.3485875 0.0032010416666666667 0.019397222222222225
1 0.7011734374999999 0.620087037037037 0.015888541666666665 0.03832222222222222
1 0.79194375 0.5948611111111112 0.016179166666666668 0.03787037037037037
1 0.5167768229166667 0.7791513888888889 0.02313697916666667 0.023117592592592592
1 0.50903359375 0.8551453703703704 0.017025520833333332 0.03621666666666666
1 0.5943434895833334 0.9270856481481482 0.0345203125 0.039356481481481485
1 0.4990072916666667 0.9934754629629631 0.012597916666666665 0.012876851851851851
1 0.7835072916666667 0.8889902777777778 0.020139583333333332 0.033536111111111114
1 0.67017265625 0.694574537037037 0.010136979166666667 0.02618611111111111
1 0.6472653645833333 0.9594898148148149 0.017447395833333334 0.015275925925925927
1 0.8588286458333333 0.8631805555555556 0.010365625 0.03376851851851852
1 0.8900583333333334 0.9357583333333334 0.016575 0.03447962962962963
1 0.9065921874999999 0.8332412037037037 0.012142708333333333 0.014630555555555556
1 0.9627731770833333 0.8409606481481481 0.0088796875 0.031921296296296295
1 0.7477611979166666 0.8976564814814816 0.008022395833333333 0.015683333333333334
1 0.8338479166666667 0.6832597222222222 0.0051958333333333336 0.0072601851851851855
1 0.8625299479166666 0.7452578703703704 0.005268229166666667 0.012737962962962963
1 0.9280278645833333 0.7340745370370371 0.0050140625 0.010741666666666667
1 0.93640390625 0.28657824074074073 0.010307812500000001 0.023156481481481483
1 0.77963671875 0.22052361111111113 0.007190104166666667 0.015121296296296296
1 0.8875455729166667 0.2374810185185185 0.0073828125000000005 0.015702777777777777
1 0.8855518229166666 0.18657129629629632 0.008603645833333333 0.010179629629629629
