2 0.5228958333333333 0.4165675925925926 0.954125 0.8331351851851851
1 0.4519786458333333 0.06670416666666666 0.011248958333333333 0.022297222222222222
1 0.4985934895833333 0.061026388888888894 0.0065619791666666665 0.016497222222222222
1 0.5150018229166666 0.1012087962962963 0.019586979166666667 0.022787962962962965
1 0.5408591145833334 0.16856944444444444 0.006718229166666667 0.011212962962962963
1 0.5356231770833334 0.20232546296296297 0.009788020833333333 0.017613888888888887
1 0.78914609375 0.11639490740740742 0.010583854166666667 0.02908611111111111
1 0.881428125 0.10814166666666668 0.007647916666666667 0.016283333333333334
1 0.9418236979166666 0.10487453703703703 0.005522395833333333 0.011600925925925926
1 0.8894041666666667 0.4199203703703704 0.007975 0.015766666666666665
1 0.77490625 0.6155453703703704 0.008145833333333333 0.027387037037037036
1 0.79561484375 0.615286574074074 0.005813020833333333 0.019462037037037035
1 0.8325203125 0.5304083333333334 0.006707291666666667 0.014520370370370371
1 0.7082158854166667 0.5894986111111111 0.011223437499999999 0.030849074074074074
1 0.682575 0.5925078703703703 0.010983333333333335 0.016497222222222222
1 0.5110596354166667 0.5644902777777777 0.014827604166666668 0.027128703703703703
1 0.5319098958333334 0.5347953703703703 0.026319791666666665 0.062183333333333334
1 0.527703125 0.6297083333333333 0.008531249999999999 0.014972222222222224
1 0.5175575520833333 0.7157949074074074 0.010115104166666666 0.035293518518518516
1 0.7859856770833333 0.6367578703703703 0.0053046875 0.008700925925925926
1 0.8030109375 0.6509768518518518 0.003938541666666667 0.011212962962962963
