2 0.5233171875 0.5834879629629629 0.952884375 0.8336425925925925
1 0.4506627604166667 0.838325925925926 0.03153385416666667 0.02665185185185185
1 0.6048481770833334 0.5314041666666667 0.0180296875 0.03132685185185185
1 0.5757755208333334 0.6735745370370371 0.008842708333333334 0.011963888888888888
1 0.6051330729166666 0.6376384259259259 0.010266145833333332 0.008610185185185184
1 0.9073625 0.3290518518518518 0.019933333333333334 0.08032592592592593
1 0.8154346354166666 0.32722870370370366 0.0069109375 0.010012962962962963
1 0.8953286458333333 0.44807916666666664 0.004198958333333333 0.018380555555555556
1 0.981234375 0.5661601851851852 0.011427083333333334 0.013801851851851852
1 0.5910854166666667 0.7504907407407407 0.012379166666666667 0.025055555555555553
