2 0.5 0.42780555555555555 1.0 0.8556111111111111
1 0.4589533854166667 0.4929875 0.0345734375 0.06745648148148148
1 0.46316796875 0.6285666666666666 0.014877604166666667 0.025651851851851853
1 0.5627984375 0.24673472222222223 0.018305208333333333 0.023099074074074074
1 0.6153747395833334 0.1987125 0.016166145833333333 0.030758333333333335
1 0.7150359374999999 0.3769166666666667 0.013405208333333333 0.016796296296296295
1 0.11910833333333333 0.5912601851851852 0.019466666666666667 0.02326111111111111
1 0.15823723958333333 0.23299490740740741 0.0154328125 0.03080462962962963
1 0.04183411458333333 0.5141824074074074 0.008668229166666668 0.019105555555555556
1 0.10737760416666667 0.2132111111111111 0.010588541666666666 0.019014814814814818
1 0.6487312500000001 0.28307870370370375 0.009962500000000001 0.02912037037037037
