2 0.5 0.45323888888888886 1.0 0.9064777777777777
1 0.21310208333333333 0.7272111111111111 0.016829166666666666 0.13405185185185187
1 0.5070388020833333 0.6791833333333334 0.011994270833333332 0.01207037037037037
1 0.53806796875 0.48812129629629636 0.017802604166666666 0.048464814814814815
1 0.5905635416666667 0.5543634259259259 0.012377083333333334 0.02539351851851852
1 0.6004049479166667 0.3877217592592593 0.012268229166666667 0.025443518518518518
1 0.5640950520833333 0.28563796296296295 0.012565104166666667 0.030535185185185186
1 0.5535591145833333 0.2964939814814815 0.011284895833333334 0.017062037037037035
1 0.5181604166666667 0.33087361111111113 0.0050708333333333334 0.017302777777777778
1 0.51511171875 0.2328449074074074 0.0177234375 0.05272685185185185
1 0.48448697916666666 0.17747824074074076 0.028348958333333334 0.056808333333333336
1 0.6302294270833334 0.1894185185185185 0.03233385416666667 0.0455037037037037
1 0.5814401041666667 0.23345277777777776 0.03996354166666667 0.06320185185185184
1 0.5950106770833333 0.019417592592592594 0.015021354166666667 0.009205555555555555
1 0.5033716145833333 0.06390185185185185 0.009868229166666666 0.01298888888888889
1 0.22501875 0.1845875 0.032329166666666666 0.041397222222222224
1 0.291040625 0.22116851851851851 0.008122916666666667 0.020114814814814815
1 0.2794947916666667 0.3026199074074074 0.01003125 0.02190648148148148
1 0.0024367187499999996 0.4872398148148149 0.004873437499999999 0.02447962962962963
1 0.5898252604166667 0.5551851851851852 0.006733854166666667 0.01037037037037037
1 0.5655697916666667 0.7304282407407408 0.009264583333333333 0.05530092592592593
1 0.5695083333333333 0.6516958333333334 0.020266666666666665 0.13487314814814816
1 0.7955947916666666 0.4716092592592593 0.006814583333333333 0.019144444444444443
1 0.7732731770833333 0.44251666666666667 0.0048796874999999995 0.027625925925925925
1 0.7482591145833334 0.4115111111111111 0.0048515625 0.013762962962962963
1 0.76750078125 0.34524722222222226 0.025626562500000002 0.027531481481481483
1 0.7638791666666667 0.2281875 0.006925 0.019337962962962963
1 0.89162109375 0.1816421296296296 0.016575520833333333 0.029950925925925926
1 0.89225 0.15367638888888888 0.007416666666666667 0.018463888888888887
1 0.9199143229166666 0.1940638888888889 0.005453645833333334 0.014053703703703704
1 0.9280036458333334 0.20143935185185186 0.009132291666666665 0.00843425925925926
