2 0.5002604166666667 0.537962962962963 0.9994791666666667 0.924074074074074
1 0.16276041666666666 0.12083333333333333 0.011979166666666667 0.03981481481481482
1 0.11927083333333334 0.2953703703703704 0.007291666666666667 0.012962962962962963
1 0.12161458333333333 0.22870370370370371 0.005729166666666666 0.009259259259259259
1 0.24661458333333333 0.41712962962962963 0.0265625 0.049074074074074076
1 0.04739583333333333 0.3541666666666667 0.005208333333333333 0.010185185185185186
1 0.165625 0.6569444444444444 0.010416666666666666 0.030555555555555555
1 0.30052083333333335 0.7421296296296296 0.028125 0.06574074074074074
1 0.21458333333333332 0.8324074074074074 0.0125 0.024074074074074074
1 0.40703125 0.7087962962962963 0.021354166666666667 0.05648148148148148
1 0.42473958333333334 0.9828703703703704 0.0296875 0.032407407407407406
1 0.446875 0.9912037037037037 0.011458333333333333 0.01574074074074074
1 0.44479166666666664 0.9481481481481482 0.010416666666666666 0.014814814814814815
1 0.45364583333333336 0.9226851851851852 0.01875 0.025
1 0.45807291666666666 0.9629629629629629 0.0109375 0.012962962962962963
1 0.46536458333333336 0.9347222222222222 0.013020833333333334 0.017592592592592594
1 0.46770833333333334 0.8962962962962963 0.009375 0.011111111111111112
1 0.6934895833333333 0.8162037037037037 0.015104166666666667 0.01574074074074074
1 0.540625 0.24768518518518517 0.021875 0.03796296296296296
1 0.5473958333333333 0.30972222222222223 0.015625 0.032407407407407406
1 0.53984375 0.4046296296296296 0.013020833333333334 0.040740740740740744
1 0.7361979166666667 0.17685185185185184 0.016145833333333335 0.040740740740740744
1 0.61875 0.10231481481481482 0.016666666666666666 0.017592592592592594
1 0.5716145833333334 0.3592592592592593 0.0067708333333333336 0.011111111111111112
1 0.70625 0.5995370370370371 0.0125 0.017592592592592594
