2 0.4767208333333333 0.5831699074074074 0.9534416666666666 0.8330064814814815
1 0.4653244791666667 0.9114796296296297 0.017107291666666666 0.028514814814814816
1 0.5339088541666667 0.9467509259259259 0.019901041666666668 0.01202037037037037
1 0.53108046875 0.8911916666666666 0.006952604166666667 0.017568518518518518
1 0.5144450520833334 0.4606939814814815 0.022640104166666668 0.03620277777777777
1 0.67513046875 0.2117074074074074 0.008594270833333334 0.01785925925925926
1 0.09654244791666668 0.648874074074074 0.005584895833333334 0.00885925925925926
1 0.01516953125 0.7529412037037038 0.004297395833333333 0.009586111111111111
1 0.11832656250000001 0.7129194444444444 0.01894479166666667 0.022135185185185185
1 0.2645359375 0.9646814814814815 0.009280208333333335 0.014548148148148149
1 0.36436927083333337 0.759274537037037 0.012071875000000001 0.012993518518518519
1 0.2872033854166667 0.6226185185185186 0.0129484375 0.02671851851851852
1 0.15696848958333334 0.8511481481481482 0.011853645833333334 0.030074074074074073
