2 0.49973958333333335 0.5166666666666667 0.9994791666666667 0.9648148148148148
1 0.84609375 0.24027777777777778 0.008854166666666666 0.021296296296296296
1 0.8872395833333333 0.20879629629629629 0.0046875 0.013888888888888888
1 0.6927083333333334 0.49953703703703706 0.028125 0.03425925925925926
1 0.6255208333333333 0.11574074074074074 0.03958333333333333 0.10740740740740741
1 0.5244791666666667 0.4597222222222222 0.041666666666666664 0.18425925925925926
1 0.5028645833333333 0.3527777777777778 0.021354166666666667 0.044444444444444446
1 0.5450520833333333 0.31203703703703706 0.0234375 0.046296296296296294
1 0.7716145833333333 0.6569444444444444 0.024479166666666666 0.049074074074074076
1 0.62421875 0.625462962962963 0.0171875 0.04722222222222222
1 0.34791666666666665 0.5930555555555556 0.06145833333333333 0.07314814814814814
1 0.32369791666666664 0.6138888888888889 0.0109375 0.014814814814814815
1 0.36770833333333336 0.575925925925926 0.0125 0.040740740740740744
1 0.3770833333333333 0.23935185185185184 0.015625 0.049074074074074076
1 0.25234375 0.37453703703703706 0.033854166666666664 0.05092592592592592
1 0.7921875 0.3148148148148148 0.021875 0.04814814814814815
1 0.055989583333333336 0.9722222222222222 0.013020833333333334 0.027777777777777776
1 0.31302083333333336 0.9791666666666666 0.028125 0.03981481481481482
1 0.7895833333333333 0.9856481481481482 0.007291666666666667 0.01574074074074074
1 0.057291666666666664 0.7333333333333333 0.0125 0.09259259259259259
1 0.5541666666666667 0.8476851851851852 0.010416666666666666 0.019444444444444445
1 0.553125 0.22592592592592592 0.035416666666666666 0.08703703703703704
1 0.030729166666666665 0.39166666666666666 0.008333333333333333 0.044444444444444446
1 0.2989583333333333 0.1814814814814815 0.0125 0.020370370370370372
1 0.3640625 0.1398148148148148 0.0125 0.011111111111111112
1 0.28359375 0.12685185185185185 0.0078125 0.012962962962962963
1 0.22291666666666668 0.21203703703703702 0.009375 0.016666666666666666
1 0.23984375 0.18611111111111112 0.0078125 0.020370370370370372
1 0.20052083333333334 0.12314814814814815 0.00625 0.012962962962962963
1 0.04869791666666667 0.19398148148148148 0.008854166666666666 0.017592592592592594
1 0.6161458333333333 0.38472222222222224 0.010416666666666666 0.012037037037037037
1 0.44192708333333336 0.8208333333333333 0.016145833333333335 0.017592592592592594
1 0.08723958333333333 0.8356481481481481 0.0109375 0.058333333333333334
1 0.0875 0.8175925925925925 0.009375 0.022222222222222223
1 0.6370809895833334 0.9352685185185186 0.0356203125 0.0797962962962963
1 0.4506377604166667 0.8841222222222223 0.011692187500000001 0.016392592592592594
1 0.5483453125000001 0.8287037037037037 0.006065625000000001 0.007407407407407408
1 0.54375 0.8335648148148148 0.003125 0.009722222222222222
1 0.4010416666666667 0.9185185185185185 0.009375 0.014814814814814815
1 0.4166666666666667 0.9523148148148148 0.007291666666666667 0.006481481481481481
1 0.37057291666666664 0.9652777777777778 0.005729166666666666 0.008333333333333333
1 0.6734375 0.9731481481481481 0.007291666666666667 0.009259259259259259
1 0.5138020833333333 0.5606481481481481 0.009895833333333333 0.017592592592592594
1 0.28072916666666664 0.5550925925925926 0.004166666666666667 0.013888888888888888
1 0.6033854166666667 0.17453703703703705 0.0078125 0.013888888888888888
1 0.65859375 0.06712962962962964 0.009895833333333333 0.013888888888888888
1 0.28125 0.24074074074074073 0.004166666666666667 0.011111111111111112
1 0.3731770833333333 0.15416666666666667 0.0067708333333333336 0.019444444444444445
1 0.40989583333333335 0.1412037037037037 0.004166666666666667 0.008333333333333333
1 0.42916666666666664 0.34305555555555556 0.008333333333333333 0.021296296296296296
1 0.012760416666666666 0.9495370370370371 0.0067708333333333336 0.028703703703703703
1 0.12213541666666666 0.8939814814814815 0.0109375 0.01574074074074074
1 0.24322916666666666 0.7074074074074074 0.0125 0.027777777777777776
1 0.3416666666666667 0.41944444444444445 0.007291666666666667 0.011111111111111112
1 0.24036458333333333 0.29583333333333334 0.0067708333333333336 0.021296296296296296
1 0.25677083333333334 0.29814814814814816 0.007291666666666667 0.022222222222222223
1 0.33177083333333335 0.29074074074074074 0.005208333333333333 0.007407407407407408
1 0.2752604166666667 0.950462962962963 0.016145833333333335 0.019444444444444445
1 0.0484375 0.6856481481481481 0.007291666666666667 0.017592592592592594
1 0.6270572916666667 0.4989351851851852 0.004114583333333334 0.02935185185185185
1 0.625 0.5293208333333334 0.00625 0.017900925925925924
1 0.8015625 0.7981481481481482 0.010416666666666666 0.014814814814814815
1 0.7216145833333333 0.9652777777777778 0.009895833333333333 0.017592592592592594
1 0.7963541666666667 0.1388888888888889 0.00625 0.018518518518518517
1 0.23932291666666666 0.6407407407407407 0.0036458333333333334 0.03518518518518519
1 0.35598958333333336 0.09166666666666666 0.008854166666666666 0.07777777777777778
