2 0.5 0.5204768518518519 1.0 0.9594722222222223
1 0.881334375 0.3311893518518519 0.013710416666666668 0.054971296296296296
1 0.9048125 0.28896203703703705 0.015875 0.04273888888888889
1 0.8829799479166667 0.22877268518518518 0.0107515625 0.020508333333333333
1 0.85175546875 0.29275694444444444 0.010802604166666667 0.016995370370370372
1 0.7887307291666666 0.09726851851851852 0.016003125 0.020462962962962964
1 0.5921200520833333 0.2166634259259259 0.0488234375 0.0851787037037037
1 0.6145877604166666 0.35911527777777774 0.0145921875 0.027489814814814814
1 0.51821328125 0.46182500000000004 0.03225989583333334 0.08105740740740741
1 0.3808432291666667 0.3635805555555555 0.012728125 0.014198148148148147
1 0.362903125 0.33368935185185183 0.018514583333333334 0.030341666666666666
1 0.8335973958333334 0.7720666666666667 0.013028125 0.036725925925925926
1 0.7819557291666667 0.758662037037037 0.023286458333333333 0.04139814814814815
1 0.9800372395833333 0.5873574074074074 0.0121578125 0.022862962962962963
1 0.7196783854166667 0.9179597222222222 0.02685677083333333 0.02480833333333333
1 0.68016328125 0.8809828703703704 0.009284895833333334 0.017521296296296295
1 0.6157583333333334 0.7224069444444444 0.039850000000000003 0.06518425925925926
1 0.5937888020833333 0.7457023148148149 0.011535937500000001 0.017330555555555554
1 0.647559375 0.6323583333333334 0.015952083333333332 0.027679629629629627
1 0.6762778645833334 0.5799087962962963 0.015055729166666667 0.03389166666666667
1 0.5599481770833333 0.7664805555555555 0.023021354166666667 0.06073888888888889
1 0.5285606770833333 0.7326592592592593 0.0185796875 0.037540740740740736
1 0.6030888020833333 0.6701041666666666 0.010344270833333334 0.019837962962962963
1 0.5019812499999999 0.7325287037037037 0.0258375 0.029872222222222224
1 0.34093619791666663 0.5737393518518519 0.0141640625 0.04192314814814815
1 0.47910260416666667 0.4549958333333334 0.010288541666666668 0.015547222222222223
1 0.5365197916666666 0.21236805555555557 0.04178958333333334 0.05436574074074074
1 0.60118125 0.08267824074074075 0.010695833333333333 0.019060185185185187
1 0.5429294270833334 0.16704398148148147 0.010858854166666666 0.013717592592592592
1 0.3804002604166667 0.1854916666666667 0.033717187499999995 0.08765
1 0.3344763020833333 0.41753194444444447 0.010619270833333333 0.03691574074074074
1 0.40409375000000003 0.29898287037037036 0.007145833333333334 0.014632407407407408
1 0.35073567708333336 0.3309486111111111 0.0056380208333333326 0.023008333333333332
1 0.2925434895833333 0.3086537037037037 0.011128645833333334 0.019159259259259258
1 0.37780364583333337 0.24463148148148148 0.009773958333333332 0.013337037037037036
1 0.34479375 0.27420833333333333 0.012504166666666667 0.026194444444444444
1 0.13619739583333335 0.47696388888888885 0.024478125 0.0650388888888889
1 0.11863046875 0.44561527777777776 0.019552604166666664 0.03937870370370371
1 0.12141223958333333 0.9681263888888888 0.008449479166666666 0.012178703703703704
1 0.27651354166666664 0.9504425925925927 0.01031875 0.026811111111111112
1 0.2247002604166667 0.9742953703703704 0.008775520833333333 0.015257407407407409
1 0.13070572916666667 0.9157333333333333 0.008286458333333333 0.012948148148148148
1 0.4319661458333333 0.662587037037037 0.023307291666666667 0.04184074074074074
1 0.19863515625 0.4376967592592592 0.017061979166666668 0.034652777777777775
1 0.9524713541666666 0.8194412037037037 0.008067708333333333 0.020363888888888886
1 0.15500286458333334 0.6844203703703704 0.011047395833333333 0.04106296296296296
1 0.278359375 0.6214717592592592 0.028593749999999998 0.029980555555555552
1 0.12649036458333335 0.5033037037037037 0.0363140625 0.06031111111111111
