2 0.5 0.4703365740740741 1.0 0.9406731481481482
2 0.8630588541666667 0.7814958333333333 0.058409375 0.02595462962962963
2 0.9416481770833334 0.8706023148148148 0.08121302083333333 0.07824166666666667
1 0.4311731770833333 0.6333819444444444 0.024846354166666664 0.0352824074074074
1 0.4440822916666667 0.6320287037037037 0.010039583333333333 0.01961296296296296
1 0.3957572916666667 0.5144518518518518 0.009222916666666666 0.02334814814814815
1 0.39604817708333334 0.434225462962963 0.030638020833333335 0.014747222222222222
1 0.309765625 0.49696203703703706 0.01015625 0.01799814814814815
1 0.6662179687500001 0.4975648148148148 0.03035260416666667 0.05994444444444444
1 0.5489966145833333 0.5084509259259259 0.0157015625 0.035420370370370366
1 0.6516234375 0.8088662037037038 0.015746875 0.026991666666666667
1 0.9296054687499999 0.7319217592592593 0.007127604166666667 0.011991666666666668
1 0.9640130208333333 0.2652074074074074 0.007192708333333334 0.0156
1 0.8128690104166666 0.13877638888888888 0.021571354166666667 0.049775
1 0.89807734375 0.4567833333333334 0.0044880208333333334 0.011714814814814813
1 0.9448497395833333 0.4277967592592593 0.0053244791666666675 0.011149074074074075
1 0.9386963541666666 0.548937037037037 0.0076010416666666665 0.020096296296296296
1 0.9558515624999999 0.523088425925926 0.007536458333333333 0.03136203703703704
