2 0.5 0.537112962962963 1.0 0.9260777777777778
2 0.09124609374999999 0.17734074074074074 0.03457552083333334 0.026903703703703704
1 0.9184502604166667 0.7554810185185185 0.0191921875 0.03503611111111111
1 0.36051276041666663 0.9167930555555556 0.0189421875 0.028030555555555555
1 0.3957979166666667 0.9747407407407408 0.030137499999999998 0.02725925925925926
1 0.5953302083333334 0.630225462962963 0.012535416666666667 0.021562037037037036
1 0.38206119791666665 0.39985787037037035 0.019330729166666668 0.0626787037037037
1 0.19369765625 0.17209907407407407 0.016561979166666668 0.03493888888888889
1 0.2993986979166667 0.6185689814814814 0.014422395833333332 0.035286111111111115
1 0.11696250000000001 0.5838583333333334 0.007883333333333332 0.015864814814814814
1 0.09532265625 0.9210717592592593 0.005228645833333333 0.008810185185185187
1 0.02254010416666667 0.9868305555555555 0.008621875 0.018105555555555555
1 0.4753125 0.656086574074074 0.0037500000000000003 0.0066175925925925925
1 0.49687135416666667 0.7306740740740741 0.005201041666666667 0.003940740740740741
1 0.43282317708333334 0.7365694444444445 0.0041880208333333335 0.006472222222222222
