2 0.5095377604166667 0.49591435185185184 0.9805338541666667 0.9918287037037037
1 0.348021875 0.8979291666666667 0.015835416666666668 0.03289537037037037
1 0.31550078125 0.4672976851851852 0.0278765625 0.03459537037037037
1 0.3542575520833333 0.2911856481481482 0.009556770833333334 0.028667592592592592
1 0.3991208333333333 0.28275925925925927 0.010741666666666667 0.021074074074074075
1 0.49565286458333335 0.6933518518518519 0.006930729166666667 0.008925925925925926
1 0.5248734374999999 0.6836342592592592 0.017455208333333336 0.022824074074074073
1 0.5251471354166667 0.7066208333333333 0.030502604166666666 0.03176018518518519
1 0.3727419270833333 0.5859208333333333 0.021525520833333332 0.01628611111111111
1 0.4093208333333333 0.5860523148148148 0.006141666666666667 0.02210462962962963
1 0.5113888020833334 0.8907560185185185 0.04881927083333334 0.09262314814814815
1 0.4580447916666667 0.8480893518518519 0.01400625 0.02210462962962963
1 0.65020625 0.6413277777777778 0.02020416666666667 0.05117407407407407
1 0.69688828125 0.6377226851851852 0.027109895833333335 0.04581574074074074
1 0.5916750000000001 0.6275523148148148 0.02293333333333333 0.04584537037037037
1 0.732646875 0.16436574074074073 0.04029375 0.06947222222222223
1 0.4295171875 0.666236574074074 0.004867708333333333 0.006547222222222222
1 0.64772265625 0.8413203703703703 0.007945312500000001 0.015974074074074075
1 0.7890861979166667 0.8257458333333334 0.008380729166666667 0.021862037037037037
1 0.88270859375 0.7409949074074074 0.018542187499999998 0.01902685185185185
1 0.3945598958333333 0.09151203703703703 0.021411458333333334 0.033024074074074074
1 0.4128630208333333 0.0626449074074074 0.016351041666666667 0.023437962962962963
1 0.50458203125 0.155275 0.0122890625 0.029068518518518518
1 0.98658203125 0.6020351851851852 0.0169140625 0.08184814814814814
1 0.9907757812500001 0.5653958333333334 0.0065515625 0.014125
1 0.95035625 0.3174893518518519 0.03404583333333333 0.08312685185185185
1 0.9737661458333334 0.1995337962962963 0.014198958333333334 0.02869722222222222
1 0.62256171875 0.004787037037037037 0.011790104166666667 0.009574074074074073
1 0.7905153645833334 0.12220925925925925 0.0237390625 0.049974074074074074
1 0.8024919270833333 0.02368287037037037 0.0070671875000000006 0.010328703703703703
1 0.5414869791666667 0.09203518518518518 0.005890625 0.019255555555555554
