2 0.5002604166666667 0.5314814814814814 0.9994791666666667 0.937037037037037
1 0.2265625 0.11990740740740741 0.004166666666666667 0.004629629629629629
1 0.2265625 0.12268518518518519 0.004166666666666667 0.012037037037037037
1 0.23619791666666667 0.16203703703703703 0.008854166666666666 0.014814814814814815
1 0.15260416666666668 0.2550925925925926 0.005208333333333333 0.026851851851851852
1 0.004427083333333333 0.3277777777777778 0.008854166666666666 0.022222222222222223
1 0.04114583333333333 0.3773148148148148 0.008333333333333333 0.03981481481481482
1 0.18645833333333334 0.35138888888888886 0.00625 0.026851851851851852
1 0.2234375 0.33287037037037037 0.00625 0.010185185185185186
1 0.12942708333333333 0.44074074074074077 0.013020833333333334 0.04259259259259259
1 0.1671875 0.48333333333333334 0.011458333333333333 0.022222222222222223
1 0.0828125 0.5222222222222223 0.007291666666666667 0.014814814814814815
1 0.1328125 0.6078703703703704 0.013541666666666667 0.03981481481481482
1 0.10859375 0.7185185185185186 0.018229166666666668 0.053703703703703705
1 0.03411458333333333 0.6935185185185185 0.009895833333333333 0.037037037037037035
1 0.025520833333333333 0.8018518518518518 0.007291666666666667 0.027777777777777776
1 0.054947916666666666 0.8425925925925926 0.0046875 0.011111111111111112
1 0.19244791666666666 0.9004629629629629 0.013020833333333334 0.032407407407407406
1 0.16328125 0.9518518518518518 0.0067708333333333336 0.012962962962962963
1 0.17395833333333333 0.975925925925926 0.004166666666666667 0.009259259259259259
1 0.3338541666666667 0.5421296296296296 0.030208333333333334 0.05648148148148148
1 0.31692708333333336 0.7143518518518519 0.021354166666666667 0.049074074074074076
1 0.34869791666666666 0.40370370370370373 0.0046875 0.007407407407407408
1 0.4356770833333333 0.3060185185185185 0.016145833333333335 0.032407407407407406
1 0.328125 0.2935185185185185 0.005208333333333333 0.014814814814814815
1 0.5104166666666666 0.2263888888888889 0.017708333333333333 0.06944444444444445
1 0.4440104166666667 0.2564814814814815 0.0234375 0.018518518518518517
1 0.4630208333333333 0.32222222222222224 0.040625 0.1259259259259259
1 0.44505208333333335 0.23425925925925925 0.0036458333333333334 0.03333333333333333
1 0.49322916666666666 0.6787037037037037 0.021875 0.053703703703703705
1 0.38984375 0.7611111111111111 0.008854166666666666 0.016666666666666666
1 0.40390625 0.8074074074074075 0.009895833333333333 0.020370370370370372
1 0.41328125 0.8444444444444444 0.005729166666666666 0.016666666666666666
1 0.4421875 0.9861111111111112 0.021875 0.014814814814814815
1 0.4322916666666667 0.9273148148148148 0.00625 0.010185185185185186
1 0.5705729166666667 0.8138888888888889 0.0046875 0.009259259259259259
1 0.578125 0.7708333333333334 0.009375 0.017592592592592594
1 0.5067708333333333 0.787962962962963 0.01875 0.03148148148148148
1 0.5119791666666667 0.7736111111111111 0.01875 0.023148148148148147
1 0.5263020833333333 0.7587962962962963 0.0078125 0.021296296296296296
1 0.8046875 0.9884259259259259 0.013541666666666667 0.021296296296296296
1 0.7973958333333333 0.9583333333333334 0.00625 0.012962962962962963
1 0.7411458333333333 0.9546296296296296 0.013541666666666667 0.03888888888888889
1 0.7135416666666666 0.9342592592592592 0.025 0.018518518518518517
1 0.7427083333333333 0.8148148148148148 0.03333333333333333 0.06296296296296296
1 0.64609375 0.6671296296296296 0.025520833333333333 0.03611111111111111
1 0.8046875 0.8074074074074075 0.013541666666666667 0.016666666666666666
1 0.8450520833333334 0.961574074074074 0.0067708333333333336 0.01574074074074074
1 0.8520833333333333 0.7893518518518519 0.005208333333333333 0.021296296296296296
1 0.62578125 0.27175925925925926 0.0067708333333333336 0.019444444444444445
1 0.4744791666666667 0.13425925925925927 0.003125 0.014814814814814815
1 0.8700520833333333 0.4111111111111111 0.005729166666666666 0.040740740740740744
1 0.6544270833333333 0.23796296296296296 0.0046875 0.05185185185185185
1 0.909375 0.4703703703703704 0.007291666666666667 0.014814814814814815
1 0.9109375 0.4388888888888889 0.00625 0.027777777777777776
1 0.62265625 0.5541666666666667 0.0067708333333333336 0.013888888888888888
1 0.9505208333333334 0.6175925925925926 0.0125 0.04259259259259259
1 0.9434895833333333 0.5472222222222223 0.008854166666666666 0.022222222222222223
1 0.9244791666666666 0.4689814814814815 0.00625 0.010185185185185186
1 0.9713541666666666 0.7064814814814815 0.007291666666666667 0.027777777777777776
1 0.90546875 0.6805555555555556 0.0109375 0.03148148148148148
1 0.98828125 0.6949074074074074 0.005729166666666666 0.01574074074074074
1 0.9927083333333333 0.662962962962963 0.013541666666666667 0.040740740740740744
1 0.9559895833333333 0.41712962962962963 0.0046875 0.010185185185185186
1 0.9440104166666666 0.47314814814814815 0.0078125 0.020370370370370372
1 0.4549479166666667 0.47685185185185186 0.005729166666666666 0.011111111111111112
1 0.66796875 0.3351851851851852 0.0359375 0.037037037037037035
1 0.6776041666666667 0.3837962962962963 0.011458333333333333 0.01574074074074074
1 0.68203125 0.36944444444444446 0.021354166666666667 0.040740740740740744
