2 0.49973958333333335 0.5388888888888889 0.9994791666666667 0.9203703703703704
1 0.26145833333333335 0.36898148148148147 0.03333333333333333 0.025
1 0.64296875 0.9083333333333333 0.0140625 0.037037037037037035
1 0.5479166666666667 0.9115740740740741 0.009375 0.03796296296296296
1 0.35546875 0.43148148148148147 0.0109375 0.020370370370370372
1 0.6200520833333333 0.7212962962962963 0.018229166666666668 0.016666666666666666
1 0.5375 0.7648148148148148 0.009375 0.018518518518518517
1 0.5565104166666667 0.7523148148148148 0.0140625 0.01574074074074074
1 0.8015625 0.7754629629629629 0.009375 0.019444444444444445
1 0.30911458333333336 0.6212962962962963 0.0140625 0.03148148148148148
1 0.56875 0.2828703703703704 0.010416666666666666 0.013888888888888888
1 0.5434895833333333 0.29305555555555557 0.025520833333333333 0.028703703703703703
1 0.3033854166666667 0.5069444444444444 0.016145833333333335 0.03981481481481482
1 0.11770833333333333 0.4486111111111111 0.021875 0.04351851851851852
1 0.02421875 0.47453703703703703 0.0078125 0.023148148148148147
1 0.9817708333333334 0.6726851851851852 0.010416666666666666 0.05092592592592592
