2 0.5 0.5273342592592593 1.0 0.9454092592592593
1 0.52386484375 0.4251569444444444 0.0102296875 0.046610185185185185
1 0.3913752604166667 0.2306023148148148 0.0119171875 0.018612037037037035
1 0.6330929687500001 0.6831902777777777 0.017227604166666667 0.025639814814814813
1 0.24508958333333333 0.6913203703703703 0.013095833333333333 0.027085185185185184
1 0.07091432291666666 0.29245185185185185 0.007453645833333333 0.018237037037037038
1 0.5296815104166667 0.28502916666666667 0.014571354166666666 0.027465740740740742
1 0.08230989583333333 0.8466861111111111 0.011494791666666667 0.03411296296296296
1 0.5494895833333333 0.6834476851851852 0.012520833333333333 0.01689537037037037
1 0.4789453125 0.9315717592592593 0.006848958333333334 0.009439814814814816
1 0.882878125 0.689449537037037 0.005339583333333333 0.008528703703703703
1 0.9311802083333334 0.9593902777777777 0.0050687499999999995 0.007669444444444444
1 0.7553263020833333 0.3160981481481482 0.0064859374999999995 0.013677777777777778
1 0.20445859375 0.3662587962962963 0.0057921875000000005 0.013999074074074074
1 0.07921822916666667 0.4916467592592593 0.005311458333333334 0.01662685185185185
1 0.47933749999999997 0.7472870370370371 0.007633333333333334 0.005685185185185185
