2 0.49973958333333335 0.5171296296296296 0.9994791666666667 0.9638888888888889
1 0.05755208333333333 0.9287037037037037 0.0109375 0.040740740740740744
1 0.04375 0.8893518518518518 0.009375 0.017592592592592594
1 0.13932291666666666 0.8078703703703703 0.0171875 0.032407407407407406
1 0.04739583333333333 0.774074074074074 0.007291666666666667 0.024074074074074074
1 0.10026041666666667 0.7726851851851851 0.0109375 0.026851851851851852
1 0.10286458333333333 0.7652777777777777 0.0078125 0.012037037037037037
1 0.11067708333333333 0.7324074074074074 0.021354166666666667 0.018518518518518517
1 0.16119791666666666 0.7384259259259259 0.008854166666666666 0.021296296296296296
1 0.115625 0.9643518518518519 0.017708333333333333 0.021296296296296296
1 0.26015625 0.950925925925926 0.0640625 0.08703703703703704
1 0.0375 0.6759259259259259 0.010416666666666666 0.012962962962962963
1 0.11380208333333333 0.5615740740740741 0.016145833333333335 0.05462962962962963
1 0.03307291666666667 0.5611111111111111 0.0067708333333333336 0.018518518518518517
1 0.16927083333333334 0.5810185185185185 0.008333333333333333 0.021296296296296296
1 0.20130208333333333 0.6129629629629629 0.0078125 0.025925925925925925
1 0.09401041666666667 0.5199074074074074 0.005729166666666666 0.01574074074074074
1 0.10859375 0.5152777777777777 0.011979166666666667 0.021296296296296296
1 0.12864583333333332 0.5370370370370371 0.004166666666666667 0.007407407407407408
1 0.10416666666666667 0.4449074074074074 0.0125 0.017592592592592594
1 0.14088541666666668 0.4388888888888889 0.022395833333333334 0.03888888888888889
1 0.10625 0.3990740740740741 0.005208333333333333 0.024074074074074074
1 0.11119791666666666 0.3560185185185185 0.0067708333333333336 0.012037037037037037
1 0.17838541666666666 0.412962962962963 0.0140625 0.025925925925925925
1 0.13177083333333334 0.287962962962963 0.008333333333333333 0.025925925925925925
1 0.15651041666666668 0.29907407407407405 0.0109375 0.03148148148148148
1 0.1453125 0.24583333333333332 0.015625 0.032407407407407406
1 0.10963541666666667 0.2273148148148148 0.0046875 0.017592592592592594
1 0.15911458333333334 0.225 0.005729166666666666 0.016666666666666666
1 0.175 0.25972222222222224 0.010416666666666666 0.025
1 0.19765625 0.23425925925925925 0.0203125 0.05925925925925926
1 0.17265625 0.17453703703703705 0.009895833333333333 0.012037037037037037
1 0.1484375 0.14166666666666666 0.010416666666666666 0.018518518518518517
1 0.19921875 0.16712962962962963 0.011979166666666667 0.026851851851851852
1 0.20807291666666666 0.1814814814814815 0.0140625 0.018518518518518517
1 0.23828125 0.06388888888888888 0.013020833333333334 0.024074074074074074
1 0.22239583333333332 0.17685185185185184 0.004166666666666667 0.007407407407407408
1 0.23359375 0.1712962962962963 0.0046875 0.014814814814814815
1 0.29739583333333336 0.2222222222222222 0.030208333333333334 0.046296296296296294
1 0.27578125 0.3458333333333333 0.013020833333333334 0.03425925925925926
1 0.32526041666666666 0.17037037037037037 0.0265625 0.1388888888888889
1 0.3223958333333333 0.2212962962962963 0.0125 0.037037037037037035
1 0.28463541666666664 0.09074074074074075 0.027604166666666666 0.02962962962962963
1 0.32395833333333335 0.06851851851851852 0.004166666666666667 0.02962962962962963
1 0.4276041666666667 0.33194444444444443 0.011458333333333333 0.019444444444444445
1 0.37265625 0.29444444444444445 0.0046875 0.014814814814814815
1 0.40208333333333335 0.18518518518518517 0.004166666666666667 0.016666666666666666
1 0.4557291666666667 0.3189814814814815 0.007291666666666667 0.021296296296296296
1 0.37005208333333334 0.8851851851851852 0.019270833333333334 0.03333333333333333
1 0.3880208333333333 0.8726851851851852 0.015625 0.032407407407407406
1 0.47161458333333334 0.8421296296296297 0.013020833333333334 0.06944444444444445
1 0.3796875 0.6476851851851851 0.008333333333333333 0.04722222222222222
1 0.39427083333333335 0.5856481481481481 0.023958333333333335 0.04722222222222222
1 0.53359375 0.7712962962962963 0.0296875 0.05555555555555555
1 0.50546875 0.9138888888888889 0.011979166666666667 0.018518518518518517
1 0.5479166666666667 0.8865740740740741 0.019791666666666666 0.025
1 0.59453125 0.925 0.03177083333333333 0.05185185185185185
1 0.58984375 0.9254629629629629 0.0234375 0.05277777777777778
1 0.60703125 0.8287037037037037 0.0234375 0.016666666666666666
1 0.5997395833333333 0.8314814814814815 0.009895833333333333 0.016666666666666666
1 0.61484375 0.8638888888888889 0.0203125 0.05
1 0.5416666666666666 0.6574074074074074 0.03333333333333333 0.04814814814814815
1 0.5190104166666667 0.5912037037037037 0.008854166666666666 0.023148148148148147
1 0.6052083333333333 0.7810185185185186 0.007291666666666667 0.012037037037037037
1 0.61796875 0.9675925925925926 0.019270833333333334 0.02962962962962963
1 0.65859375 0.7601851851851852 0.0140625 0.03148148148148148
1 0.6690104166666667 0.8763888888888889 0.0140625 0.023148148148148147
1 0.6080729166666666 0.6398148148148148 0.0078125 0.012962962962962963
1 0.6359375 0.6708333333333333 0.00625 0.012037037037037037
1 0.6635416666666667 0.7055555555555556 0.004166666666666667 0.011111111111111112
1 0.68359375 0.7324074074074074 0.008854166666666666 0.014814814814814815
1 0.6401041666666667 0.9912037037037037 0.00625 0.01574074074074074
1 0.7010416666666667 0.975 0.009375 0.020370370370370372
1 0.69375 0.9453703703703704 0.017708333333333333 0.025925925925925925
1 0.7377604166666667 0.9296296296296296 0.043229166666666666 0.046296296296296294
1 0.7033854166666667 0.8847222222222222 0.013020833333333334 0.021296296296296296
1 0.7330729166666666 0.8574074074074074 0.04010416666666667 0.1
1 0.7315104166666667 0.862037037037037 0.03697916666666667 0.08888888888888889
1 0.7268229166666667 0.8856481481481482 0.028645833333333332 0.04351851851851852
1 0.7125 0.837037037037037 0.011458333333333333 0.03888888888888889
1 0.86796875 0.8148148148148148 0.2630208333333333 0.3685185185185185
1 0.7401041666666667 0.8361111111111111 0.023958333333333335 0.03888888888888889
1 0.7140625 0.774074074074074 0.027083333333333334 0.06296296296296296
1 0.71171875 0.7865740740740741 0.021354166666666667 0.03611111111111111
1 0.7096354166666666 0.7532407407407408 0.0078125 0.028703703703703703
1 0.7442708333333333 0.7472222222222222 0.008333333333333333 0.025925925925925925
1 0.7260416666666667 0.6754629629629629 0.020833333333333332 0.03796296296296296
1 0.7065104166666667 0.6138888888888889 0.008854166666666666 0.012962962962962963
1 0.7208333333333333 0.6310185185185185 0.008333333333333333 0.025
1 0.9447916666666667 0.9212962962962963 0.109375 0.12222222222222222
1 0.90859375 0.9018518518518519 0.0578125 0.19444444444444445
1 0.71171875 0.5824074074074074 0.0078125 0.025925925925925925
1 0.7458333333333333 0.5921296296296297 0.011458333333333333 0.021296296296296296
1 0.7575520833333333 0.575 0.009895833333333333 0.024074074074074074
1 0.7424479166666667 0.5291666666666667 0.0109375 0.023148148148148147
1 0.76796875 0.5324074074074074 0.013020833333333334 0.020370370370370372
1 0.7755208333333333 0.5648148148148148 0.009375 0.014814814814814815
1 0.7328125 0.5023148148148148 0.0125 0.023148148148148147
1 0.7263020833333333 0.47824074074074074 0.013020833333333334 0.04351851851851852
1 0.7807291666666667 0.5148148148148148 0.007291666666666667 0.024074074074074074
1 0.79765625 0.5208333333333334 0.009895833333333333 0.025
1 0.7479166666666667 0.43703703703703706 0.009375 0.020370370370370372
1 0.7841145833333333 0.45787037037037037 0.009895833333333333 0.03611111111111111
1 0.8752604166666667 0.9930555555555556 0.015104166666666667 0.012037037037037037
1 0.83515625 0.42916666666666664 0.0140625 0.026851851851851852
1 0.86328125 0.3875 0.0203125 0.08981481481481482
1 0.86015625 0.4152777777777778 0.0140625 0.03425925925925926
1 0.7765625 0.3074074074074074 0.011458333333333333 0.020370370370370372
1 0.7864583333333334 0.2847222222222222 0.00625 0.04351851851851852
1 0.7177083333333333 0.18981481481481483 0.019791666666666666 0.022222222222222223
1 0.7341145833333333 0.21435185185185185 0.011979166666666667 0.026851851851851852
1 0.7481770833333333 0.18564814814814815 0.0234375 0.049074074074074076
1 0.8255208333333334 0.25601851851851853 0.011458333333333333 0.04351851851851852
1 0.8049479166666667 0.23148148148148148 0.005729166666666666 0.018518518518518517
1 0.8713541666666667 0.35462962962962963 0.017708333333333333 0.10185185185185185
1 0.8716145833333333 0.26435185185185184 0.009895833333333333 0.019444444444444445
1 0.8692708333333333 0.2439814814814815 0.009375 0.017592592592592594
1 0.8705729166666667 0.20972222222222223 0.011979166666666667 0.017592592592592594
1 0.8671875 0.21064814814814814 0.007291666666666667 0.01574074074074074
1 0.9125 0.1986111111111111 0.013541666666666667 0.03611111111111111
1 0.8197916666666667 0.19305555555555556 0.00625 0.017592592592592594
1 0.8984375 0.2601851851851852 0.004166666666666667 0.016666666666666666
1 0.8565104166666667 0.3768518518518518 0.0036458333333333334 0.005555555555555556
1 0.86484375 0.35 0.0067708333333333336 0.022222222222222223
1 0.8848958333333333 0.1824074074074074 0.008333333333333333 0.020370370370370372
