2 0.5 0.5131023148148148 1.0 0.9743527777777777
1 0.28920677083333335 0.2662467592592592 0.07633020833333333 0.11953055555555554
1 0.20509453125 0.04999537037037037 0.009147395833333332 0.025916666666666664
1 0.3780997395833333 0.0786162037037037 0.01661614583333333 0.023899074074074073
1 0.20121614583333333 0.24369351851851853 0.014932291666666668 0.033683333333333336
1 0.09515807291666666 0.20103055555555555 0.009066145833333334 0.016875925925925926
1 0.10517057291666668 0.2522847222222222 0.0051328125 0.019384259259259257
1 0.09664895833333334 0.37953333333333333 0.00788125 0.03128888888888889
1 0.026694010416666667 0.3145699074074074 0.012763020833333333 0.05136203703703703
1 0.0106390625 0.522475 0.007736458333333333 0.041246296296296295
1 0.021521875000000003 0.5006064814814815 0.009710416666666666 0.025287037037037035
1 0.016069010416666665 0.7054324074074074 0.0081796875 0.021975925925925927
1 0.10069322916666666 0.7543953703703703 0.025344791666666665 0.03286481481481481
1 0.24220833333333333 0.4842768518518519 0.0115 0.04633148148148148
1 0.14750442708333333 0.9013949074074074 0.008550520833333334 0.012049074074074073
1 0.17453125 0.8760976851851853 0.0209375 0.05775092592592593
1 0.15454244791666666 0.729588888888889 0.008043229166666667 0.03325185185185185
1 0.15495026041666668 0.8212333333333334 0.0078171875 0.012837037037037037
1 0.20302109375 0.7869171296296297 0.007083854166666667 0.012723148148148148
1 0.23657786458333332 0.9242986111111111 0.013780729166666667 0.01896759259259259
1 0.34282864583333333 0.8661018518518518 0.012740625 0.019240740740740742
1 0.3130375 0.7799587962962963 0.011491666666666667 0.015473148148148147
1 0.39345729166666665 0.9143097222222223 0.013997916666666667 0.010100925925925926
1 0.42259895833333333 0.6970671296296296 0.013947916666666667 0.047837962962962964
1 0.6649609375 0.5871518518518519 0.017421875 0.04282222222222222
1 0.13367604166666666 0.40962916666666666 0.020477083333333333 0.032221296296296296
1 0.94980703125 0.8451513888888889 0.006905729166666667 0.018080555555555558
1 0.9580265625000001 0.8603708333333334 0.0077197916666666665 0.01518611111111111
1 0.8110283854166667 0.3938148148148148 0.009556770833333334 0.01911111111111111
1 0.7528229166666667 0.3141101851851852 0.02335416666666667 0.04303518518518518
1 0.8000651041666667 0.5136185185185185 0.010546875 0.055014814814814815
1 0.8315036458333334 0.5215638888888888 0.011965625 0.04127592592592593
1 0.8468083333333334 0.5282550925925926 0.017575 0.039843518518518514
