2 0.49973958333333335 0.549537037037037 0.9994791666666667 0.899074074074074
1 0.221875 0.21805555555555556 0.020833333333333332 0.032407407407407406
1 0.29322916666666665 0.13703703703703704 0.0125 0.044444444444444446
1 0.24947916666666667 0.22685185185185186 0.011458333333333333 0.024074074074074074
1 0.4783854166666667 0.7125 0.033854166666666664 0.013888888888888888
1 0.27890625 0.8939814814814815 0.0078125 0.026851851851851852
1 0.14661458333333333 0.9708333333333333 0.0067708333333333336 0.030555555555555555
1 0.0067708333333333336 0.6717592592592593 0.00625 0.013888888888888888
1 0.07109375 0.24537037037037038 0.0067708333333333336 0.014814814814814815
1 0.014322916666666666 0.46574074074074073 0.0109375 0.027777777777777776
1 0.8247395833333333 0.700925925925926 0.009895833333333333 0.027777777777777776
1 0.8705729166666667 0.7671296296296296 0.0078125 0.01574074074074074
1 0.9161458333333333 0.7398148148148148 0.004166666666666667 0.007407407407407408
1 0.85234375 0.4083333333333333 0.005729166666666666 0.018518518518518517
1 0.76328125 0.3175925925925926 0.011979166666666667 0.025925925925925925
1 0.8671875 0.2 0.004166666666666667 0.016666666666666666
1 0.23723958333333334 0.17962962962962964 0.0109375 0.04814814814814815
2 0.9755208333333333 0.9638888888888889 0.04791666666666667 0.07037037037037037
1 0.9864583333333333 0.46805555555555556 0.00625 0.026851851851851852
