2 0.5 0.47770000000000007 1.0 0.9554000000000001
1 0.38065625000000003 0.6162865740740742 0.0113125 0.034425000000000004
1 0.5619585937499999 0.7895319444444444 0.03225052083333333 0.012397222222222221
1 0.6385395833333334 0.7174111111111111 0.023954166666666665 0.05334074074074074
1 0.6168726562500001 0.8155773148148148 0.0087453125 0.014487962962962963
1 0.6985130208333333 0.7092787037037037 0.016817708333333334 0.024112962962962965
1 0.5005059895833334 0.38673703703703705 0.017678645833333333 0.017918518518518518
1 0.3218346354166667 0.44398796296296295 0.0197109375 0.019457407407407406
1 0.3040361979166667 0.13081944444444443 0.0122390625 0.02089814814814815
1 0.70984453125 0.4621560185185185 0.0103140625 0.024312037037037038
1 0.8914164062500001 0.47847870370370366 0.011999479166666667 0.01992037037037037
1 0.8983135416666667 0.31236898148148146 0.00704375 0.02103425925925926
1 0.9389552083333333 0.34849166666666664 0.006035416666666666 0.015501851851851853
1 0.96897109375 0.334712962962963 0.0066921875 0.024981481481481483
1 0.4015796875 0.06344027777777778 0.01670104166666667 0.04910277777777778
