2 0.5058302083333334 0.5462675925925926 0.9887437499999999 0.90735
1 0.30184088541666665 0.36248055555555553 0.035973437500000004 0.1175537037037037
1 0.44031328125 0.383250462962963 0.016043229166666666 0.025760185185185188
1 0.40756953125 0.2685171296296296 0.0088890625 0.016663888888888888
1 0.2887059895833334 0.5297328703703703 0.009703645833333333 0.026132407407407406
1 0.30004895833333334 0.5167129629629629 0.013639583333333333 0.027870370370370372
1 0.2750221354166667 0.46950000000000003 0.0073359375000000004 0.014925925925925928
1 0.42696380208333334 0.5917365740740741 0.01642760416666667 0.03717685185185186
1 0.24600234375 0.834312037037037 0.0055463541666666664 0.050105555555555556
1 0.2855669270833333 0.9455541666666666 0.0138421875 0.02814537037037037
1 0.37868151041666664 0.9852967592592593 0.010488020833333334 0.020593518518518518
1 0.4221346354166667 0.3297087962962963 0.0109359375 0.022380555555555556
1 0.48779609375 0.7073902777777777 0.007883854166666667 0.012928703703703703
1 0.47577161458333334 0.7852328703703704 0.0067515625 0.00935462962962963
1 0.798253125 0.9087212962962963 0.01525625 0.03225740740740741
1 0.76120703125 0.828925925925926 0.017205729166666666 0.055999999999999994
1 0.69373046875 0.6680777777777778 0.01766927083333333 0.028748148148148148
1 0.7590911458333333 0.9639037037037038 0.007765625 0.014844444444444445
1 0.7909799479166666 0.7186055555555556 0.012168229166666666 0.022396296296296296
1 0.8254359375 0.49259583333333334 0.022746875 0.06296944444444445
1 0.8137830729166667 0.6611333333333334 0.010899479166666667 0.02597037037037037
1 0.8487513020833333 0.7304240740740741 0.014169270833333332 0.027514814814814815
1 0.8193385416666668 0.6837546296296296 0.006385416666666667 0.01936111111111111
1 0.9887041666666666 0.8734685185185185 0.014908333333333332 0.06545555555555554
1 0.9940325520833333 0.6851837962962963 0.007856770833333334 0.016663888888888888
1 0.9787583333333333 0.6208550925925926 0.014808333333333333 0.032450925925925925
1 0.9802166666666667 0.37269120370370373 0.00835 0.028715740740740743
1 0.8053851562500001 0.8740703703703704 0.0076453125 0.04999259259259259
