2 0.5 0.519724537037037 1.0 0.9598194444444444
1 0.6985393229166666 0.5270754629629629 0.025203645833333333 0.06155833333333334
1 0.6827846354166667 0.37265648148148145 0.0134859375 0.024942592592592593
1 0.8443752604166667 0.38588657407407406 0.007500520833333333 0.014365740740740741
1 0.8976153645833332 0.4500208333333333 0.010855729166666666 0.020412037037037038
1 0.1668453125 0.4891814814814815 0.010773958333333333 0.030214814814814812
1 0.014808333333333335 0.6298481481481482 0.011908333333333333 0.028214814814814818
1 0.06055911458333333 0.26627962962962964 0.010701562500000001 0.025151851851851852
1 0.05597994791666667 0.32815185185185186 0.0098765625 0.019266666666666668
1 0.5241236979166667 0.4266111111111111 0.010747395833333334 0.027296296296296298
1 0.5887078124999999 0.4197356481481482 0.011790625 0.05428611111111111
1 0.5565013020833334 0.3098902777777778 0.010919270833333333 0.017928703703703704
1 0.5289815104166666 0.34383749999999996 0.007963020833333332 0.0339712962962963
