2 0.49973958333333335 0.5467592592592593 0.9994791666666667 0.9064814814814814
1 0.5734375 0.1587962962962963 0.015625 0.03611111111111111
1 0.46510416666666665 0.6893518518518519 0.011458333333333333 0.021296296296296296
1 0.24088541666666666 0.5712962962962963 0.005729166666666666 0.037037037037037035
1 0.6213541666666667 0.9125 0.008333333333333333 0.01574074074074074
1 0.08541666666666667 0.9490740740740741 0.0125 0.03148148148148148
1 0.18151041666666667 0.9078703703703703 0.021354166666666667 0.025
1 0.04401041666666667 0.7523148148148148 0.008854166666666666 0.05277777777777778
1 0.5268229166666667 0.5439814814814815 0.021354166666666667 0.06759259259259259
1 0.55078125 0.2611111111111111 0.011979166666666667 0.020370370370370372
1 0.60625 0.4666666666666667 0.009375 0.024074074074074074
1 0.8041666666666667 0.2865740740740741 0.004166666666666667 0.01574074074074074
1 0.14427083333333332 0.6504629629629629 0.004166666666666667 0.012037037037037037
1 0.17473958333333334 0.6398148148148148 0.005729166666666666 0.020370370370370372
1 0.16536458333333334 0.7398148148148148 0.016145833333333335 0.05555555555555555
1 0.15234375 0.8013888888888889 0.0203125 0.019444444444444445
1 0.14661458333333333 0.799537037037037 0.0067708333333333336 0.01574074074074074
1 0.125 0.924537037037037 0.015625 0.06018518518518518
1 0.12447916666666667 0.9425925925925925 0.013541666666666667 0.020370370370370372
1 0.30026041666666664 0.700462962962963 0.005729166666666666 0.008333333333333333
1 0.32395833333333335 0.6768518518518518 0.013541666666666667 0.016666666666666666
1 0.3809895833333333 0.6453703703703704 0.0109375 0.018518518518518517
1 0.13541666666666666 0.2601851851851852 0.013541666666666667 0.040740740740740744
1 0.1078125 0.5074074074074074 0.013541666666666667 0.06666666666666667
1 0.9395833333333333 0.4587962962962963 0.009375 0.03796296296296296
1 0.8541666666666666 0.48842592592592593 0.010416666666666666 0.025
1 0.8609375 0.5666666666666667 0.023958333333333335 0.04814814814814815
1 0.9919270833333333 0.549074074074074 0.0067708333333333336 0.025925925925925925
1 0.9109375 0.7407407407407407 0.036458333333333336 0.05925925925925926
1 0.92421875 0.7328703703703704 0.0067708333333333336 0.012037037037037037
1 0.9177083333333333 0.6 0.004166666666666667 0.009259259259259259
1 0.9932291666666667 0.6314814814814815 0.00625 0.016666666666666666
1 0.98125 0.8939814814814815 0.005208333333333333 0.013888888888888888
1 0.9395833333333333 0.8976851851851851 0.009375 0.013888888888888888
1 0.8731770833333333 0.7212962962962963 0.0046875 0.011111111111111112
1 0.5505208333333333 0.7245370370370371 0.004166666666666667 0.008333333333333333
1 0.5640625 0.9513888888888888 0.010416666666666666 0.03425925925925926
1 0.5294270833333333 0.7106481481481481 0.0046875 0.017592592592592594
1 0.14921875 0.8865740740740741 0.009895833333333333 0.021296296296296296
1 0.03671875 0.9009259259259259 0.0078125 0.022222222222222223
1 0.0026041666666666665 0.9050925925925926 0.005208333333333333 0.017592592592592594
1 0.002864583333333333 0.6930555555555555 0.005729166666666666 0.019444444444444445
1 0.26458333333333334 0.6759259259259259 0.005208333333333333 0.007407407407407408
1 0.1578125 0.5805555555555556 0.007291666666666667 0.022222222222222223
1 0.23541666666666666 0.4356481481481482 0.00625 0.010185185185185186
1 0.17057291666666666 0.36157407407407405 0.0036458333333333334 0.006481481481481481
1 0.70703125 0.16203703703703703 0.011979166666666667 0.011111111111111112
1 0.840625 0.3861111111111111 0.021875 0.03148148148148148
1 0.83359375 0.3972222222222222 0.0078125 0.018518518518518517
1 0.8817708333333333 0.4425925925925926 0.005208333333333333 0.011111111111111112
1 0.8630208333333333 0.5412037037037037 0.004166666666666667 0.010185185185185186
1 0.9302083333333333 0.3736111111111111 0.013541666666666667 0.026851851851851852
1 0.99609375 0.9949074074074075 0.0067708333333333336 0.008333333333333333
