2 0.5 0.47077638888888884 1.0 0.9415527777777777
1 0.6687559895833334 0.8731814814814814 0.009386979166666667 0.02228888888888889
1 0.6268499999999999 0.8764175925925926 0.020366666666666665 0.028761111111111112
1 0.5842890625 0.9134018518518519 0.022744791666666667 0.03791481481481482
1 0.8021541666666666 0.6885162037037037 0.017849999999999998 0.045550925925925925
1 0.8108026041666666 0.5902060185185185 0.014313541666666667 0.03411574074074074
1 0.8680559895833333 0.4464699074074074 0.012153645833333334 0.029976851851851852
1 0.98517734375 0.4466962962962963 0.008896354166666667 0.02117037037037037
1 0.49777083333333333 0.6509578703703703 0.012208333333333333 0.024137962962962962
1 0.48482161458333334 0.5884800925925926 0.007143229166666667 0.026960185185185188
1 0.28530520833333334 0.1884513888888889 0.021652083333333336 0.03060648148148148
1 0.20448333333333332 0.17468935185185186 0.0173 0.025304629629629632
1 0.35206197916666665 0.12489074074074075 0.011415625 0.014596296296296296
1 0.35982187499999996 0.14280046296296298 0.008185416666666665 0.015230555555555556
1 0.24915130208333333 0.2072638888888889 0.017052604166666666 0.029342592592592594
1 0.24641276041666668 0.2509546296296296 0.0157421875 0.03153888888888889
1 0.09982786458333333 0.5081157407407407 0.012155729166666665 0.031046296296296298
1 0.2734005208333333 0.6088282407407407 0.012426041666666667 0.02691574074074074
1 0.24249739583333335 0.6487430555555556 0.008953125000000001 0.019708333333333335
1 0.27444401041666666 0.7702185185185185 0.011388020833333333 0.008955555555555557
1 0.49386874999999997 0.731786111111111 0.007529166666666667 0.015424074074074074
1 0.8425135416666667 0.7352476851851851 0.0037770833333333332 0.014939814814814815
1 0.8391260416666667 0.7141425925925926 0.008460416666666666 0.019025925925925925
1 0.17417213541666668 0.39094814814814816 0.006677604166666667 0.018933333333333333
1 0.40594140625 0.46099537037037036 0.0087578125 0.027546296296296298
1 0.38470624999999997 0.34139722222222224 0.0162875 0.03649814814814815
1 0.25606380208333335 0.420650462962963 0.0110859375 0.019078703703703705
1 0.140278125 0.35462083333333333 0.006597916666666666 0.012945370370370371
1 0.12904895833333332 0.5498087962962963 0.009139583333333333 0.031099074074074078
1 0.37358411458333335 0.8052412037037037 0.006543229166666667 0.030852777777777778
1 0.1695203125 0.6022592592592593 0.016123958333333334 0.010074074074074076
1 0.21831744791666666 0.5164398148148148 0.010593229166666666 0.01250925925925926
1 0.10074869791666667 0.608049537037037 0.0077473958333333336 0.02165462962962963
1 0.11377109375 0.32591435185185186 0.0035838541666666666 0.01664351851851852
1 0.239028125 0.2743541666666667 0.010347916666666667 0.019078703703703705
1 0.8390927083333334 0.09019351851851852 0.015685416666666667 0.01372037037037037
1 0.9005302083333333 0.4436319444444444 0.00626875 0.011337962962962963
1 0.5697187499999999 0.4911648148148148 0.0050625 0.02121851851851852
1 0.19131796874999998 0.49014722222222223 0.0076359374999999995 0.013627777777777779
1 0.1798356770833333 0.3391018518518519 0.004463020833333334 0.007833333333333335
1 0.16415364583333333 0.3212875 0.006432291666666667 0.012945370370370371
1 0.19426666666666667 0.22586990740740742 0.006241666666666667 0.010999074074074074
1 0.22301458333333332 0.6568935185185185 0.009570833333333334 0.019342592592592592
