2 0.5 0.5 1.0 1.0
1 0.02734375 0.37592592592592594 0.0067708333333333336 0.025925925925925925
1 0.05130208333333333 0.7861111111111111 0.009895833333333333 0.022222222222222223
1 0.07421875 0.8361111111111111 0.018229166666666668 0.053703703703703705
1 0.08125 0.7671296296296296 0.010416666666666666 0.01574074074074074
1 0.15807291666666667 0.7615740740740741 0.016145833333333335 0.026851851851851852
1 0.16588541666666667 0.674074074074074 0.022395833333333334 0.04814814814814815
1 0.1828125 0.9925925925925926 0.015625 0.012962962962962963
1 0.46328125 0.9125 0.022395833333333334 0.04722222222222222
1 0.3190104166666667 0.3673032407407407 0.015104166666666667 0.03460648148148148
1 0.34713541666666664 0.8425925925925926 0.009895833333333333 0.012962962962962963
1 0.4859375 0.29259259259259257 0.0125 0.03518518518518519
1 0.5677083333333334 0.2902777777777778 0.0125 0.03796296296296296
1 0.6018229166666667 0.17685185185185184 0.0203125 0.027777777777777776
1 0.6705729166666666 0.3736111111111111 0.018229166666666668 0.04537037037037037
1 0.6432291666666666 0.6 0.007291666666666667 0.025925925925925925
1 0.70078125 0.8643518518518518 0.005729166666666666 0.023148148148148147
1 0.6330729166666667 0.7796296296296297 0.0140625 0.03333333333333333
1 0.6786458333333333 0.7574074074074074 0.016666666666666666 0.03148148148148148
1 0.7213541666666666 0.7273148148148149 0.025 0.017592592592592594
1 0.45651041666666664 0.7759259259259259 0.008854166666666666 0.018518518518518517
1 0.8388020833333333 0.34675925925925927 0.013020833333333334 0.03981481481481482
1 0.7174479166666666 0.8856481481481482 0.016145833333333335 0.025
1 0.8705729166666667 0.47824074074074074 0.011979166666666667 0.030555555555555555
1 0.8796875 0.575925925925926 0.036458333333333336 0.05555555555555555
1 0.7783854166666667 0.46574074074074073 0.0067708333333333336 0.016666666666666666
1 0.8276041666666667 0.7805555555555556 0.013541666666666667 0.037037037037037035
1 0.8744791666666667 0.8143518518518519 0.026041666666666668 0.05462962962962963
1 0.9013020833333333 0.8055555555555556 0.009895833333333333 0.03333333333333333
1 0.9252604166666667 0.8541666666666666 0.011979166666666667 0.021296296296296296
1 0.91796875 0.7050925925925926 0.008854166666666666 0.023148148148148147
1 0.821875 0.4722222222222222 0.0125 0.020370370370370372
1 0.5549479166666667 0.9740740740740741 0.009895833333333333 0.016666666666666666
1 0.85078125 0.9347222222222222 0.0036458333333333334 0.017592592592592594
1 0.39348958333333334 0.5050925925925925 0.005729166666666666 0.017592592592592594
