2 0.5 0.4910916666666667 1.0 0.9821833333333334
1 0.5563677083333334 0.7603273148148149 0.01586041666666667 0.0373212962962963
1 0.5107721354166667 0.8304083333333333 0.012169270833333332 0.05340925925925926
1 0.77169609375 0.6466944444444443 0.013183854166666667 0.02487037037037037
1 0.6942377604166666 0.47071296296296294 0.012433854166666668 0.037722222222222226
1 0.7772703125 0.7468217592592593 0.014957291666666667 0.026976851851851853
1 0.700203125 0.1371351851851852 0.02228125 0.03908518518518519
1 0.3630645833333333 0.4912708333333333 0.0125875 0.03624537037037037
1 0.252365625 0.5044976851851851 0.00785625 0.023810185185185184
1 0.7699200520833334 0.010055555555555555 0.014840104166666666 0.02011111111111111
