2 0.49973958333333335 0.549537037037037 0.9994791666666667 0.899074074074074
1 0.03515625 0.2962962962962963 0.0109375 0.02962962962962963
1 0.013802083333333333 0.3347222222222222 0.008854166666666666 0.03981481481481482
1 0.37005208333333334 0.4166666666666667 0.008854166666666666 0.03148148148148148
1 0.08333333333333333 0.5273148148148148 0.00625 0.017592592592592594
1 0.16354166666666667 0.6439814814814815 0.004166666666666667 0.006481481481481481
1 0.26953125 0.962037037037037 0.0046875 0.011111111111111112
1 0.82421875 0.7601851851851852 0.011979166666666667 0.014814814814814815
1 0.85234375 0.6708333333333333 0.015104166666666667 0.026851851851851852
1 0.7921875 0.6722222222222223 0.019791666666666666 0.046296296296296294
1 0.83828125 0.7018518518518518 0.0067708333333333336 0.020370370370370372
1 0.80078125 0.6 0.0046875 0.012962962962962963
1 0.63203125 0.6532407407407408 0.016145833333333335 0.030555555555555555
1 0.69921875 0.6972222222222222 0.008854166666666666 0.016666666666666666
1 0.6411458333333333 0.7027777777777777 0.019791666666666666 0.012962962962962963
1 0.56875 0.5300925925925926 0.009375 0.021296296296296296
1 0.5515625 0.47638888888888886 0.008333333333333333 0.019444444444444445
1 0.47291666666666665 0.575462962962963 0.009375 0.010185185185185186
1 0.6059895833333333 0.5111111111111111 0.005729166666666666 0.007407407407407408
1 0.7184895833333333 0.19768518518518519 0.0140625 0.017592592592592594
1 0.6716145833333333 0.8768518518518519 0.0067708333333333336 0.014814814814814815
1 0.6140625 0.7537037037037037 0.011458333333333333 0.018518518518518517
1 0.8604166666666667 0.7930555555555555 0.008333333333333333 0.021296296296296296
1 0.7466145833333333 0.9587962962962963 0.0109375 0.025
1 0.35052083333333334 0.36944444444444446 0.019791666666666666 0.020370370370370372
1 0.7424479166666667 0.21342592592592594 0.008854166666666666 0.01574074074074074
1 0.8541666666666666 0.9796296296296296 0.00625 0.011111111111111112
