2 0.5 0.49685231481481484 1.0 0.9937046296296297
2 0.8916565104166666 0.9902648148148149 0.007271354166666666 0.015714814814814817
2 0.9320937499999999 0.9799523148148148 0.025645833333333333 0.03212685185185186
1 0.13344296875 0.6886013888888889 0.009594270833333333 0.016091666666666667
1 0.16067369791666666 0.4707111111111111 0.0223890625 0.05438518518518518
1 0.11480625 0.20562962962962963 0.008779166666666668 0.018666666666666668
1 0.08976796875 0.22263194444444445 0.009744270833333334 0.017486111111111112
1 0.4040458333333333 0.26041018518518516 0.01746666666666667 0.044894444444444445
1 0.5178950520833333 0.1371185185185185 0.029540104166666668 0.06682962962962963
1 0.46059791666666666 0.3246365740740741 0.03994583333333333 0.04001388888888889
1 0.79095390625 0.4741745370370371 0.008991145833333334 0.018719444444444445
1 0.8684924479166667 0.28301342592592593 0.02344322916666667 0.027137962962962964
1 0.66658125 0.2777032407407407 0.0050375 0.020221296296296296
1 0.8814356770833334 0.7969449074074074 0.007663020833333333 0.025371296296296295
1 0.37140364583333335 0.6486763888888889 0.027182291666666667 0.03068611111111111
1 0.30562630208333336 0.6505976851851851 0.0133359375 0.014158333333333334
1 0.44210911458333335 0.24465138888888888 0.006093229166666667 0.02263611111111111
1 0.3600145833333333 0.31705231481481483 0.0044041666666666665 0.010030555555555556
1 0.42309296874999996 0.3579828703703704 0.012852604166666667 0.008558333333333334
1 0.5456338541666667 0.25867500000000004 0.007934375 0.019201851851851852
