2 0.49973958333333335 0.524537037037037 0.9994791666666667 0.9490740740740741
1 0.22916666666666666 0.3648148148148148 0.0125 0.03148148148148148
1 0.04348958333333333 0.4648148148148148 0.0078125 0.044444444444444446
1 0.015364583333333333 0.44212962962962965 0.0109375 0.026851851851851852
1 0.042708333333333334 0.6768518518518518 0.004166666666666667 0.03888888888888889
1 0.28802083333333334 0.2111111111111111 0.019791666666666666 0.04259259259259259
1 0.625 0.4009259259259259 0.011458333333333333 0.022222222222222223
1 0.6174479166666667 0.6921296296296297 0.013020833333333334 0.021296296296296296
1 0.8075520833333333 0.7541666666666667 0.0078125 0.019444444444444445
1 0.09869791666666666 0.8930555555555556 0.005729166666666666 0.03611111111111111
1 0.24479166666666666 0.9453703703703704 0.011458333333333333 0.03333333333333333
1 0.13463541666666667 0.586574074074074 0.0078125 0.023148148148148147
1 0.9338541666666667 0.8009259259259259 0.005208333333333333 0.018518518518518517
1 0.010677083333333334 0.2462962962962963 0.0067708333333333336 0.022222222222222223
