2 0.5 0.48213101851851853 1.0 0.9642620370370371
1 0.4277838541666667 0.9280236111111111 0.019109374999999998 0.026417592592592593
1 0.1102125 0.6280347222222222 0.014175 0.03940277777777778
1 0.04386796875 0.6520777777777778 0.011694270833333333 0.024525925925925927
1 0.12484218750000001 0.47139027777777776 0.012184374999999999 0.02796574074074074
1 0.16525833333333334 0.42807407407407405 0.01385 0.024666666666666667
1 0.04109869791666666 0.44895509259259264 0.007197395833333333 0.016428703703703702
1 0.0021145833333333333 0.3789814814814815 0.004229166666666667 0.02277777777777778
1 0.22484583333333333 0.18814398148148148 0.01115 0.02258425925925926
1 0.6316437500000001 0.07211481481481481 0.011204166666666666 0.012748148148148149
1 0.6440557291666666 0.1245398148148148 0.013111458333333333 0.03426481481481482
1 0.6754075520833334 0.18085925925925928 0.016440104166666667 0.04875555555555555
1 0.6241916666666667 0.19988611111111113 0.009841666666666667 0.014587037037037037
1 0.6667338541666666 0.21205833333333332 0.010551041666666667 0.01856111111111111
1 0.5181169270833333 0.7443949074074074 0.02060885416666667 0.03508611111111111
1 0.55269765625 0.9029856481481482 0.010603645833333335 0.013378703703703703
1 0.9521447916666667 0.6373564814814815 0.012622916666666668 0.03397222222222222
1 0.9277596354166667 0.417762962962963 0.012810937500000001 0.035525925925925926
1 0.930365625 0.4859972222222222 0.007606249999999999 0.014587037037037037
1 0.8556734375 0.3338601851851852 0.019680208333333334 0.056609259259259255
1 0.8805080729166667 0.12830694444444446 0.020391145833333336 0.03809537037037037
1 0.92694453125 0.02825972222222222 0.024722395833333334 0.05651944444444444
