2 0.5057291666666667 0.5486111111111112 0.9875 0.9009259259259259
1 0.29322916666666665 0.5722222222222222 0.019791666666666666 0.053703703703703705
1 0.35651041666666666 0.4587962962962963 0.022395833333333334 0.04722222222222222
1 0.3734375 0.6842592592592592 0.03125 0.040740740740740744
1 0.3484375 0.2935185185185185 0.020833333333333332 0.03333333333333333
1 0.47682291666666665 0.22175925925925927 0.0203125 0.028703703703703703
1 0.6200520833333333 0.7212962962962963 0.0171875 0.044444444444444446
1 0.70234375 0.6569444444444444 0.0234375 0.03425925925925926
1 0.7166666666666667 0.6393518518518518 0.014583333333333334 0.025
1 0.728125 0.7518518518518519 0.025 0.02962962962962963
1 0.5622395833333333 0.8046296296296296 0.019270833333333334 0.03148148148148148
1 0.6838541666666667 0.8592592592592593 0.010416666666666666 0.022222222222222223
1 0.6552083333333333 0.8032407407407407 0.008333333333333333 0.021296296296296296
1 0.5953125 0.8083333333333333 0.015625 0.025925925925925925
1 0.33619791666666665 0.7592592592592593 0.013020833333333334 0.020370370370370372
1 0.3453125 0.8296296296296296 0.030208333333333334 0.07962962962962963
1 0.45364583333333336 0.8134259259259259 0.016666666666666666 0.032407407407407406
1 0.6326122395833333 0.2423787037037037 0.017307812500000002 0.04957222222222222
1 0.8799479166666667 0.9032407407407408 0.0140625 0.04722222222222222
1 0.8513020833333333 0.8986111111111111 0.016145833333333335 0.04722222222222222
1 0.8630643229166667 0.8740740740740741 0.0177953125 0.03518518518518519
1 0.7903645833333334 0.5981481481481481 0.013020833333333334 0.03148148148148148
1 0.8513020833333333 0.9629629629629629 0.009895833333333333 0.02962962962962963
1 0.03854166666666667 0.6152777777777778 0.020833333333333332 0.06574074074074074
1 0.30911458333333336 0.23935185185185184 0.009895833333333333 0.032407407407407406
1 0.29375 0.19814814814814816 0.00625 0.020370370370370372
1 0.4317708333333333 0.2212962962962963 0.015625 0.014814814814814815
1 0.5700520833333333 0.16666666666666666 0.0036458333333333334 0.007407407407407408
1 0.5802083333333333 0.16111111111111112 0.013541666666666667 0.025925925925925925
1 0.5674479166666667 0.15138888888888888 0.011979166666666667 0.019444444444444445
1 0.64296875 0.19166666666666668 0.013020833333333334 0.022222222222222223
1 0.6890299479166667 0.38709490740740743 0.0478515625 0.0630787037037037
1 0.5786458333333333 0.6578703703703703 0.01875 0.030555555555555555
1 0.7802083333333333 0.7472222222222222 0.0020833333333333333 0.007407407407407408
1 0.7908854166666667 0.7509259259259259 0.011979166666666667 0.016666666666666666
1 0.8247395833333333 0.7800925925925926 0.008854166666666666 0.021296296296296296
1 0.3177083333333333 0.44722222222222224 0.014583333333333334 0.014814814814814815
