2 0.5 0.44866990740740736 1.0 0.8973398148148147
1 0.24007083333333332 0.4861833333333333 0.012433333333333333 0.020514814814814812
1 0.22207005208333333 0.595375462962963 0.008723437499999999 0.022232407407407406
1 0.30761510416666665 0.6397606481481481 0.007938541666666667 0.04433611111111111
1 0.10375130208333333 0.6003768518518519 0.007502604166666666 0.01742037037037037
1 0.2984572916666667 0.7657782407407407 0.01358125 0.022297222222222222
1 0.6721403645833333 0.6736037037037037 0.010947395833333333 0.013874074074074073
1 0.7297744791666666 0.7314162037037036 0.013715625 0.03505462962962963
1 0.8656375 0.35765694444444446 0.023983333333333336 0.04494351851851852
1 0.9237093749999999 0.42315324074074073 0.00991875 0.022232407407407406
1 0.4740372395833334 0.040702314814814816 0.008491145833333333 0.04992314814814815
