2 0.49973958333333335 0.549537037037037 0.9994791666666667 0.899074074074074
1 0.49244791666666665 0.5509259259259259 0.0359375 0.04259259259259259
2 0.03623958333333333 0.17531435185185185 0.014145833333333333 0.013591666666666667
2 0.05520833333333333 0.17068101851851852 0.0125 0.019139814814814814
1 0.03046875 0.4439814814814815 0.005729166666666666 0.01574074074074074
1 0.27291666666666664 0.7541666666666667 0.03125 0.028703703703703703
1 0.31015625 0.7171296296296297 0.0078125 0.01574074074074074
1 0.2984375 0.7675925925925926 0.011458333333333333 0.009259259259259259
1 0.34375 0.9907407407407407 0.0125 0.016666666666666666
1 0.009114583333333334 0.9435185185185185 0.011979166666666667 0.022222222222222223
1 0.02421875 0.9037037037037037 0.005729166666666666 0.016666666666666666
1 0.11848958333333333 0.8101851851851852 0.011979166666666667 0.025925925925925925
1 0.5778645833333333 0.9175925925925926 0.011979166666666667 0.014814814814814815
1 0.6510416666666666 0.9625 0.026041666666666668 0.017592592592592594
1 0.6966145833333334 0.7342592592592593 0.008854166666666666 0.03518518518518519
1 0.8190104166666666 0.6365740740740741 0.018229166666666668 0.028703703703703703
1 0.7020833333333333 0.2912037037037037 0.026041666666666668 0.012037037037037037
1 0.7940104166666667 0.2125 0.018229166666666668 0.04351851851851852
1 0.8278645833333333 0.25787037037037036 0.0203125 0.017592592592592594
1 0.8260416666666667 0.29259259259259257 0.007291666666666667 0.03888888888888889
1 0.9109375 0.6287037037037037 0.008333333333333333 0.020370370370370372
1 0.13385416666666666 0.7402777777777778 0.009375 0.019444444444444445
1 0.08385416666666666 0.6782407407407407 0.005208333333333333 0.010185185185185186
1 0.0703125 0.36342592592592593 0.004166666666666667 0.021296296296296296
1 0.027604166666666666 0.3074074074074074 0.005208333333333333 0.012962962962962963
1 0.9901041666666667 0.762962962962963 0.008333333333333333 0.009259259259259259
1 0.9140625 0.5439814814814815 0.008333333333333333 0.023148148148148147
1 0.8729166666666667 0.2263888888888889 0.005208333333333333 0.010185185185185186
1 0.7161458333333334 0.3972222222222222 0.008333333333333333 0.012962962962962963
1 0.9908854166666666 0.4699074074074074 0.005729166666666666 0.021296296296296296
