2 0.5 0.46830370370370367 1.0 0.9366074074074073
1 0.9621651041666667 0.8365523148148148 0.007663541666666667 0.023104629629629628
1 0.7578015625 0.6992898148148148 0.018728124999999998 0.035616666666666665
1 0.7309372395833333 0.6287763888888889 0.006666145833333333 0.013108333333333333
1 0.6928666666666667 0.40508796296296296 0.02115 0.037953703703703705
1 0.9555549479166667 0.5423967592592592 0.011109895833333333 0.021830555555555558
1 0.9833294270833334 0.4386699074074074 0.008325520833333332 0.02363611111111111
1 0.7278440104166666 0.20222731481481482 0.014021354166666666 0.021121296296296298
1 0.8891111979166666 0.22116944444444445 0.012597395833333334 0.016412962962962963
1 0.48715781249999995 0.2917106481481482 0.010773958333333333 0.01860648148148148
1 0.57160234375 0.2711351851851852 0.012996354166666666 0.025603703703703705
1 0.5940059895833334 0.33909398148148145 0.010928645833333334 0.018928703703703705
1 0.45111249999999997 0.09179768518518519 0.026183333333333333 0.029891666666666667
1 0.31059921875 0.06533333333333334 0.009740104166666668 0.017703703703703704
1 0.12402526041666667 0.4877949074074074 0.01992552083333333 0.05336759259259259
1 0.18381484375 0.6357680555555556 0.016588020833333335 0.06968425925925927
1 0.27212109375 0.5636958333333334 0.024450520833333333 0.05146574074074074
1 0.21970494791666667 0.32408333333333333 0.013368229166666667 0.014833333333333334
1 0.18602109375 0.1996351851851852 0.010583854166666667 0.02149259259259259
1 0.7118205729166667 0.39019722222222225 0.006974479166666667 0.019283333333333333
1 0.7055906249999999 0.37538379629629626 0.010139583333333334 0.021137962962962963
1 0.6804317708333334 0.313675 0.02440520833333333 0.01809074074074074
1 0.8608864583333333 0.30743611111111113 0.0051062500000000005 0.007464814814814814
1 0.9202250000000001 0.3448115740740741 0.005033333333333333 0.008141666666666667
1 0.32135026041666664 0.7018240740740741 0.008325520833333332 0.020314814814814817
1 0.46018749999999997 0.37948472222222224 0.009958333333333335 0.03859907407407407
1 0.2669875 0.012026388888888889 0.020433333333333335 0.024052777777777777
1 0.9314364583333333 0.789174537037037 0.015997916666666667 0.03205277777777778
1 0.78297109375 0.8089 0.0076088541666666665 0.0178
