2 0.5 0.4472200520833333 1.0 0.8944401041666666
1 0.9344873046875 0.3107230902777778 0.012529296875 0.024223958333333333
1 0.4807099609375 0.6489774305555556 0.037591796875 0.05142708333333333
1 0.4803271484375 0.6923967013888889 0.010458984375 0.02541840277777778
1 0.700373291015625 0.39070616319444446 0.02086376953125 0.04356510416666667
1 0.92557177734375 0.19289713541666667 0.0142294921875 0.03336371527777778
1 0.35149755859375 0.4522682291666667 0.0164716796875 0.02606423611111111
1 0.52306787109375 0.4692157118055556 0.0226982421875 0.032181423611111114
1 0.479832275390625 0.4182504340277778 0.00653955078125 0.010111979166666667
1 0.4427607421875 0.42686979166666666 0.008568359375 0.015197916666666665
1 0.165518798828125 0.04304036458333333 0.00974853515625 0.020108506944444444
