2 0.49973958333333335 0.500462962962963 0.9994791666666667 0.9990740740740741
1 0.16067708333333333 0.2162037037037037 0.028645833333333332 0.06574074074074074
1 0.16223958333333333 0.2490740740740741 0.0109375 0.012962962962962963
1 0.20703125 0.34120370370370373 0.009895833333333333 0.013888888888888888
1 0.12005208333333334 0.43194444444444446 0.0203125 0.05092592592592592
1 0.35859375 0.5717592592592593 0.0109375 0.021296296296296296
1 0.34713541666666664 0.3699074074074074 0.0036458333333333334 0.05648148148148148
1 0.3216145833333333 0.008796296296296297 0.0067708333333333336 0.010185185185185186
1 0.15026041666666667 0.08611111111111111 0.0109375 0.012962962962962963
1 0.39088541666666665 0.5541666666666667 0.0067708333333333336 0.012037037037037037
1 0.31484375 0.8083333333333333 0.013020833333333334 0.024074074074074074
1 0.04791666666666667 0.725462962962963 0.009375 0.019444444444444445
1 0.6981770833333333 0.8490740740740741 0.0140625 0.016666666666666666
1 0.7888020833333333 0.7888888888888889 0.011979166666666667 0.03518518518518519
1 0.7955729166666666 0.7731481481481481 0.011979166666666667 0.020370370370370372
1 0.8083333333333333 0.7726851851851851 0.016666666666666666 0.028703703703703703
1 0.9869791666666666 0.8175925925925925 0.025 0.06481481481481481
1 0.9901041666666667 0.7870370370370371 0.01875 0.04259259259259259
