2 0.51301953125 0.5194319444444444 0.9739557291666666 0.9610861111111111
1 0.4329291666666667 0.8290703703703703 0.024191666666666667 0.05073333333333333
1 0.9717921875 0.5590379629629629 0.014417708333333333 0.03659444444444444
1 0.8269468750000001 0.7823037037037037 0.011185416666666666 0.022014814814814813
1 0.8778619791666666 0.8276583333333333 0.008848958333333332 0.020131481481481483
1 0.6456315104166667 0.2544953703703704 0.016263020833333332 0.016398148148148148
1 0.17947526041666664 0.2765416666666667 0.0099921875 0.02900925925925926
1 0.9552973958333334 0.6564597222222223 0.006428125000000001 0.018475
1 0.7294609375000001 0.9019777777777778 0.007880208333333335 0.011362962962962964
1 0.8419343749999999 0.7944199074074073 0.005743750000000001 0.027728703703703703
1 0.9254127604166666 0.9786648148148149 0.007075520833333334 0.022144444444444446
