2 0.48427786458333333 0.56225 0.9685557291666667 0.8763518518518519
1 0.8094591145833333 0.5844 0.009543229166666667 0.03731851851851852
1 0.6946223958333333 0.49706249999999996 0.006953125 0.031162037037037037
1 0.36850520833333333 0.4100490740740741 0.019302083333333334 0.031209259259259263
1 0.14677083333333335 0.687874537037037 0.012291666666666668 0.049823148148148144
1 0.3862953125 0.5984287037037037 0.019465625 0.03945
1 0.2456236979166667 0.9419680555555556 0.016247395833333334 0.022825
1 0.4315559895833333 0.6930101851851852 0.007903645833333334 0.03416851851851852
1 0.5749684895833334 0.850487962962963 0.011395312500000001 0.01764259259259259
1 0.501409375 0.3207856481481482 0.00594375 0.008237962962962963
