2 0.5 0.5222888888888889 1.0 0.9556888888888889
1 0.8484333333333333 0.22218888888888888 0.009366666666666667 0.03697037037037037
1 0.9842789062499999 0.28271666666666667 0.007099479166666667 0.024692592592592592
1 0.9905138020833333 0.3520203703703704 0.007069270833333334 0.028114814814814815
1 0.7898645833333333 0.3058810185185185 0.0318125 0.06546574074074074
1 0.7907229166666667 0.22554305555555557 0.011654166666666667 0.0973824074074074
1 0.7976664062500001 0.4770810185185185 0.016166145833333333 0.037495370370370366
1 0.9130770833333333 0.5886277777777777 0.026154166666666666 0.05873703703703704
1 0.8425947916666666 0.5766087962962962 0.007064583333333333 0.01988425925925926
1 0.88577265625 0.7433546296296296 0.009045312500000001 0.01819074074074074
1 0.7219265625 0.5816611111111111 0.017811458333333332 0.03369259259259259
1 0.7023515625000001 0.6869652777777778 0.005744791666666666 0.03133796296296296
1 0.34519947916666666 0.8098662037037037 0.014357291666666666 0.05121388888888889
1 0.31173802083333335 0.8552023148148149 0.032851041666666664 0.04929351851851852
1 0.20898723958333332 0.7315203703703704 0.013807812499999999 0.033411111111111114
1 0.26796145833333335 0.7737356481481481 0.009881250000000001 0.023397222222222222
1 0.18386041666666667 0.7854333333333333 0.0052208333333333325 0.02271851851851852
1 0.18070807291666666 0.6685263888888889 0.010374479166666667 0.025941666666666665
1 0.1786953125 0.7296106481481481 0.005307291666666667 0.014776851851851852
1 0.15874947916666665 0.6522407407407407 0.006040625 0.011888888888888888
1 0.10534557291666666 0.6439115740740741 0.008607812500000001 0.023008333333333332
1 0.18126979166666668 0.5230879629629629 0.012539583333333333 0.03321296296296296
1 0.20055572916666667 0.4662824074074074 0.014653125 0.038120370370370374
1 0.2624302083333333 0.42553009259259256 0.018610416666666667 0.047356481481481486
1 0.35280598958333337 0.18160416666666665 0.0139453125 0.035430555555555555
1 0.20320885416666667 0.3709537037037037 0.0064177083333333326 0.012277777777777778
1 0.16813072916666666 0.4411222222222222 0.011261458333333333 0.01742962962962963
1 0.16886796874999999 0.48788333333333334 0.007527604166666666 0.012803703703703703
1 0.11575572916666667 0.9331583333333333 0.007553125 0.02002037037037037
