2 0.5 0.5 1.0 1.0
1 0.20178229166666667 0.1463347222222222 0.01398125 0.02970648148148148
1 0.3395927083333333 0.3469736111111111 0.0073104166666666665 0.018021296296296296
1 0.3889302083333333 0.354575 0.01431875 0.01840925925925926
1 0.43263593749999996 0.25854212962962964 0.016313541666666667 0.022639814814814814
1 0.46930963541666665 0.08520462962962963 0.018827604166666668 0.03707592592592593
1 0.3473375 0.01827361111111111 0.023841666666666667 0.030991666666666664
1 0.08117395833333334 0.5469916666666667 0.007139583333333334 0.02176111111111111
1 0.5377559895833334 0.9400949074074074 0.014053645833333333 0.035745370370370365
1 0.6516971354166666 0.9362981481481482 0.028394270833333336 0.02444814814814815
1 0.6857197916666667 0.37378194444444446 0.014147916666666668 0.04571203703703704
1 0.6968098958333333 0.2656888888888889 0.014453125 0.04248888888888889
1 0.7103888020833333 0.16691527777777776 0.009319270833333334 0.04308981481481482
1 0.7485666666666667 0.10597592592592593 0.01796666666666667 0.026766666666666668
1 0.71019453125 0.03486111111111111 0.032889062499999996 0.021574074074074075
1 0.8059408854166666 0.2849773148148148 0.0472984375 0.11995462962962962
1 0.98780390625 0.2300324074074074 0.024566145833333334 0.07858333333333334
1 0.8569153645833333 0.3974263888888889 0.0159140625 0.02633425925925926
1 0.8720671875 0.4899550925925925 0.017051041666666666 0.052132407407407405
1 0.8727739583333334 0.5765958333333333 0.008047916666666667 0.01615462962962963
1 0.8921828125 0.6541407407407407 0.008323958333333333 0.021244444444444444
1 0.04955729166666667 0.22261805555555556 0.010572916666666666 0.028569444444444446
1 0.13804453125 0.2684546296296296 0.010464062500000001 0.025798148148148146
