2 0.49973958333333335 0.5398148148148149 0.9994791666666667 0.9185185185185185
1 0.5359375 0.4217592592592593 0.01875 0.032407407407407406
1 0.3966145833333333 0.475 0.015104166666666667 0.05555555555555555
1 0.44635416666666666 0.3925925925925926 0.009375 0.016666666666666666
1 0.459375 0.1388888888888889 0.011458333333333333 0.020370370370370372
1 0.3919270833333333 0.11527777777777778 0.03802083333333333 0.058333333333333334
2 0.8975864583333333 0.14705231481481482 0.036839583333333335 0.03299351851851852
1 0.24609375 0.3449074074074074 0.0234375 0.03981481481481482
1 0.41796875 0.2412037037037037 0.009895833333333333 0.017592592592592594
1 0.5036458333333333 0.1884259259259259 0.0125 0.01574074074074074
1 0.5057291666666667 0.17083333333333334 0.00625 0.010185185185185186
1 0.5427083333333333 0.1736111111111111 0.004166666666666667 0.01574074074074074
1 0.64921875 0.30694444444444446 0.018229166666666668 0.032407407407407406
1 0.7588541666666667 0.5467592592592593 0.009375 0.028703703703703703
1 0.9385416666666667 0.5115740740740741 0.009375 0.023148148148148147
1 0.7611979166666667 0.26805555555555555 0.015104166666666667 0.01574074074074074
1 0.44609375 0.9569444444444445 0.0203125 0.026851851851851852
1 0.36015625 0.9523148148148148 0.0140625 0.021296296296296296
1 0.37265625 0.9962962962962963 0.013020833333333334 0.005555555555555556
1 0.4036458333333333 0.9574074074074074 0.00625 0.011111111111111112
1 0.42552083333333335 0.9833333333333333 0.010416666666666666 0.016666666666666666
1 0.5604166666666667 0.9643518518518519 0.010416666666666666 0.01574074074074074
1 0.35833333333333334 0.6638888888888889 0.005208333333333333 0.009259259259259259
1 0.24375 0.5777777777777777 0.019791666666666666 0.04259259259259259
1 0.0234375 0.5388888888888889 0.008333333333333333 0.018518518518518517
1 0.016927083333333332 0.5097222222222222 0.0067708333333333336 0.017592592592592594
1 0.034895833333333334 0.5194444444444445 0.00625 0.011111111111111112
