2 0.5 0.5176763888888889 1.0 0.9649824074074075
1 0.30889531249999996 0.37323657407407407 0.013623958333333333 0.0446212962962963
1 0.3686731770833333 0.29627037037037035 0.012346354166666665 0.024022222222222223
1 0.6788736979166666 0.8458768518518519 0.025455729166666666 0.019531481481481483
1 0.4273427083333334 0.9021226851851852 0.008852083333333333 0.015356481481481483
1 0.2279921875 0.9403981481481481 0.008067708333333333 0.015981481481481482
1 0.045490625 0.898212962962963 0.006606249999999999 0.016796296296296295
1 0.4279283854166666 0.5760032407407407 0.010023437500000001 0.04274722222222222
1 0.0019395833333333335 0.32539074074074076 0.003879166666666667 0.015596296296296297
1 0.7989197916666666 0.3885388888888889 0.006172916666666667 0.025225925925925926
1 0.9541153645833333 0.45042407407407403 0.012397395833333333 0.030477777777777774
1 0.9389080729166667 0.6997680555555555 0.0069828125 0.01805462962962963
