2 0.5 0.4701412037037037 1.0 0.9402824074074074
1 0.7514091145833334 0.8355546296296297 0.030943229166666666 0.1266648148148148
1 0.47011119791666667 0.6727231481481482 0.011055729166666667 0.015816666666666666
1 0.4641252604166667 0.47448194444444447 0.020958854166666666 0.047112037037037036
1 0.40519348958333334 0.5166564814814815 0.0124703125 0.022201851851851855
1 0.4160861979166667 0.3509574074074074 0.013422395833333333 0.024137037037037037
1 0.4639880208333333 0.2647305555555555 0.011309375 0.033164814814814814
1 0.47392786458333336 0.28046342592592594 0.0093140625 0.02018611111111111
1 0.5037765625 0.32736203703703703 0.0065114583333333335 0.017687037037037036
1 0.5188359375 0.23417592592592593 0.022046875 0.04612962962962963
1 0.5545755208333334 0.1928263888888889 0.023734375 0.0652824074074074
1 0.41181015625 0.14554027777777778 0.03403697916666667 0.0392287037037037
1 0.45463333333333333 0.21088657407407407 0.03635 0.06621759259259259
1 0.55188515625 0.07440555555555556 0.008978645833333333 0.01547777777777778
1 0.8074085937500001 0.3020611111111111 0.0273171875 0.05227037037037037
1 0.7395692708333333 0.31211527777777776 0.006221875 0.022378703703703703
1 0.7394440104166667 0.395400462962963 0.009096354166666666 0.022282407407407407
1 0.9872244791666667 0.684799537037037 0.008823958333333333 0.027006481481481482
1 0.4060231770833333 0.5166884259259259 0.006838020833333333 0.009302777777777778
1 0.4081927083333333 0.6989083333333334 0.007010416666666667 0.057075925925925926
1 0.413228125 0.6197162037037037 0.03583125 0.12461759259259259
1 0.21552135416666665 0.35420694444444445 0.008126041666666667 0.019525
1 0.24153906249999998 0.3350814814814815 0.0059947916666666665 0.02757037037037037
1 0.26891640624999996 0.31476666666666664 0.005541145833333333 0.012866666666666667
1 0.25943671875 0.24324074074074073 0.026165104166666668 0.032777777777777774
1 0.27724661458333333 0.12954537037037037 0.007618229166666667 0.020201851851851853
1 0.15851666666666667 0.032014814814814815 0.018075 0.028844444444444447
1 0.1614002604166667 0.0074092592592592595 0.009258854166666667 0.014818518518518519
1 0.12958776041666667 0.03353379629629629 0.0070921875 0.011512037037037038
1 0.1208703125 0.037905092592592594 0.008407291666666667 0.01099537037037037
1 0.771771875 0.08705185185185185 0.00916875 0.011140740740740741
1 0.7647674479166666 0.09176574074074074 0.0118265625 0.016864814814814815
