2 0.5244791666666667 0.5976851851851852 0.95 0.8027777777777778
1 0.5677083333333334 0.49722222222222223 0.03229166666666667 0.018518518518518517
1 0.8268229166666666 0.7935185185185185 0.0140625 0.03518518518518519
1 0.9643229166666667 0.7412037037037037 0.009895833333333333 0.025
1 0.8052083333333333 0.9782407407407407 0.008333333333333333 0.026851851851851852
1 0.7466145833333333 0.9152777777777777 0.009895833333333333 0.03611111111111111
1 0.8119791666666667 0.35 0.004166666666666667 0.007407407407407408
1 0.5286458333333334 0.3143518518518518 0.00625 0.013888888888888888
1 0.5260416666666666 0.6546296296296297 0.009375 0.024074074074074074
1 0.51171875 0.3990740740740741 0.005729166666666666 0.014814814814814815
1 0.34348958333333335 0.8532407407407407 0.0046875 0.008333333333333333
1 0.590625 0.9898148148148148 0.017708333333333333 0.014814814814814815
1 0.28802083333333334 0.9083333333333333 0.010416666666666666 0.018518518518518517
