2 0.5 0.4188033854166667 1.0 0.8376067708333333
1 0.568386962890625 0.6692760416666667 0.02837548828125 0.055565972222222225
1 0.521604248046875 0.674216579861111 0.02660693359375 0.02898871527777778
1 0.305912841796875 0.6036979166666667 0.01221630859375 0.019895833333333335
1 0.625275390625 0.7599314236111111 0.04449609375 0.028543402777777775
1 0.69869677734375 0.7290017361111111 0.0096982421875 0.03265625
1 0.324511962890625 0.16274305555555554 0.01816455078125 0.014722222222222223
1 0.379140380859375 0.14930859375 0.01121044921875 0.017367187500000002
1 0.846456298828125 0.30855772569444445 0.02299072265625 0.03204600694444445
1 0.7447001953125 0.48772612847222224 0.006978515625 0.013646701388888889
1 0.897626953125 0.3818120659722222 0.01107421875 0.025776909722222224
1 0.987632080078125 0.4610533854166667 0.01042041015625 0.024537326388888888
1 0.65499609375 0.624625 0.0111640625 0.01661111111111111
1 0.12925537109375 0.7971119791666667 0.0133935546875 0.02477951388888889
1 0.1334091796875 0.1359357638888889 0.004123046875 0.018399305555555558
1 0.185131103515625 0.13163368055555555 0.00405126953125 0.00979513888888889
1 0.188303466796875 0.1296488715277778 0.00258349609375 0.007561631944444445
1 0.8352529296875 0.06859418402777778 0.018162109375 0.01739670138888889
1 0.94989208984375 0.11921918402777777 0.0111123046875 0.0422578125
