2 0.5 0.5107810185185185 1.0 0.9789694444444444
1 0.8944653645833333 0.8881013888888889 0.024347395833333334 0.06323981481481482
1 0.7872205729166667 0.3741925925925926 0.018191145833333332 0.04468148148148148
1 0.7402049479166667 0.38211666666666666 0.012701562500000001 0.023492592592592593
1 0.71363359375 0.7116513888888889 0.015808854166666667 0.028858333333333337
1 0.6772018229166666 0.759025925925926 0.006486979166666667 0.0162
1 0.7117151041666666 0.9049925925925927 0.02030520833333333 0.03776296296296296
1 0.67526953125 0.947763888888889 0.02449739583333333 0.02515740740740741
1 0.6512950520833333 0.9896203703703703 0.019256770833333332 0.01998148148148148
1 0.42591484375 0.8564277777777778 0.018496354166666666 0.03507777777777778
1 0.09953645833333334 0.49190601851851856 0.006364583333333334 0.0430712962962963
1 0.37717447916666663 0.07194166666666667 0.019973958333333333 0.03277222222222222
1 0.24306796875 0.12868564814814815 0.006969270833333333 0.012926851851851853
1 0.24903802083333335 0.07020138888888888 0.007451041666666667 0.02188425925925926
1 0.75522734375 0.2775541666666667 0.027121354166666667 0.09584907407407407
1 0.07924609375 0.20768055555555553 0.009533854166666666 0.02462037037037037
1 0.08532395833333334 0.7035893518518518 0.006064583333333333 0.018289814814814814
1 0.45230651041666664 0.8216060185185186 0.028571354166666667 0.06913796296296296
1 0.41841744791666663 0.9362060185185185 0.020168229166666666 0.027967592592592593
1 0.44313281250000003 0.9564444444444444 0.013348958333333332 0.03140740740740741
1 0.4086783854166667 0.968925 0.026731770833333335 0.021183333333333332
