2 0.49973958333333335 0.524074074074074 0.9994791666666667 0.9518518518518518
1 0.22395833333333334 0.7532407407407408 0.008333333333333333 0.019444444444444445
1 0.24192708333333332 0.7 0.013020833333333334 0.06851851851851852
1 0.22734375 0.5069134259259259 0.008854166666666666 0.02308611111111111
1 0.30442708333333335 0.2986111111111111 0.0140625 0.025
1 0.31796875 0.23148148148148148 0.016145833333333335 0.02962962962962963
1 0.9083333333333333 0.899074074074074 0.0125 0.044444444444444446
1 0.79453125 0.549074074074074 0.0109375 0.025925925925925925
1 0.7807291666666667 0.5273148148148148 0.016666666666666666 0.030555555555555555
1 0.76640625 0.21203703703703702 0.013020833333333334 0.020370370370370372
1 0.8484375 0.5469115740740741 0.007291666666666667 0.03641574074074074
1 0.7958333333333333 0.611574074074074 0.014583333333333334 0.025
1 0.9080729166666667 0.6944444444444444 0.011979166666666667 0.024074074074074074
1 0.6291666666666667 0.34629629629629627 0.013541666666666667 0.07222222222222222
