2 0.49973958333333335 0.5370370370370371 0.9994791666666667 0.924074074074074
1 0.5660713541666667 0.605225 0.018601041666666665 0.03637592592592593
1 0.4640625 0.7736111111111111 0.026041666666666668 0.058333333333333334
1 0.2989583333333333 0.4898148148148148 0.036458333333333336 0.05185185185185185
1 0.7067708333333333 0.5518518518518518 0.030208333333333334 0.053703703703703705
1 0.4197916666666667 0.31851851851851853 0.04479166666666667 0.07777777777777778
1 0.554509375 0.6518518518518519 0.01214375 0.040740740740740744
1 0.48098958333333336 0.9462962962962963 0.015104166666666667 0.03148148148148148
1 0.50078125 0.9513888888888888 0.0171875 0.026851851851851852
1 0.26953125 0.7208333333333333 0.016145833333333335 0.023148148148148147
1 0.2591145833333333 0.6212962962962963 0.0078125 0.018518518518518517
1 0.29153645833333336 0.9199847222222222 0.012239583333333333 0.03811759259259259
