2 0.49973958333333335 0.5476851851851852 0.9994791666666667 0.9027777777777778
1 0.7231770833333333 0.7509259259259259 0.022395833333333334 0.046296296296296294
1 0.4239583333333333 0.3773148148148148 0.030208333333333334 0.03611111111111111
1 0.06875 0.3194444444444444 0.013541666666666667 0.03888888888888889
1 0.6723958333333333 0.8944444444444445 0.029166666666666667 0.05740740740740741
1 0.74296875 0.35185185185185186 0.0109375 0.02962962962962963
1 0.9125 0.6300925925925925 0.021875 0.04537037037037037
1 0.5953125 0.7027777777777777 0.007291666666666667 0.012962962962962963
1 0.64140625 0.6606481481481481 0.015104166666666667 0.019444444444444445
1 0.40260416666666665 0.8930555555555556 0.013541666666666667 0.026851851851851852
1 0.20364583333333333 0.6027777777777777 0.0125 0.022222222222222223
1 0.03359375 0.8842592592592593 0.005729166666666666 0.016666666666666666
1 0.3 0.22824074074074074 0.021875 0.025
1 0.89140625 0.7782407407407408 0.015104166666666667 0.041666666666666664
1 0.9330729166666667 0.9513888888888888 0.0109375 0.013888888888888888
1 0.9684895833333333 0.95 0.019270833333333334 0.040740740740740744
1 0.97890625 0.7111111111111111 0.0078125 0.037037037037037035
1 0.9901041666666667 0.3912037037037037 0.00625 0.05092592592592592
1 0.01875 0.5439814814814815 0.008333333333333333 0.023148148148148147
1 0.023697916666666666 0.5143518518518518 0.0140625 0.05092592592592592
1 0.20598958333333334 0.8277777777777777 0.0046875 0.020370370370370372
1 0.5028645833333333 0.9106481481481481 0.0203125 0.03981481481481482
1 0.6135416666666667 0.6453703703703704 0.011458333333333333 0.022222222222222223
1 0.7776041666666667 0.6032407407407407 0.013541666666666667 0.026851851851851852
1 0.5317708333333333 0.2902777777777778 0.030208333333333334 0.01574074074074074
1 0.41796875 0.2708333333333333 0.0078125 0.025
1 0.73046875 0.562037037037037 0.0140625 0.05
1 0.8341145833333333 0.2810185185185185 0.008854166666666666 0.012037037037037037
1 0.978125 0.7837962962962963 0.007291666666666667 0.019444444444444445
1 0.22421875 0.44074074074074077 0.008854166666666666 0.018518518518518517
1 0.10963541666666667 0.7796296296296297 0.005729166666666666 0.027777777777777776
1 0.16875 0.7824074074074074 0.005208333333333333 0.007407407407407408
1 0.0515625 0.25833333333333336 0.00625 0.012962962962962963
1 0.6729166666666667 0.13287037037037036 0.008333333333333333 0.01574074074074074
