1 0.452524658203125 0.5425394965277778 0.90504931640625 0.9149401041666666
2 0.451968505859375 0.5426167534722223 0.90393701171875 0.9150946180555556
1 0.09331884765625 0.651859375 0.0089033203125 0.05024652777777778
1 0.04106298828125 0.7031180555555555 0.0040009765625 0.010402777777777778
1 0.00244384765625 0.7887387152777777 0.0048876953125 0.013241319444444444
1 0.082767822265625 0.7521493055555556 0.00537939453125 0.011243055555555555
1 0.012266845703125 0.9141223958333333 0.00500244140625 0.010536458333333333
1 0.42110986328125 0.7103250868055555 0.0121416015625 0.01092795138888889
1 0.069010986328125 0.6046371527777779 0.01790478515625 0.023510416666666666
1 0.035273193359374996 0.5510933159722222 0.01683544921875 0.03621440972222222
1 0.004791259765625 0.4654739583333333 0.00860595703125 0.022961805555555558
1 0.02029296875 0.439828125 0.018125 0.04979513888888889
1 0.218922119140625 0.3790221354166667 0.02378173828125 0.03755815972222223
1 0.10617919921875 0.23843012152777776 0.0121630859375 0.032415798611111116
1 0.142057861328125 0.3000711805555556 0.01556103515625 0.02028125
1 0.062984375 0.37475911458333333 0.0058515625 0.008198784722222222
1 0.0373076171875 0.16943750000000002 0.006255859375 0.009013888888888889
1 0.466070068359375 0.28089930555555553 0.03077294921875 0.023604166666666666
1 0.499970703125 0.4241232638888889 0.00970703125 0.025329861111111112
1 0.324765869140625 0.39440885416666666 0.01867236328125 0.01624826388888889
1 0.518052490234375 0.2230959201388889 0.00387841796875 0.0069557291666666665
1 0.484316162109375 0.9203776041666667 0.01160107421875 0.023046875
1 0.46584716796875 0.6806740451388889 0.0059130859375 0.008917534722222223
1 0.5845234375 0.6615121527777778 0.0040078125 0.010524305555555556
