2 0.48737760416666664 0.520475925925926 0.9747552083333333 0.9594703703703704
1 0.55403515625 0.8368171296296296 0.024736979166666666 0.051412037037037034
1 0.0271578125 0.5003282407407408 0.013690625000000001 0.03769351851851852
1 0.16323255208333334 0.7408953703703703 0.010840104166666666 0.022531481481481482
1 0.11015364583333334 0.7797689814814814 0.008848958333333332 0.020649074074074073
1 0.36431796875 0.238200462962963 0.0161359375 0.01714166666666667
1 0.8283309895833334 0.31700787037037037 0.010828645833333334 0.028460185185185182
1 0.022133072916666666 0.9514152777777777 0.0078078125 0.01949722222222222
1 0.039608593750000004 0.5991171296296297 0.006300520833333333 0.01860462962962963
1 0.2554299479166667 0.8722833333333334 0.007734895833333334 0.011233333333333333
1 0.1476453125 0.7518759259259259 0.005707291666666667 0.027825925925925924
1 0.05692005208333333 0.925025462962963 0.0065484375000000004 0.02227314814814815
