2 0.49973958333333335 0.49953703703703706 0.9994791666666667 0.9990740740740741
1 0.16510416666666666 0.05740740740740741 0.014583333333333334 0.05
1 0.50546875 0.13935185185185187 0.018229166666666668 0.03611111111111111
1 0.4973958333333333 0.10277777777777777 0.013541666666666667 0.025925925925925925
1 0.5364583333333334 0.10601851851851851 0.04583333333333333 0.15648148148148147
1 0.56328125 0.06620370370370371 0.0140625 0.028703703703703703
1 0.5346354166666667 0.2523148148148148 0.011979166666666667 0.01574074074074074
1 0.5953125 0.21805555555555556 0.036458333333333336 0.06944444444444445
1 0.5783854166666667 0.21712962962962962 0.0234375 0.03611111111111111
1 0.6333333333333333 0.26851851851851855 0.014583333333333334 0.020370370370370372
1 0.6622395833333333 0.19583333333333333 0.019270833333333334 0.04537037037037037
1 0.6541666666666667 0.3773148148148148 0.008333333333333333 0.01574074074074074
1 0.6567708333333333 0.6296296296296297 0.01875 0.03518518518518519
1 0.6348958333333333 0.5574074074074075 0.008333333333333333 0.014814814814814815
1 0.6088541666666667 0.7041666666666667 0.008333333333333333 0.019444444444444445
1 0.5958333333333333 0.6726851851851852 0.0125 0.017592592592592594
1 0.6348958333333333 0.8060185185185185 0.026041666666666668 0.06388888888888888
1 0.6278645833333333 0.7851851851851852 0.011979166666666667 0.02962962962962963
1 0.571875 0.8162037037037037 0.013541666666666667 0.025
1 0.5989583333333334 0.888425925925926 0.013541666666666667 0.028703703703703703
1 0.5846354166666666 0.8578703703703704 0.0067708333333333336 0.010185185185185186
1 0.8229166666666666 0.8810185185185185 0.009375 0.05092592592592592
1 0.7955729166666666 0.7587962962962963 0.008854166666666666 0.028703703703703703
1 0.83515625 0.7569444444444444 0.013020833333333334 0.032407407407407406
1 0.9677083333333333 0.5189814814814815 0.022916666666666665 0.06574074074074074
1 0.9182291666666667 0.65 0.008333333333333333 0.03333333333333333
1 0.9494791666666667 0.8009259259259259 0.015625 0.03333333333333333
1 0.97578125 0.8337962962962963 0.0171875 0.021296296296296296
1 0.9958333333333333 0.825 0.007291666666666667 0.025925925925925925
1 0.99296875 0.7861111111111111 0.013020833333333334 0.046296296296296294
1 0.9200520833333333 0.9675925925925926 0.009895833333333333 0.020370370370370372
1 0.93671875 0.8875 0.005729166666666666 0.010185185185185186
1 0.8875 0.7166666666666667 0.007291666666666667 0.011111111111111112
