2 0.46484765625 0.5270569444444444 0.9296953125 0.9467064814814815
2 0.8398833333333333 0.5235148148148148 0.3203916666666667 0.9081407407407408
2 0.9492648437500001 0.8651143518518518 0.1016546875 0.17096944444444442
1 0.9456752604166667 0.5467513888888889 0.0205171875 0.06757685185185186
1 0.5518369791666667 0.690300462962963 0.018257291666666668 0.03430462962962963
1 0.3317119791666666 0.4719425925925926 0.033215625 0.05129259259259259
1 0.40876093750000003 0.38495972222222224 0.012313541666666667 0.025475
1 0.054993749999999994 0.9584374999999999 0.023529166666666667 0.08168981481481481
1 0.6419981770833334 0.8935027777777778 0.005871354166666666 0.012931481481481481
1 0.5731273437500001 0.9578555555555555 0.010838020833333333 0.012007407407407408
1 0.6233453125 0.5720148148148148 0.011273958333333334 0.010696296296296296
1 0.6321260416666666 0.5977851851851851 0.026752083333333333 0.07705185185185184
1 0.350840625 0.8347374999999999 0.01105625 0.013919444444444444
1 0.3160794270833333 0.7065949074074074 0.005075520833333333 0.013189814814814814
1 0.5391203125 0.5428013888888888 0.006365625 0.04115833333333333
1 0.5309408854166667 0.5781615740740741 0.005631770833333333 0.011878703703703704
1 0.89806875 0.5375064814814814 0.009679166666666666 0.021309259259259257
1 0.8904276041666667 0.6272657407407407 0.007938541666666667 0.01379074074074074
1 0.8721723958333333 0.630499074074074 0.009969791666666667 0.04618333333333333
1 0.8733390624999999 0.646312962962963 0.006053125 0.012996296296296296
1 0.8095033854166667 0.6651435185185185 0.009631770833333332 0.03028703703703704
1 0.9399520833333334 0.3663634259259259 0.011154166666666666 0.036430555555555556
1 0.9696346354166666 0.35646342592592595 0.004894270833333334 0.014778703703703704
1 0.9499505208333333 0.4584009259259259 0.006151041666666667 0.02420925925925926
1 0.8432289062499999 0.43791574074074074 0.006249479166666667 0.03879444444444445
1 0.768759375 0.11007453703703704 0.0073104166666666665 0.010889814814814814
1 0.6288731770833333 0.23349305555555558 0.007746354166666666 0.02809722222222222
1 0.23586276041666665 0.31376990740740746 0.0165171875 0.02568796296296296
1 0.6414859375 0.6814837962962963 0.028805208333333332 0.03518981481481482
