2 0.4998046875 0.5215277777777777 0.999609375 0.9562499999999999
1 0.4060546875 0.3236111111111111 0.01328125 0.03958333333333333
1 0.2044921875 0.4059027777777778 0.0125 0.030555555555555558
1 0.28095703125 0.2972222222222222 0.00625 0.0076388888888888895
1 0.2455078125 0.1638888888888889 0.0046875 0.011805555555555555
1 0.2984375 0.47031249999999997 0.005078125 0.008333333333333333
1 0.8005859375 0.921875 0.07578125 0.034722222222222224
1 0.87080078125 0.8263888888888888 0.012109375 0.03125
1 0.9529296875 0.7427083333333333 0.009375 0.037500000000000006
1 0.9953125 0.7769097222222222 0.008203125 0.027777777777777776
1 0.72509765625 0.6178819444444444 0.017578125 0.029166666666666667
1 0.9779296875 0.5538194444444444 0.00859375 0.020833333333333332
1 0.96396484375 0.6354166666666666 0.005078125 0.013888888888888888
1 0.89423828125 0.31475694444444446 0.019921875 0.02361111111111111
1 0.7052734375 0.1109375 0.0296875 0.08819444444444444
1 0.704296875 0.09097222222222222 0.02578125 0.05
