2 0.5 0.532026388888889 1.0 0.936275
1 0.14862291666666666 0.2693347222222222 0.0076625 0.03681759259259259
1 0.719015625 0.4593597222222222 0.025531250000000002 0.05020092592592593
1 0.7637080729166666 0.6261134259259259 0.0128328125 0.031856481481481486
1 0.8237703125 0.6425236111111111 0.015248958333333333 0.02208425925925926
1 0.5048755208333333 0.9090796296296296 0.019126041666666666 0.03297407407407408
1 0.6067567708333333 0.7570453703703705 0.011430208333333334 0.02335
1 0.32745078125 0.8528527777777778 0.012193229166666668 0.026075925925925926
1 0.36148203124999995 0.8489777777777777 0.010464062500000001 0.025733333333333334
1 0.5707893229166667 0.47649398148148153 0.030120312500000003 0.04928425925925926
1 0.5863312500000001 0.19995185185185185 0.0101625 0.012866666666666667
1 0.7073684895833333 0.11641759259259259 0.011611979166666668 0.010612962962962963
