2 0.5 0.4575814814814815 1.0 0.915162962962963
1 0.6561916666666666 0.6538898148148148 0.018633333333333335 0.020742592592592594
1 0.6456091145833334 0.6961805555555556 0.009968229166666667 0.018287037037037036
1 0.6287354166666667 0.6548046296296296 0.012679166666666667 0.011461111111111111
1 0.6860153645833333 0.6492805555555555 0.013697395833333332 0.03745
1 0.61069453125 0.5650041666666668 0.013055729166666667 0.02815648148148148
1 0.6145940104166667 0.5981833333333333 0.0114796875 0.014885185185185185
1 0.6738036458333333 0.3668398148148148 0.011148958333333332 0.02442037037037037
1 0.6657234375000001 0.37316759259259263 0.025196875 0.035224074074074074
1 0.7160864583333333 0.38882175925925927 0.01238125 0.03505092592592592
1 0.7099609375 0.29873194444444445 0.008463541666666666 0.030797222222222226
1 0.7049270833333333 0.3096449074074074 0.010895833333333334 0.01928981481481481
1 0.7803057291666666 0.21285925925925928 0.013736458333333333 0.023866666666666668
1 0.62736640625 0.08038148148148148 0.012024479166666666 0.02742962962962963
1 0.48821328125 0.07880370370370371 0.006634895833333334 0.01131111111111111
1 0.30077890625 0.042366666666666664 0.018224479166666665 0.027325925925925927
1 0.14920494791666666 0.19489305555555556 0.014034895833333333 0.028675000000000003
1 0.079834375 0.19584351851851853 0.00654375 0.01576111111111111
1 0.17212734375000002 0.3249037037037037 0.0161296875 0.02017777777777778
1 0.4966885416666667 0.4066148148148148 0.009002083333333332 0.015081481481481482
1 0.18157630208333334 0.6493402777777778 0.013152604166666667 0.03016203703703704
1 0.16521848958333332 0.41536712962962963 0.0168953125 0.02888240740740741
1 0.1412869791666667 0.4897689814814815 0.009657291666666668 0.023982407407407407
1 0.13850520833333332 0.3821597222222222 0.0072187499999999995 0.023578703703703702
1 0.043340625 0.3911351851851852 0.006472916666666667 0.026714814814814816
