2 0.5 0.5 1.0 1.0
1 0.02083671875 0.716987962962963 0.027090104166666667 0.06360555555555555
1 0.16065208333333333 0.6186555555555556 0.0140125 0.06508888888888889
1 0.13794244791666666 0.4343194444444444 0.019634895833333332 0.044564814814814814
1 0.15073645833333332 0.4733925925925926 0.01918125 0.056044444444444445
1 0.10168385416666667 0.48550185185185185 0.020034375 0.0173
1 0.17265494791666666 0.8393277777777778 0.0088515625 0.019396296296296297
1 0.014010677083333334 0.5768694444444444 0.011354687499999998 0.01485
1 0.29553541666666666 0.3305328703703704 0.0233625 0.04069537037037037
1 0.16233411458333336 0.39696990740740745 0.0173765625 0.034680555555555555
1 0.15478255208333333 0.09427083333333333 0.014773437499999998 0.03113425925925926
1 0.16541614583333333 0.029924537037037038 0.014165625 0.046886111111111115
1 0.18833880208333334 0.008972685185185186 0.0162609375 0.017945370370370372
1 0.17005260416666665 0.07961805555555555 0.011980208333333332 0.033310185185185186
1 0.14423776041666667 0.023194444444444445 0.012433854166666668 0.035277777777777776
1 0.17301067708333334 0.19957314814814814 0.021021354166666666 0.10285
1 0.40552604166666667 0.4804407407407407 0.03709375 0.04791851851851852
1 0.49275234375000004 0.5932583333333333 0.012588020833333333 0.02170185185185185
1 0.7091140625 0.8944884259259259 0.024478125 0.03156944444444444
1 0.674165625 0.9346337962962963 0.027497916666666667 0.032230555555555554
1 0.5134197916666666 0.35971435185185185 0.029964583333333333 0.05831759259259259
1 0.45465494791666666 0.23134074074074076 0.0134765625 0.03305185185185185
1 0.39021380208333334 0.2575560185185185 0.015844270833333333 0.031778703703703705
1 0.8690674479166667 0.9486486111111112 0.05375989583333333 0.10285277777777778
1 0.8755502604166666 0.9505143518518518 0.040683854166666665 0.09917685185185185
1 0.60303359375 0.7859555555555555 0.0060671875 0.008948148148148148
1 0.6139841145833334 0.800550462962963 0.012343229166666667 0.017767592592592592
1 0.6348880208333333 0.6327347222222223 0.023942708333333333 0.03398796296296296
1 0.60894609375 0.6045745370370371 0.009558854166666667 0.01470462962962963
1 0.6080903645833333 0.4805175925925925 0.017222395833333334 0.04251666666666667
1 0.31471796875 0.5931810185185185 0.012769270833333334 0.027102777777777778
1 0.4915861979166667 0.9865967592592593 0.0092140625 0.02689722222222222
