2 0.50029296875 0.4789930555555555 0.999609375 0.9562499999999999
1 0.5935546875 0.6760416666666667 0.01328125 0.03958333333333333
1 0.79580078125 0.5934027777777778 0.0125 0.030555555555555558
1 0.7189453125 0.7026041666666667 0.00625 0.0076388888888888895
1 0.754296875 0.8366319444444444 0.0046875 0.011805555555555555
1 0.70126953125 0.5302083333333333 0.005078125 0.008333333333333333
1 0.19951171875 0.078125 0.07578125 0.034722222222222224
1 0.1291015625 0.1736111111111111 0.012109375 0.03125
1 0.0466796875 0.25659722222222225 0.009375 0.037500000000000006
1 0.00458984375 0.2230902777777778 0.008203125 0.027777777777777776
1 0.27490234375 0.38177083333333334 0.017578125 0.029166666666666667
1 0.021875 0.4461805555555556 0.00859375 0.020833333333333332
1 0.03623046875 0.3645833333333333 0.005078125 0.013888888888888888
1 0.1056640625 0.6854166666666667 0.019921875 0.02361111111111111
1 0.29462890625 0.8895833333333333 0.0296875 0.08819444444444444
1 0.29560546875 0.9086805555555555 0.02578125 0.05
