2 0.5 0.5136777777777778 1.0 0.9718000000000001
1 0.22507057291666666 0.8551305555555555 0.0418078125 0.07322407407407407
1 0.20200625 0.750375462962963 0.024845833333333334 0.074825
1 0.50119140625 0.8449263888888888 0.015924479166666665 0.03429722222222222
1 0.39521015625 0.623351388888889 0.0216703125 0.04670277777777778
1 0.11899869791666666 0.34906157407407407 0.012997395833333333 0.04071574074074074
1 0.29748515625 0.3134046296296296 0.011636979166666667 0.01755
1 0.3228450520833333 0.35097546296296295 0.007148437499999999 0.014913888888888888
1 0.4549291666666667 0.3607365740740741 0.0046500000000000005 0.008510185185185187
1 0.7923356770833333 0.29197361111111114 0.012796354166666666 0.030243518518518517
1 0.8541929687500001 0.4603851851851852 0.016719270833333334 0.06521481481481482
1 0.9552208333333333 0.5558546296296296 0.011483333333333333 0.04504259259259259
1 0.7466986979166667 0.8177537037037037 0.026730729166666668 0.04106296296296296
1 0.33315546875 0.8136865740740741 0.012144270833333333 0.016262037037037037
1 0.13354817708333336 0.4345662037037037 0.0066796875 0.030243518518518517
1 0.15441692708333335 0.6984069444444444 0.0077921875000000005 0.02829537037037037
1 0.17271692708333333 0.724112962962963 0.0100171875 0.018596296296296295
1 0.17632473958333333 0.7547754629629629 0.003691145833333333 0.0076990740740740735
1 0.21635885416666667 0.7493791666666667 0.025426041666666666 0.052462037037037036
1 0.17906458333333333 0.8614990740740741 0.005004166666666667 0.013738888888888887
1 0.3366309895833333 0.5960263888888888 0.017011979166666667 0.025386111111111113
1 0.5029776041666667 0.7708944444444444 0.005955208333333333 0.014011111111111111
1 0.4968403645833333 0.6166037037037038 0.006180729166666667 0.012837037037037037
1 0.761740625 0.9475578703703703 0.016189583333333334 0.02289351851851852
1 0.8372109375 0.7513125 0.006713541666666667 0.015587962962962963
1 0.84979609375 0.7440486111111111 0.010008854166666666 0.015875
1 0.9430453125 0.8930796296296296 0.005882291666666667 0.008381481481481481
1 0.738890625 0.9369305555555556 0.010072916666666666 0.02015740740740741
1 0.8979393229166667 0.8277805555555556 0.0094203125 0.011116666666666667
1 0.8226611979166666 0.30489629629629633 0.004697395833333334 0.013496296296296296
1 0.8431877604166667 0.28973935185185185 0.0092921875 0.03873796296296297
1 0.6929247395833333 0.2242972222222222 0.0098078125 0.020816666666666667
1 0.95766328125 0.5053953703703704 0.008034895833333333 0.016346296296296296
1 0.8718716145833334 0.9665495370370369 0.007284895833333333 0.009025
1 0.20071197916666667 0.8096023148148148 0.0066322916666666665 0.008093518518518519
1 0.19994348958333333 0.8972597222222222 0.004053645833333334 0.005630555555555556
1 0.21435833333333332 0.9221680555555556 0.006841666666666666 0.011002777777777776
1 0.18472630208333335 0.9018893518518518 0.0038276041666666667 0.005630555555555556
1 0.27054505208333335 0.7444726851851852 0.0056734375000000005 0.007463888888888889
1 0.38342187499999997 0.173975 0.0043437499999999995 0.005357407407407407
1 0.34813072916666665 0.07350601851851851 0.0077197916666666665 0.022937962962962962
1 0.06293567708333334 0.854062962962963 0.008163020833333333 0.02108888888888889
1 0.7942776041666666 0.41435046296296296 0.005221875 0.012034259259259258
