2 0.4998046875 0.5939236111111111 0.999609375 0.8111111111111111
1 0.5619140625 0.3237847222222222 0.028125 0.05555555555555555
1 0.51474609375 0.32395833333333335 0.0265625 0.02638888888888889
1 0.30244140625 0.42065972222222225 0.012109375 0.020138888888888887
1 0.61484375 0.22447916666666667 0.044140625 0.030555555555555558
1 0.6890625 0.24722222222222223 0.008984375 0.03263888888888889
1 0.338260498046875 0.8586805555555556 0.01831787109375 0.01597222222222222
1 0.3931640625 0.8645833333333334 0.0109375 0.017361111111111112
1 0.8533203125 0.6484375 0.023046875 0.03125
1 0.74453125 0.48142361111111115 0.006640625 0.013194444444444444
1 0.901171875 0.5684027777777777 0.011328125 0.025694444444444447
1 0.987890625 0.4782986111111111 0.0109375 0.024305555555555556
1 0.64970703125 0.35694444444444445 0.011328125 0.01597222222222222
1 0.11865234375 0.24913194444444445 0.013671875 0.024305555555555556
1 0.1486328125 0.909201388888889 0.004296875 0.018055555555555557
1 0.20028955078125 0.9067708333333333 0.0040947265625 0.009722222222222222
1 0.203978515625 0.9081371527777777 0.00268359375 0.007246527777777779
1 0.8515625 0.8887152777777777 0.017578125 0.018750000000000003
1 0.96357421875 0.8241319444444444 0.01015625 0.042361111111111106
