2 0.4957393229166666 0.5355800925925926 0.9914786458333332 0.9285675925925926
1 0.29993984375 0.18999444444444447 0.04779635416666667 0.09480370370370371
1 0.02225 0.26795555555555556 0.012208333333333333 0.03961481481481481
1 0.14254635416666667 0.3366263888888889 0.017384375 0.02695648148148148
1 0.3487252604166667 0.35664953703703706 0.021408854166666665 0.04107685185185185
1 0.36945390625 0.20288333333333333 0.03161614583333334 0.055766666666666666
1 0.046828645833333335 0.5876768518518519 0.006157291666666666 0.025353703703703705
1 0.4179265625 0.6557259259259259 0.020228125 0.03737777777777778
1 0.40894166666666665 0.8144699074074074 0.011633333333333332 0.04005092592592593
1 0.31754505208333333 0.7438194444444445 0.01738177083333333 0.020972222222222222
1 0.4696442708333333 0.9251773148148148 0.014288541666666666 0.024428703703703702
1 0.4405630208333333 0.9047055555555555 0.012376041666666667 0.02792962962962963
1 0.08354739583333333 0.8825425925925926 0.0077197916666666665 0.015085185185185186
1 0.057424739583333335 0.8417800925925926 0.006516145833333333 0.011337962962962963
1 0.05852161458333334 0.8811759259259259 0.005584895833333334 0.017907407407407407
1 0.07170572916666668 0.7575666666666667 0.007994791666666666 0.015133333333333334
1 0.17945963541666668 0.7507453703703704 0.012044270833333334 0.012601851851851852
1 0.17665520833333334 0.725286574074074 0.024143750000000002 0.009832407407407408
1 0.22273203125000002 0.6956800925925927 0.009005729166666667 0.008026851851851853
1 0.05296927083333333 0.34297083333333334 0.008021875 0.01742314814814815
1 0.08856458333333334 0.44065925925925925 0.006295833333333333 0.0128
1 0.49891276041666666 0.2664541666666667 0.0082421875 0.023649074074074076
1 0.49447161458333333 0.19941805555555556 0.005609895833333334 0.032169444444444445
1 0.3416591145833333 0.2566175925925926 0.009359895833333333 0.01693888888888889
1 0.5185950520833333 0.45819629629629627 0.006981770833333333 0.020096296296296296
1 0.642671875 0.45024768518518515 0.01346875 0.028273148148148148
1 0.6615872395833333 0.4558833333333333 0.0127578125 0.01732222222222222
1 0.46157604166666666 0.7778851851851851 0.0075270833333333335 0.020585185185185186
1 0.45648489583333335 0.7514421296296296 0.017136458333333333 0.028810185185185185
1 0.4731940104166667 0.7366041666666667 0.015138020833333333 0.02691203703703704
1 0.67492421875 0.7236981481481481 0.009223437499999999 0.017766666666666667
1 0.6866562500000001 0.8072212962962962 0.009770833333333334 0.023701851851851852
1 0.6570783854166666 0.8638518518518519 0.011031770833333334 0.018444444444444447
1 0.6403046875 0.860636111111111 0.0076927083333333335 0.017568518518518518
1 0.6755169270833333 0.919725925925926 0.004158854166666667 0.01722962962962963
1 0.6509369791666667 0.9216425925925926 0.010207291666666667 0.02847037037037037
1 0.656875 0.9791787037037036 0.007500000000000001 0.017616666666666666
1 0.7437859375 0.7190444444444444 0.007363541666666667 0.014014814814814813
1 0.7676468750000001 0.9379462962962962 0.008210416666666666 0.02404074074074074
1 0.7228122395833334 0.5021791666666667 0.011249479166666666 0.021025000000000002
1 0.7492330729166666 0.42321157407407406 0.020341145833333334 0.04642314814814815
1 0.7598794270833333 0.24266018518518517 0.004133854166666667 0.007542592592592593
1 0.72806328125 0.12837546296296296 0.010293229166666668 0.016010185185185186
1 0.5892013020833333 0.5782111111111111 0.0179859375 0.04345925925925926
1 0.5667864583333333 0.6706337962962963 0.0044062500000000004 0.00793425925925926
1 0.4696239583333333 0.8500708333333333 0.02258125 0.04088240740740741
1 0.35681145833333333 0.5185694444444444 0.01883125 0.03158333333333333
1 0.6724552083333334 0.29754444444444444 0.03136875 0.0636074074074074
