2 0.5 0.5215087962962963 1.0 0.9578324074074075
1 0.4926947916666667 0.8890685185185185 0.021847916666666668 0.029988888888888888
1 0.44680442708333334 0.9290435185185185 0.0175671875 0.02845740740740741
1 0.4010669270833333 0.914087962962963 0.018800520833333334 0.035583333333333335
1 0.3396135416666667 0.9702694444444445 0.012560416666666666 0.04424259259259259
1 0.6747171875000001 0.8263027777777778 0.025476041666666668 0.04890185185185185
1 0.7096309895833334 0.7110652777777778 0.025511979166666664 0.04250092592592593
1 0.3338158854166667 0.6485041666666667 0.025965104166666666 0.041452777777777776
1 0.3926739583333333 0.5268310185185184 0.017639583333333334 0.031439814814814816
1 0.4682057291666667 0.27960694444444445 0.02078645833333333 0.04069537037037037
1 0.5766526041666666 0.29947268518518516 0.013721875 0.0322787037037037
1 0.5450994791666666 0.5401444444444444 0.03603229166666667 0.024733333333333333
1 0.8175213541666667 0.5797435185185186 0.019417708333333332 0.04096851851851852
1 0.8641552083333334 0.4698060185185185 0.010602083333333335 0.02479722222222222
1 0.8838231770833332 0.5932583333333333 0.008271354166666666 0.02170185185185185
1 0.6343640625 0.7597060185185185 0.011436458333333333 0.019412037037037037
1 0.7351239583333334 0.8728370370370371 0.009831250000000001 0.017896296296296296
1 0.8348096354166666 0.8173944444444444 0.007119270833333333 0.01812222222222222
1 0.8142497395833334 0.6934277777777779 0.0024578125000000004 0.009077777777777778
1 0.8130369791666666 0.6771708333333334 0.004198958333333333 0.008045370370370371
1 0.8123341145833333 0.7134652777777778 0.010084895833333333 0.017671296296296296
1 0.8999455729166667 0.7005652777777778 0.0071828125 0.01594537037037037
1 0.8861408854166667 0.6673958333333333 0.006656770833333334 0.01997685185185185
1 0.6683528645833333 0.6394625 0.009622395833333333 0.01596203703703704
1 0.6754106770833334 0.6026074074074075 0.0122796875 0.023733333333333335
1 0.7368296875 0.5841819444444445 0.006992708333333333 0.018363888888888888
1 0.75689453125 0.5796736111111112 0.009622395833333333 0.01860648148148148
1 0.45854921875 0.711162037037037 0.011890104166666667 0.01676851851851852
1 0.6516731770833334 0.5804740740740741 0.010638020833333334 0.023911111111111112
1 0.14477864583333336 0.9124611111111111 0.03018229166666667 0.04714444444444444
1 0.21375989583333332 0.8720865740740741 0.016061458333333334 0.04046944444444445
1 0.36781588541666665 0.7583986111111112 0.027298437499999998 0.03901944444444444
1 0.3519317708333333 0.8325953703703703 0.018446874999999998 0.030005555555555556
1 0.2901916666666667 0.7165518518518519 0.024133333333333333 0.03495555555555556
1 0.11097760416666666 0.722711574074074 0.013621875 0.023200925925925923
1 0.13499947916666669 0.9918314814814816 0.012707291666666667 0.016996296296296298
1 0.09569791666666667 0.8854203703703704 0.0080625 0.015285185185185185
1 0.05868229166666667 0.4164791666666667 0.007989583333333333 0.03481018518518519
1 0.16059921875 0.18942685185185185 0.009740104166666668 0.023298148148148148
1 0.14222708333333334 0.30382453703703705 0.0052875 0.013204629629629629
1 0.08708281250000001 0.31697083333333337 0.006457291666666667 0.009867592592592593
1 0.16819739583333335 0.23513009259259257 0.007228125 0.01470462962962963
1 0.2857671875 0.17375879629629631 0.017367708333333332 0.036406481481481484
1 0.29383411458333336 0.13294537037037035 0.0116265625 0.010335185185185185
1 0.38180859375 0.126 0.024033854166666667 0.027925925925925927
1 0.38253203125 0.10199027777777778 0.022355729166666668 0.02805462962962963
1 0.4643067708333334 0.21543796296296297 0.021321875 0.03087592592592592
1 0.45438645833333335 0.14180138888888888 0.0035645833333333337 0.009528703703703704
1 0.44821666666666665 0.18092638888888887 0.008933333333333333 0.06555648148148148
1 0.5936283854166666 0.4675925925925926 0.008090104166666666 0.012962962962962963
1 0.3132463541666667 0.08192916666666666 0.027534375 0.02126574074074074
1 0.47086875 0.9938583333333333 0.020904166666666668 0.01179074074074074
1 0.32101848958333334 0.6024268518518519 0.0066203125 0.030779629629629626
1 0.3339203125 0.611888425925926 0.011590625 0.03303611111111111
1 0.4932005208333334 0.6346990740740741 0.005151041666666667 0.021249999999999998
1 0.9396249999999999 0.21031157407407408 0.015708333333333335 0.022475
1 0.023903385416666666 0.5859787037037036 0.006140104166666666 0.020105555555555554
