2 0.5 0.5115393518518518 1.0 0.9767824074074074
1 0.9032239583333334 0.4113648148148148 0.02103125 0.03198888888888889
1 0.96734296875 0.4082365740740741 0.0096859375 0.02573240740740741
1 0.9973322916666666 0.6410138888888889 0.00508125 0.02462037037037037
1 0.75317109375 0.48881990740740744 0.0157171875 0.04430648148148148
1 0.6716606770833333 0.596975925925926 0.012071354166666666 0.018025925925925924
1 0.8226658854166666 0.44021805555555554 0.004706770833333334 0.013769444444444445
1 0.37631171875 0.5859347222222222 0.011998437499999999 0.027425
1 0.06199322916666667 0.9823675925925927 0.019819791666666666 0.035105555555555557
1 0.10711432291666667 0.37174444444444443 0.013186979166666666 0.021266666666666666
1 0.3063458333333333 0.5749101851851852 0.008525 0.023894444444444444
1 0.6532434895833333 0.45981064814814815 0.0085703125 0.019621296296296296
1 0.9000161458333333 0.35883657407407404 0.004198958333333333 0.006562037037037037
1 0.72894453125 0.23847175925925929 0.006847395833333334 0.015832407407407406
1 0.517740625 0.14944398148148147 0.008397916666666666 0.011850925925925926
1 0.207903125 0.4869416666666667 0.007472916666666667 0.02758703703703704
