2 0.5 0.5282796296296296 1.0 0.9435962962962963
1 0.9776221354166666 0.33845601851851853 0.004202604166666667 0.02876388888888889
1 0.9038098958333334 0.4718777777777778 0.011786458333333333 0.0382
1 0.8869786458333333 0.5477407407407406 0.007290624999999999 0.010296296296296295
1 0.8897515625000001 0.6815268518518518 0.018044791666666667 0.04083148148148148
1 0.95053828125 0.9628888888888889 0.008368229166666666 0.02022222222222222
1 0.9105520833333334 0.9739342592592592 0.011729166666666667 0.0330537037037037
1 0.6117541666666667 0.5760055555555555 0.01205 0.016825925925925928
1 0.5740299479166667 0.5954898148148148 0.013684895833333332 0.024312962962962963
1 0.5605627604166667 0.551499537037037 0.0096671875 0.03077685185185185
1 0.5048932291666667 0.6347291666666667 0.0035364583333333333 0.017606481481481483
1 0.47131692708333334 0.6667453703703704 0.011383854166666667 0.02978703703703704
1 0.23308151041666667 0.7227481481481481 0.005746354166666666 0.025125925925925927
1 0.20329817708333334 0.5533597222222223 0.0118046875 0.028941666666666668
1 0.26376510416666665 0.45418935185185183 0.008780208333333334 0.021341666666666665
1 0.39296640625 0.5123731481481482 0.015099479166666667 0.0747462962962963
1 0.013572395833333332 0.2460097222222222 0.015686458333333334 0.019797222222222223
1 0.05137421875 0.16194583333333334 0.008998437500000001 0.02759537037037037
1 0.2617950520833333 0.08188657407407407 0.0131734375 0.019328703703703702
1 0.30697838541666667 0.1840537037037037 0.019165104166666665 0.044033333333333334
1 0.32295104166666666 0.17388425925925924 0.027152083333333334 0.023694444444444445
1 0.36098203125 0.21055000000000001 0.013630729166666666 0.013692592592592593
1 0.22712838541666666 0.3078606481481482 0.006340104166666667 0.023128703703703703
1 0.18815598958333332 0.49981574074074075 0.0315203125 0.05148333333333333
1 0.20567395833333332 0.43993472222222224 0.01030625 0.018758333333333335
1 0.4549640625 0.16617037037037036 0.027636458333333332 0.01197037037037037
1 0.48046666666666665 0.10379259259259259 0.0276 0.029807407407407407
1 0.6403945312499999 0.2932986111111111 0.0245390625 0.023634259259259258
1 0.48831197916666663 0.4171356481481482 0.015165624999999999 0.028715740740740743
1 0.5117177083333334 0.3653490740740741 0.011977083333333333 0.017735185185185184
