2 0.96796875 0.45185185185185184 0.0390625 0.30185185185185187
2 0.4744791666666667 0.537962962962963 0.9489583333333333 0.9222222222222223
1 0.21979166666666666 0.3726851851851852 0.019791666666666666 0.03796296296296296
1 0.09479166666666666 0.32222222222222224 0.007291666666666667 0.022222222222222223
1 0.1109375 0.324537037037037 0.025 0.030555555555555555
1 0.0921875 0.27314814814814814 0.014583333333333334 0.03888888888888889
1 0.12265625 0.2865740740740741 0.015104166666666667 0.032407407407407406
1 0.16145833333333334 0.20092592592592592 0.017708333333333333 0.02962962962962963
1 0.25885416666666666 0.24444444444444444 0.019791666666666666 0.025925925925925925
1 0.25833333333333336 0.11018518518518519 0.014583333333333334 0.020370370370370372
1 0.30234375 0.33194444444444443 0.04010416666666667 0.11203703703703703
1 0.29322916666666665 0.32731481481481484 0.013541666666666667 0.023148148148148147
1 0.30494791666666665 0.3226851851851852 0.008854166666666666 0.04537037037037037
1 0.34765625 0.2675925925925926 0.0234375 0.046296296296296294
1 0.29140625 0.2851851851851852 0.0109375 0.020370370370370372
1 0.3299479166666667 0.24675925925925926 0.0171875 0.04351851851851852
1 0.33151041666666664 0.4152777777777778 0.009895833333333333 0.023148148148148147
1 0.36640625 0.4097222222222222 0.018229166666666668 0.03796296296296296
1 0.45078125 0.23842592592592593 0.011979166666666667 0.028703703703703703
1 0.5388020833333333 0.20277777777777778 0.008854166666666666 0.025925925925925925
1 0.609375 0.1925925925925926 0.0125 0.025925925925925925
1 0.6333333333333333 0.16018518518518518 0.013541666666666667 0.037037037037037035
1 0.69140625 0.15138888888888888 0.0296875 0.032407407407407406
1 0.5861979166666667 0.3398148148148148 0.018229166666666668 0.02962962962962963
1 0.59765625 0.2916666666666667 0.0046875 0.009259259259259259
1 0.63671875 0.29814814814814816 0.009895833333333333 0.016666666666666666
1 0.684375 0.3013888888888889 0.021875 0.030555555555555555
1 0.7135416666666666 0.3199074074074074 0.007291666666666667 0.012037037037037037
1 0.5 0.3625 0.013541666666666667 0.032407407407407406
1 0.53359375 0.362962962962963 0.030729166666666665 0.05925925925925926
1 0.5153645833333333 0.45787037037037037 0.019270833333333334 0.023148148148148147
1 0.54375 0.4777777777777778 0.035416666666666666 0.046296296296296294
1 0.5606770833333333 0.5296296296296297 0.0203125 0.03888888888888889
1 0.56875 0.49074074074074076 0.009375 0.016666666666666666
1 0.60625 0.42916666666666664 0.0125 0.01574074074074074
1 0.7169270833333333 0.44814814814814813 0.0109375 0.022222222222222223
1 0.7013020833333333 0.6541666666666667 0.0078125 0.025
1 0.47734375 0.6064814814814815 0.021354166666666667 0.03518518518518519
1 0.48776041666666664 0.537962962962963 0.011979166666666667 0.022222222222222223
1 0.4388020833333333 0.7430555555555556 0.011979166666666667 0.049074074074074076
1 0.4713541666666667 0.825 0.017708333333333333 0.027777777777777776
1 0.4744791666666667 0.7921296296296296 0.016666666666666666 0.041666666666666664
1 0.4205729166666667 0.8537037037037037 0.019270833333333334 0.03148148148148148
1 0.32473958333333336 0.850462962962963 0.0140625 0.032407407407407406
1 0.35859375 0.7944444444444444 0.0140625 0.022222222222222223
1 0.4830729166666667 0.9601851851851851 0.024479166666666666 0.016666666666666666
1 0.5341145833333333 0.9648148148148148 0.0078125 0.016666666666666666
1 0.48671875 0.8416666666666667 0.009895833333333333 0.018518518518518517
1 0.5067708333333333 0.8245370370370371 0.007291666666666667 0.010185185185185186
1 0.74140625 0.8763888888888889 0.016145833333333335 0.028703703703703703
1 0.6565104166666667 0.8222222222222222 0.0046875 0.020370370370370372
1 0.27291666666666664 0.9564814814814815 0.013541666666666667 0.022222222222222223
1 0.032552083333333336 0.8245370370370371 0.009895833333333333 0.041666666666666664
1 0.053125 0.8435185185185186 0.00625 0.014814814814814815
1 0.09036458333333333 0.8060185185185185 0.005729166666666666 0.021296296296296296
1 0.030208333333333334 0.7726851851851851 0.008333333333333333 0.026851851851851852
1 0.033854166666666664 0.7333333333333333 0.00625 0.011111111111111112
1 0.007291666666666667 0.7143518518518519 0.004166666666666667 0.012037037037037037
1 0.033854166666666664 0.687037037037037 0.014583333333333334 0.044444444444444446
1 0.026041666666666668 0.5902777777777778 0.013541666666666667 0.028703703703703703
1 0.3065104166666667 0.9921296296296296 0.0109375 0.013888888888888888
1 0.3026041666666667 0.7532407407407408 0.022916666666666665 0.04537037037037037
