2 0.5 0.4629898148148148 1.0 0.9259796296296297
1 0.6931153645833333 0.8341902777777779 0.008105729166666667 0.02208425925925926
1 0.65174375 0.8461537037037037 0.020154166666666664 0.029344444444444444
1 0.6114552083333333 0.8924912037037037 0.02186875 0.04053796296296296
1 0.8129744791666667 0.6206166666666666 0.01865729166666667 0.04493703703703703
1 0.8148575520833333 0.5227305555555556 0.014090104166666667 0.03435
1 0.86168046875 0.3663722222222222 0.011902604166666667 0.029040740740740742
1 0.9776236979166666 0.3421680555555555 0.009414062499999999 0.021373148148148148
1 0.5080401041666667 0.6499060185185185 0.011913541666666666 0.02388611111111111
1 0.4909989583333333 0.5910740740740741 0.006997916666666667 0.02659259259259259
1 0.26537499999999997 0.23632268518518518 0.021374999999999998 0.028200925925925928
1 0.18452369791666667 0.24002129629629632 0.016964062499999998 0.02448703703703704
1 0.3272145833333333 0.16022407407407407 0.011720833333333335 0.01304074074074074
1 0.3361635416666667 0.17587546296296297 0.008785416666666665 0.01471388888888889
1 0.231084375 0.2640046296296296 0.016335416666666668 0.029861111111111113
1 0.23174505208333332 0.30745416666666664 0.016615104166666665 0.03342685185185185
1 0.10280703125 0.5954407407407407 0.012905729166666666 0.02977037037037037
1 0.28222864583333335 0.6569967592592593 0.011332291666666666 0.02880833333333333
1 0.2549484375 0.703949074074074 0.009896875 0.01900925925925926
1 0.29481406250000003 0.816849074074074 0.011503125 0.009624074074074075
1 0.5098075520833334 0.7323569444444444 0.008156770833333334 0.01471388888888889
1 0.8561486979166666 0.6591444444444444 0.0039640625 0.014585185185185185
1 0.8515455729166667 0.639437037037037 0.009341145833333333 0.017762962962962963
1 0.16905781250000002 0.46279907407407406 0.005823958333333334 0.020042592592592594
1 0.4033940104166666 0.4825027777777777 0.0078296875 0.027968518518518518
1 0.37525338541666664 0.3680115740740741 0.016131770833333333 0.03602314814814815
1 0.25222135416666663 0.47381342592592596 0.010692708333333334 0.019849074074074075
1 0.13317369791666667 0.4342435185185185 0.006972395833333334 0.012931481481481481
1 0.13492864583333333 0.6298171296296297 0.0073572916666666665 0.031856481481481486
1 0.3957098958333333 0.8298291666666667 0.007044791666666666 0.0300287037037037
1 0.17888645833333333 0.6743092592592593 0.01610625 0.01158148148148148
1 0.22173515624999998 0.5771268518518519 0.010136979166666667 0.013512962962962963
1 0.11090364583333333 0.6939231481481482 0.008265625 0.021179629629629628
1 0.10484713541666667 0.41109074074074076 0.0034442708333333335 0.016625925925925926
1 0.22554453125 0.3330726851851852 0.010464062500000001 0.019849074074074075
1 0.8084052083333333 0.019610648148148148 0.01576875 0.015147222222222223
1 0.8939059895833333 0.3575875 0.0065619791666666665 0.011471296296296295
1 0.5688289062499999 0.47639537037037033 0.005366145833333334 0.021309259259259257
1 0.19298411458333334 0.557250462962963 0.0068015624999999994 0.014500925925925926
1 0.17123333333333332 0.4102731481481482 0.004966666666666666 0.0075833333333333326
1 0.15455260416666666 0.39535462962962964 0.005980208333333333 0.012931481481481481
1 0.17759661458333334 0.2937634259259259 0.006234895833333334 0.011600925925925926
1 0.23550234374999998 0.7163398148148149 0.009546354166666667 0.019716666666666667
