2 0.5 0.5441907407407407 1.0 0.9124555555555556
1 0.4962361979166667 0.5508717592592592 0.03622239583333333 0.04248425925925926
2 0.017744010416666667 0.2768245370370371 0.014654687500000001 0.012908333333333334
2 0.03521145833333333 0.26865324074074076 0.012089583333333332 0.020639814814814816
1 0.0300171875 0.5463537037037037 0.005867708333333333 0.014929629629629628
1 0.29254244791666667 0.8035055555555556 0.031959895833333335 0.031085185185185188
1 0.3262916666666667 0.7573601851851851 0.008833333333333334 0.01472037037037037
1 0.3183768229166667 0.8097324074074074 0.011753645833333333 0.010205555555555556
1 0.055021875 0.9977027777777778 0.005877083333333334 0.004664814814814815
1 0.14245364583333334 0.8911185185185185 0.013032291666666666 0.02482962962962963
1 0.6056781250000001 0.897223611111111 0.012397916666666666 0.014817592592592592
1 0.6816736979166667 0.9254129629629629 0.025847395833333335 0.01749259259259259
1 0.7109239583333333 0.6895476851851852 0.007264583333333334 0.03650277777777778
1 0.8263294270833333 0.566186574074074 0.018283854166666665 0.030521296296296296
1 0.6864565104166667 0.2497277777777778 0.026038020833333335 0.016122222222222222
1 0.7719330729166667 0.1504037037037037 0.020949479166666667 0.0396962962962963
1 0.8087356770833334 0.19017916666666665 0.020596354166666667 0.015543518518518517
1 0.8096390625000001 0.22313935185185185 0.009903125 0.037019444444444445
1 0.91650859375 0.5383050925925926 0.0080171875 0.019202777777777777
1 0.15348385416666668 0.8173393518518518 0.009051041666666667 0.01986388888888889
1 0.09919270833333332 0.7671481481481481 0.0056770833333333335 0.010222222222222221
1 0.064228125 0.45686527777777775 0.0044979166666666666 0.021137962962962963
1 0.017688802083333333 0.411175462962963 0.005169270833333334 0.013091666666666666
1 0.91389140625 0.45309814814814814 0.0090328125 0.022862962962962963
1 0.8515114583333333 0.14764722222222224 0.0051062500000000005 0.010109259259259259
1 0.7074278645833334 0.35132916666666664 0.0075640625 0.013769444444444445
1 0.9846140625 0.36345925925925926 0.005686458333333333 0.021362962962962962
