2 0.5 0.4871740740740741 1.0 0.9743481481481482
1 0.6105822916666667 0.484525462962963 0.024289583333333333 0.046828703703703706
1 0.3400002604166667 0.4478199074074074 0.0372921875 0.05675092592592592
1 0.29113098958333333 0.4661194444444444 0.017678645833333333 0.032238888888888886
1 0.21259192708333333 0.7454259259259258 0.015808854166666667 0.02788888888888889
1 0.6462375 0.5850425925925926 0.011225 0.021937037037037036
1 0.6984505208333334 0.5618064814814815 0.028151041666666664 0.03657592592592593
1 0.8195809895833333 0.5213796296296297 0.017286979166666668 0.03164814814814815
1 0.09960677083333333 0.13498842592592591 0.023171875 0.025532407407407406
1 0.91705546875 0.5385819444444444 0.013277604166666667 0.06790462962962963
1 0.7654981770833333 0.22046805555555557 0.034121354166666666 0.029824999999999997
1 0.6068286458333334 0.7174967592592593 0.010532291666666667 0.04054907407407407
1 0.89219921875 0.2716240740740741 0.008356770833333334 0.021025925925925924
1 0.9327557291666667 0.3944236111111111 0.011344791666666666 0.016624999999999997
1 0.86646015625 0.42064722222222223 0.006878645833333334 0.013516666666666668
1 0.8423278645833334 0.47145324074074074 0.007572395833333333 0.011425000000000001
1 0.7507890625000001 0.5492291666666667 0.008869791666666666 0.015125000000000001
1 0.9103536458333333 0.6263356481481481 0.006123958333333333 0.017486111111111112
1 0.40631484375 0.8025847222222222 0.007421354166666667 0.014428703703703704
1 0.3746643229166667 0.34720231481481484 0.009745312499999999 0.01662685185185185
