2 0.5 0.4892087962962963 1.0 0.9784175925925926
1 0.65759765625 0.7235166666666667 0.018320312499999998 0.048885185185185184
1 0.6001385416666667 0.26340092592592595 0.01902708333333333 0.030505555555555553
1 0.8852354166666667 0.1393912037037037 0.0027625 0.0047083333333333335
1 0.88264375 0.13495648148148146 0.0027875 0.0069500000000000004
1 0.4469359375 0.1520111111111111 0.025121875000000002 0.022540740740740743
1 0.49513125 0.23324259259259258 0.006929166666666667 0.02204074074074074
1 0.44129817708333335 0.2137851851851852 0.0190546875 0.02757037037037037
1 0.4046518229166667 0.10629953703703704 0.008261979166666666 0.018154629629629628
1 0.7037416666666666 0.28496064814814814 0.008525 0.014365740740740741
1 0.36544947916666665 0.7453370370370371 0.009023958333333333 0.024007407407407408
1 0.34428307291666665 0.847175 0.012524479166666666 0.027683333333333334
1 0.1069671875 0.36213518518518517 0.009767708333333335 0.09278888888888889
1 0.10962812499999999 0.344675 0.00675625 0.059720370370370375
1 0.24842526041666665 0.4661462962962963 0.009350520833333332 0.030440740740740737
1 0.18609088541666666 0.6836287037037037 0.0138484375 0.03392407407407407
1 0.07947447916666667 0.42433564814814817 0.006865625 0.01904166666666667
1 0.09737578125 0.48037268518518517 0.0041265625 0.016300925925925927
1 0.11338098958333333 0.6314412037037037 0.0038453125 0.02584537037037037
1 0.30411223958333333 0.14200509259259259 0.0071828125 0.013639814814814815
1 0.15707265625 0.08288055555555555 0.0047703125 0.010205555555555556
1 0.38126171875000003 0.14539212962962964 0.004190104166666667 0.009302777777777778
1 0.2970453125 0.6967074074074073 0.004507291666666666 0.013785185185185185
