2 0.49973958333333335 0.549074074074074 0.9994791666666667 0.9
1 0.29401041666666666 0.5222222222222223 0.015104166666666667 0.04259259259259259
1 0.18072916666666666 0.22870370370370371 0.022916666666666665 0.044444444444444446
1 0.33307291666666666 0.2638888888888889 0.016145833333333335 0.02962962962962963
1 0.37083333333333335 0.3763888888888889 0.0125 0.028703703703703703
1 0.5403645833333334 0.6986111111111111 0.015104166666666667 0.04537037037037037
1 0.7458333333333333 0.8842592592592593 0.025 0.040740740740740744
1 0.8434895833333333 0.29212962962962963 0.016145833333333335 0.0712962962962963
1 0.5546875 0.1865740740740741 0.010416666666666666 0.058333333333333334
1 0.7463541666666667 0.36018518518518516 0.013541666666666667 0.014814814814814815
1 0.45338541666666665 0.31157407407407406 0.0203125 0.019444444444444445
1 0.6989583333333333 0.8347222222222223 0.016666666666666666 0.025
1 0.49192708333333335 0.8171296296296297 0.011979166666666667 0.01574074074074074
1 0.5294270833333333 0.23842592592592593 0.019270833333333334 0.04351851851851852
1 0.11380208333333333 0.8638888888888889 0.005729166666666666 0.037037037037037035
