2 0.5 0.5 1.0 1.0
1 0.46049921875 0.2017074074074074 0.023081770833333334 0.02748888888888889
1 0.24568697916666665 0.14998055555555553 0.012207291666666667 0.02033148148148148
1 0.24459348958333335 0.3420226851851852 0.008978645833333333 0.01552685185185185
1 0.44064895833333334 0.7594749999999999 0.01671458333333333 0.022653703703703704
1 0.88454765625 0.6212722222222222 0.0159703125 0.051803703703703706
1 0.205678125 0.4365013888888889 0.012397916666666666 0.019299074074074073
1 0.17736640625 0.31305648148148146 0.003691145833333333 0.0075944444444444445
1 0.47727447916666665 0.5679115740740741 0.008715625000000001 0.021008333333333334
1 0.9455028645833334 0.4907361111111111 0.007672395833333333 0.018509259259259257
1 0.9215205729166667 0.6694537037037037 0.005541145833333333 0.014833333333333334
