2 0.5218953125 0.5896472222222222 0.956290625 0.8200351851851853
1 0.5131747395833333 0.3101393518518518 0.014891145833333334 0.023982407407407407
1 0.41943046875 0.4382138888888889 0.0169859375 0.01716851851851852
1 0.46587578125 0.8571597222222221 0.0067515625 0.023578703703703702
1 0.6092716145833333 0.9559041666666668 0.0081265625 0.01736388888888889
1 0.6964528645833333 0.9566532407407408 0.009572395833333334 0.028121296296296294
1 0.7103869791666667 0.9276703703703704 0.010357291666666666 0.034970370370370374
1 0.8595296875 0.88515 0.0076010416666666665 0.009188888888888889
1 0.8607609375 0.8834032407407407 0.003813541666666667 0.005695370370370371
1 0.8493627604166666 0.8910722222222222 0.008100520833333335 0.017329629629629632
1 0.8770239583333334 0.7072268518518519 0.007172916666666667 0.02186111111111111
1 0.8019013020833333 0.6074365740740741 0.02880260416666667 0.05746574074074074
1 0.7900742187500001 0.34288842592592594 0.0207734375 0.054295370370370376
1 0.92464296875 0.6122157407407407 0.004494270833333333 0.03369074074074074
