2 0.5252604166666667 0.5805555555555556 0.9484375 0.837037037037037
1 0.35234375 0.625462962962963 0.019270833333333334 0.03796296296296296
1 0.4510416666666667 0.6222222222222222 0.015625 0.027777777777777776
1 0.5520833333333334 0.3787037037037037 0.017708333333333333 0.03518518518518519
1 0.6731770833333334 0.3138888888888889 0.009895833333333333 0.02962962962962963
1 0.37005208333333334 0.8060185185185185 0.011979166666666667 0.012037037037037037
1 0.46536458333333336 0.4041666666666667 0.0109375 0.017592592592592594
1 0.49322916666666666 0.961574074074074 0.011458333333333333 0.023148148148148147
1 0.3932291666666667 0.37175925925925923 0.014583333333333334 0.026851851851851852
1 0.38671875 0.3365740740740741 0.0067708333333333336 0.021296296296296296
1 0.8106770833333333 0.37824074074074077 0.0067708333333333336 0.012037037037037037
1 0.9377604166666667 0.7171296296296297 0.013020833333333334 0.03425925925925926
1 0.94453125 0.6722222222222223 0.005729166666666666 0.011111111111111112
1 0.9614583333333333 0.6699074074074074 0.010416666666666666 0.017592592592592594
1 0.9783854166666667 0.6768518518518518 0.008854166666666666 0.025925925925925925
1 0.9700520833333334 0.9875 0.008854166666666666 0.023148148148148147
1 0.88046875 0.9018518518518519 0.011979166666666667 0.03518518518518519
