2 0.5 0.5338120370370371 1.0 0.9324388888888889
1 0.7061401041666666 0.1978439814814815 0.051863541666666665 0.06976203703703704
1 0.67912421875 0.24073703703703703 0.004081770833333333 0.04814074074074074
1 0.5565450520833333 0.6825745370370371 0.023506770833333336 0.03366759259259259
1 0.6414729166666666 0.7755004629629629 0.0214875 0.03618611111111111
1 0.34499375000000004 0.874375 0.05040416666666667 0.08208333333333334
1 0.07342317708333333 0.4227402777777778 0.009346354166666666 0.01955462962962963
1 0.13092473958333334 0.8787421296296297 0.016016145833333335 0.026002777777777777
1 0.11119244791666666 0.9602643518518518 0.011968229166666667 0.022380555555555556
1 0.11613984375 0.9179569444444444 0.017696354166666664 0.022950925925925927
1 0.07829296875 0.9761342592592592 0.0190859375 0.020787037037037038
1 0.09553567708333333 0.7084527777777778 0.0119046875 0.02246111111111111
1 0.05048411458333334 0.3666333333333333 0.005134895833333333 0.012896296296296296
1 0.07870390625 0.3438662037037037 0.014699479166666666 0.030324999999999998
