1 0.5 0.3977833333333333 1.0 0.7955666666666666
1 0.49916927083333335 0.3902259259259259 0.9983385416666667 0.7804518518518518
1 0.5 0.45048796296296295 1.0 0.9009759259259259
1 0.69233984375 0.4780888888888889 0.05863802083333333 0.10802962962962963
1 0.5536263020833334 0.7472412037037037 0.8926692708333334 0.34263055555555555
1 0.4193692708333333 0.6019287037037037 0.005405208333333333 0.013116666666666667
1 0.44561640625 0.6740657407407408 0.0068578125 0.02776111111111111
1 0.21431145833333334 0.7509185185185184 0.007789583333333333 0.02405925925925926
1 0.09889322916666667 0.42137268518518517 0.005078125 0.014967592592592591
1 0.15058307291666667 0.43898287037037037 0.0042911458333333334 0.009447222222222221
1 0.2653888020833333 0.27727824074074076 0.009944270833333333 0.01381574074074074
1 0.28027005208333333 0.32440416666666666 0.0063734375 0.011771296296296295
1 0.83641015625 0.09319768518518518 0.009278645833333333 0.010469444444444444
1 0.8870044270833334 0.18241898148148147 0.006300520833333333 0.01483796296296296
1 0.7934817708333333 0.5600138888888889 0.02550520833333333 0.01262037037037037
1 0.8118526041666667 0.43615000000000004 0.008080208333333333 0.03155925925925926
