2 0.5 0.5 1.0 1.0
1 0.27040677083333337 0.0795037037037037 0.010605208333333333 0.025674074074074075
1 0.41091223958333334 0.06935416666666668 0.01661614583333333 0.033152777777777774
1 0.32884609375 0.12638842592592595 0.025400520833333332 0.019443518518518516
1 0.22968828125000001 0.1360763888888889 0.007293229166666667 0.020300925925925927
1 0.17340598958333334 0.3180703703703704 0.015561979166666667 0.03058518518518518
1 0.20015078125 0.27439583333333334 0.0065515625 0.015458333333333334
1 0.17291223958333332 0.4783037037037037 0.008324479166666668 0.012162962962962962
1 0.1999390625 0.4559523148148148 0.012378124999999999 0.026719444444444445
1 0.14865468750000002 0.46552037037037036 0.017101041666666667 0.0403
1 0.17565052083333335 0.5575032407407408 0.011717708333333333 0.018710185185185187
1 0.10250286458333333 0.6420949074074074 0.012297395833333334 0.03048611111111111
1 0.08542473958333334 0.8291273148148148 0.016682812499999998 0.041587962962962965
1 0.052985677083333335 0.8410791666666667 0.0143046875 0.034010185185185185
1 0.0068390625000000005 0.8221277777777778 0.008469791666666667 0.02944074074074074
1 0.22772786458333333 0.5453 0.005455729166666667 0.012822222222222223
1 0.027663020833333333 0.15319398148148147 0.009492708333333332 0.02120277777777778
1 0.6693817708333333 0.21074722222222222 0.030430208333333333 0.010383333333333333
1 0.5533223958333333 0.18992962962962961 0.0076864583333333325 0.057637037037037035
1 0.5728361979166666 0.13104074074074074 0.0123390625 0.030600000000000002
1 0.763659375 0.23009351851851853 0.004402083333333333 0.052779629629629635
1 0.7011502604166666 0.3643324074074074 0.008550520833333334 0.01570185185185185
1 0.5291015625 0.46174629629629627 0.012369791666666666 0.017937037037037036
1 0.5354765625 0.5060976851851852 0.008453125 0.02515833333333333
1 0.7573908854166667 0.5465009259259259 0.029365104166666666 0.033742592592592595
1 0.6895638020833333 0.5830976851851852 0.011419270833333333 0.019899074074074072
1 0.7930385416666667 0.5286240740740741 0.00899375 0.014655555555555555
1 0.69886875 0.6924430555555555 0.024820833333333334 0.08488611111111112
1 0.6491942708333334 0.6938958333333334 0.018180208333333333 0.03223611111111111
1 0.6070596354166666 0.7463291666666666 0.009952604166666667 0.016732407407407408
1 0.5973872395833334 0.7888259259259259 0.008316145833333333 0.012837037037037037
1 0.49058541666666666 0.8527402777777778 0.0072125 0.00918425925925926
1 0.49874427083333334 0.8704180555555556 0.012071875000000001 0.016762037037037037
1 0.5136098958333333 0.8916842592592593 0.008469791666666667 0.011146296296296297
1 0.44847031249999997 0.9348958333333334 0.015690625 0.016087962962962964
1 0.5945455729166667 0.8532361111111111 0.0120078125 0.01573148148148148
1 0.6872739583333334 0.9133444444444445 0.016214583333333334 0.0415037037037037
1 0.7003471354166667 0.8055601851851851 0.012152604166666666 0.009268518518518518
1 0.899309375 0.8390694444444445 0.03195208333333333 0.05591666666666667
1 0.95950234375 0.7732152777777778 0.009629687500000001 0.026060185185185186
