2 0.4755934895833333 0.5837523148148148 0.9511869791666666 0.8323194444444444
1 0.6264315104166667 0.3252064814814815 0.0101546875 0.017079629629629632
1 0.6718153645833334 0.19870000000000002 0.007172395833333334 0.012214814814814815
1 0.60835 0.4552912037037037 0.015658333333333333 0.029100925925925926
1 0.6864669270833333 0.48380833333333334 0.007308854166666667 0.017616666666666666
1 0.6946359375 0.6472351851851852 0.008021875 0.016692592592592592
1 0.6931296875 0.7662736111111111 0.020634375 0.04551018518518519
1 0.5573395833333333 0.4357226851851852 0.03134583333333333 0.027000925925925928
1 0.5075736979166667 0.48815138888888887 0.026605729166666665 0.046673148148148144
1 0.46681640625000004 0.4404888888888889 0.022174479166666667 0.08097777777777779
1 0.3984161458333333 0.4074111111111111 0.011415625 0.029637037037037038
1 0.3602700520833333 0.45256990740740743 0.0132484375 0.019954629629629628
1 0.4129078125 0.5169231481481482 0.02373229166666667 0.020883333333333334
1 0.42680390625 0.496186574074074 0.0077744791666666665 0.018299074074074075
1 0.49076354166666664 0.7146388888888888 0.036735416666666666 0.038537037037037036
1 0.4903015625 0.6783981481481481 0.010811458333333333 0.017907407407407407
1 0.5443166666666667 0.9621444444444445 0.012591666666666666 0.020585185185185186
1 0.5102296875 0.9855671296296296 0.012126041666666667 0.011875
1 0.5214598958333333 0.9597384259259258 0.006461458333333334 0.012069444444444445
1 0.4173036458333333 0.8277930555555555 0.009607291666666667 0.012993518518518519
1 0.4127268229166667 0.8118791666666667 0.0077453125000000005 0.018202777777777776
1 0.35809687500000004 0.5347037037037037 0.004735416666666667 0.026814814814814816
1 0.1355588541666667 0.2889305555555556 0.011742708333333332 0.013046296296296295
1 0.11030000000000001 0.5948523148148148 0.006016666666666667 0.04526018518518519
1 0.35624296875 0.20666666666666667 0.010402604166666666 0.013333333333333334
1 0.6268010416666667 0.3011837962962963 0.011935416666666667 0.013478703703703705
1 0.6487846354166666 0.6732393518518519 0.0111109375 0.04647870370370371
1 0.58123125 0.5677814814814814 0.0072541666666666674 0.007785185185185185
