2 0.5 0.46870416666666664 1.0 0.9374083333333333
1 0.06914140625 0.10274212962962963 0.008074479166666667 0.016595370370370368
1 0.026064583333333332 0.16197314814814817 0.006295833333333333 0.022094444444444444
1 0.014685677083333333 0.3049060185185185 0.008538020833333333 0.024626851851851855
1 0.16005546875 0.24080833333333332 0.005527604166666667 0.007542592592592593
1 0.20090625 0.06907916666666668 0.018479166666666665 0.03445462962962963
1 0.21824921875 0.04601759259259259 0.010456770833333334 0.014257407407407408
1 0.25214635416666664 0.08424768518518519 0.0074177083333333334 0.01664351851851852
1 0.21567447916666668 0.2800625 0.007390625 0.00827314814814815
1 0.3050515625 0.3340310185185185 0.008019791666666666 0.014358333333333332
1 0.23111822916666666 0.6970699074074075 0.03619479166666666 0.0719175925925926
1 0.2597265625 0.664437962962963 0.007994791666666666 0.015912962962962962
1 0.2921825520833333 0.6963550925925925 0.007281770833333334 0.02048796296296296
1 0.14517005208333333 0.6043546296296296 0.007006770833333333 0.00870925925925926
1 0.11684973958333332 0.6391662037037037 0.011824479166666667 0.022776851851851854
1 0.12237786458333333 0.6645578703703704 0.0062140625 0.01800462962962963
1 0.13667109375 0.6925092592592592 0.009800520833333333 0.012796296296296297
1 0.7878239583333334 0.8541583333333334 0.006897916666666667 0.047205555555555556
1 0.9206864583333334 0.7541958333333334 0.01533125 0.025058333333333332
1 0.8943609375 0.6243726851851852 0.009555208333333334 0.024671296296296295
1 0.9310265624999999 0.6468962962962963 0.005803125 0.012311111111111111
1 0.8918671875 0.8008166666666666 0.0076927083333333335 0.014596296296296296
1 0.95538984375 0.8444523148148149 0.0139046875 0.024089814814814814
1 0.9476781249999999 0.42335231481481483 0.00785625 0.020778703703703702
1 0.8017114583333333 0.35241805555555555 0.023214583333333334 0.028910185185185185
1 0.8419546875 0.3598513888888889 0.01932604166666667 0.027110185185185185
1 0.8417276041666667 0.39141342592592593 0.010538541666666668 0.012456481481481482
1 0.8430596354166667 0.40740000000000004 0.006952604166666667 0.011096296296296297
1 0.8533643229166666 0.4359314814814815 0.0108953125 0.014455555555555555
1 0.8719252604166667 0.39136898148148147 0.006350520833333333 0.0068120370370370375
1 0.8573497395833333 0.3048546296296296 0.014699479166666666 0.02822777777777778
1 0.8063924479166666 0.2275939814814815 0.012784895833333334 0.02000277777777778
1 0.6501684895833333 0.38307129629629627 0.012836979166666667 0.025401851851851853
1 0.6180263020833333 0.3356092592592592 0.03709427083333334 0.05084814814814814
1 0.6056408854166667 0.3710416666666667 0.0091984375 0.014305555555555556
1 0.6649916666666668 0.35652361111111114 0.0049833333333333335 0.009343518518518518
1 0.7222268229166667 0.3449476851851852 0.005911979166666667 0.012117592592592593
1 0.7755567708333333 0.16266018518518519 0.007363541666666667 0.01420925925925926
1 0.9864541666666666 0.30695787037037037 0.006241666666666667 0.015767592592592593
1 0.49927369791666665 0.5076351851851851 0.019380729166666666 0.02452962962962963
1 0.57626484375 0.4076384259259259 0.012946354166666667 0.0171287037037037
1 0.5700197916666667 0.5011356481481481 0.005664583333333333 0.015234259259259258
1 0.46252473958333334 0.1226314814814815 0.021924479166666667 0.03970740740740741
