2 0.49973958333333335 0.5462962962962963 0.9994791666666667 0.9055555555555556
1 0.28229166666666666 0.7231481481481481 0.020833333333333332 0.04814814814814815
1 0.30442708333333335 0.9435185185185185 0.024479166666666666 0.05740740740740741
1 0.31302083333333336 0.8675925925925926 0.021875 0.03148148148148148
1 0.2903645833333333 0.8074074074074075 0.0171875 0.018518518518518517
1 0.1484375 0.9444444444444444 0.019791666666666666 0.03518518518518519
1 0.32421875 0.9773148148148149 0.0234375 0.023148148148148147
1 0.021614583333333333 0.7574074074074074 0.0109375 0.016666666666666666
1 0.14296875 0.23472222222222222 0.015104166666666667 0.017592592592592594
1 0.16953125 0.2722222222222222 0.0078125 0.020370370370370372
1 0.06302083333333333 0.31296296296296294 0.009375 0.03888888888888889
1 0.014583333333333334 0.43703703703703706 0.010416666666666666 0.03518518518518519
1 0.35208333333333336 0.1162037037037037 0.015625 0.041666666666666664
1 0.4765625 0.24259259259259258 0.021875 0.046296296296296294
1 0.49270833333333336 0.27546296296296297 0.030208333333333334 0.03425925925925926
1 0.57734375 0.2462962962962963 0.005729166666666666 0.011111111111111112
1 0.5377604166666666 0.44212962962962965 0.0203125 0.03425925925925926
1 0.4578125 0.3925925925925926 0.015625 0.016666666666666666
1 0.503125 0.47129629629629627 0.03125 0.05925925925925926
1 0.4635416666666667 0.46620370370370373 0.014583333333333334 0.06759259259259259
1 0.5971354166666667 0.49027777777777776 0.030729166666666665 0.049074074074074076
1 0.6276041666666666 0.5625 0.03958333333333333 0.10092592592592593
1 0.56171875 0.6462962962962963 0.0296875 0.04814814814814815
1 0.5869791666666667 0.7305555555555555 0.03125 0.025925925925925925
1 0.46640625 0.6537037037037037 0.013020833333333334 0.022222222222222223
1 0.48515625 0.6578703703703703 0.009895833333333333 0.019444444444444445
1 0.6018229166666667 0.6023148148148149 0.0296875 0.06944444444444445
1 0.52890625 0.7175925925925926 0.011979166666666667 0.018518518518518517
1 0.6768229166666667 0.4925925925925926 0.009895833333333333 0.05555555555555555
1 0.47708333333333336 0.5569444444444445 0.016666666666666666 0.03796296296296296
1 0.49583333333333335 0.5564814814814815 0.009375 0.016666666666666666
1 0.6684895833333333 0.600462962962963 0.009895833333333333 0.028703703703703703
1 0.4578125 0.9027777777777778 0.016666666666666666 0.02962962962962963
1 0.64140625 0.961574074074074 0.019270833333333334 0.021296296296296296
1 0.7307291666666667 0.2175925925925926 0.013541666666666667 0.03888888888888889
1 0.42135416666666664 0.8699074074074075 0.010416666666666666 0.026851851851851852
1 0.40208333333333335 0.8523148148148149 0.013541666666666667 0.03611111111111111
1 0.32265625 0.7685185185185185 0.0067708333333333336 0.03888888888888889
