2 0.5082247395833334 0.5789680555555555 0.9831161458333334 0.8412694444444445
1 0.80882578125 0.4911032407407407 0.01973489583333333 0.03776203703703704
1 0.6527833333333334 0.4303453703703704 0.038900000000000004 0.058838888888888885
1 0.7900799479166667 0.5626564814814815 0.0155765625 0.019757407407407408
1 0.7738945312500001 0.5697953703703704 0.013414062499999999 0.01922037037037037
1 0.9052807291666666 0.8742717592592593 0.013686458333333333 0.030025
1 0.2875111979166666 0.8385726851851852 0.021897395833333333 0.03640462962962963
1 0.30839505208333334 0.9702148148148149 0.0094984375 0.014503703703703703
1 0.17996223958333332 0.49056990740740747 0.020341145833333334 0.031139814814814815
1 0.16660703124999998 0.4572074074074074 0.007172395833333334 0.00885925925925926
1 0.16246927083333332 0.4475125 0.0051468749999999995 0.004284259259259259
1 0.16152421875 0.4740921296296296 0.0032567708333333333 0.00929537037037037
1 0.26804661458333334 0.6718939814814815 0.005884895833333333 0.016010185185185186
1 0.1988578125 0.5963333333333333 0.007090625000000001 0.01674074074074074
1 0.25325729166666666 0.6757226851851852 0.00755625 0.01070462962962963
1 0.8924822916666667 0.8325796296296296 0.01100625 0.031825925925925924
1 0.7580588541666666 0.7145587962962964 0.025492708333333332 0.08467314814814815
1 0.8367122395833333 0.20885416666666667 0.007799479166666666 0.02141203703703704
1 0.693121875 0.17059953703703704 0.015410416666666668 0.022680555555555558
1 0.7920867187499999 0.6231087962962962 0.0060484375 0.022143518518518517
