2 0.5 0.5397925925925926 1.0 0.9203259259259259
2 0.9473658854166668 0.8686097222222223 0.0926484375 0.2631453703703704
1 0.92547421875 0.5685773148148148 0.008240104166666666 0.02048796296296296
1 0.7359552083333334 0.6605351851851852 0.012535416666666667 0.022922222222222222
1 0.7358588541666666 0.661411574074074 0.013384375 0.024675000000000002
1 0.76957890625 0.3731111111111111 0.009991145833333333 0.018444444444444447
1 0.6396927083333334 0.5062296296296296 0.017927083333333333 0.04579259259259259
1 0.6972130208333333 0.4275185185185185 0.007967708333333334 0.021703703703703704
1 0.6828572916666666 0.8458125 0.012589583333333333 0.03051388888888889
1 0.30240338541666667 0.17999629629629632 0.011056770833333333 0.03406666666666667
1 0.3350924479166667 0.5713351851851852 0.0118515625 0.016744444444444444
1 0.32410234374999997 0.5146564814814815 0.030496354166666666 0.05709074074074074
1 0.06796223958333333 0.4318263888888889 0.010924479166666667 0.03031944444444444
1 0.4434828125 0.5386652777777778 0.009882291666666666 0.005108333333333334
1 0.3120427083333333 0.6543962962962964 0.005335416666666666 0.021755555555555556
1 0.43601510416666667 0.7765462962962962 0.006405208333333333 0.017907407407407407
1 0.4978549479166666 0.7108555555555556 0.010293229166666668 0.016155555555555555
1 0.36929166666666663 0.8090796296296296 0.009416666666666665 0.014455555555555555
1 0.3833796875 0.918212037037037 0.013634375 0.019757407407407408
1 0.25817447916666664 0.8527384259259259 0.011140625 0.022143518518518517
1 0.0983328125 0.9278074074074074 0.013332291666666666 0.02783703703703704
1 0.06559427083333333 0.6078634259259259 0.0051468749999999995 0.010171296296296296
1 0.81773046875 0.890437962962963 0.0073359375000000004 0.01420925925925926
1 0.8212109375 0.9565754629629629 0.008046875 0.0075953703703703695
1 0.6709632812499999 0.9042587962962964 0.009634895833333332 0.010369444444444445
1 0.6724963541666666 0.917363888888889 0.012701041666666666 0.012505555555555556
