2 0.5008026041666667 0.5361449074074074 0.9984802083333334 0.9278453703703704
1 0.13401848958333332 0.10966296296296298 0.015953645833333332 0.05636296296296296
1 0.35010442708333334 0.11337268518518519 0.018958854166666667 0.02489351851851852
1 0.3967934895833333 0.2733375 0.0175453125 0.022600925925925924
1 0.62145078125 0.31675 0.03873489583333333 0.04831481481481482
1 0.21652005208333333 0.5425953703703704 0.011165104166666667 0.02407962962962963
1 0.26044036458333336 0.3924875 0.010464062500000001 0.03312314814814815
1 0.6284588541666667 0.8191800925925926 0.010042708333333334 0.0494712962962963
1 0.3362763020833333 0.9265550925925926 0.019427604166666668 0.04940648148148148
1 0.22233489583333332 0.7196763888888889 0.015503125 0.04861203703703704
1 0.25165130208333336 0.6418912037037037 0.0064276041666666665 0.02822685185185185
1 0.2779067708333333 0.5981532407407407 0.005813541666666667 0.022232407407407406
1 0.14381328125 0.8407069444444444 0.0063765625 0.0462287037037037
1 0.5966041666666667 0.9540925925925927 0.023416666666666665 0.05262962962962963
1 0.18455755208333333 0.6520125 0.0055734375 0.035506481481481486
1 0.28334453125 0.9457444444444444 0.014605729166666666 0.030377777777777778
1 0.38260390625 0.6574680555555555 0.006874479166666667 0.011232407407407408
1 0.6427190104166667 0.9155402777777778 0.006271354166666667 0.023673148148148148
1 0.6781638020833333 0.7641875 0.0084109375 0.028375
1 0.6787369791666666 0.7852333333333333 0.004348958333333333 0.014911111111111111
