2 0.5183440104166667 0.4065712962962963 0.9637713541666667 0.8131425925925926
1 0.5817111979166667 0.3932217592592593 0.014464062500000001 0.030887962962962964
1 0.21986510416666669 0.12783333333333333 0.018896874999999997 0.02603703703703704
1 0.6260523437500001 0.16314444444444445 0.01668802083333333 0.04480740740740741
1 0.4728 0.4495199074074074 0.016433333333333335 0.013854629629629628
1 0.39522682291666666 0.25496435185185184 0.006078645833333333 0.01733611111111111
1 0.37826692708333337 0.24409814814814812 0.028408854166666667 0.05301111111111111
1 0.5861744791666667 0.5463194444444445 0.008807291666666666 0.025972222222222223
1 0.72783359375 0.16189675925925925 0.0150421875 0.02749722222222222
1 0.6370859375 0.6612870370370371 0.006463541666666667 0.015166666666666665
1 0.8503669270833334 0.6369828703703704 0.021567187499999998 0.06285462962962962
1 0.9466739583333333 0.631937037037037 0.01105625 0.03239259259259259
1 0.9059018229166667 0.44553703703703706 0.007636979166666667 0.022555555555555554
1 0.8886838541666666 0.32497731481481484 0.011742708333333332 0.036991666666666666
1 0.8869627604166667 0.2730856481481482 0.013508854166666667 0.016541666666666666
1 0.8645984375 0.38059768518518516 0.011488541666666666 0.0371212962962963
1 0.7767940104166667 0.1187263888888889 0.008796354166666666 0.015230555555555556
1 0.6811127604166667 0.07252499999999999 0.008058854166666667 0.017272222222222224
1 0.8795315104166667 0.1741763888888889 0.0038546875 0.02242685185185185
1 0.8785627604166667 0.08145648148148148 0.004000520833333333 0.02032037037037037
1 0.8212895833333334 0.7302046296296296 0.008204166666666667 0.014112962962962964
