2 0.5 0.4738485243055556 1.0 0.9476970486111111
1 0.66613330078125 0.42767361111111113 0.0158603515625 0.044583333333333336
1 0.7678037109375 0.3236588541666667 0.009240234375 0.01884548611111111
1 0.708178955078125 0.23034852430555552 0.01303759765625 0.012780381944444445
1 0.709041259765625 0.3197990451388889 0.00499658203125 0.0076536458333333335
1 0.684412353515625 0.1460151909722222 0.01433251953125 0.02293315972222222
1 0.667216796875 0.15376519097222222 0.02974609375 0.03669704861111111
1 0.67915771484375 0.3134123263888889 0.0116357421875 0.015713541666666667
1 0.516595703125 0.34970659722222225 0.01658984375 0.03274652777777778
1 0.5555439453125 0.4400238715277778 0.011478515625 0.02588107638888889
1 0.529769287109375 0.4827625868055556 0.01071044921875 0.041914062499999995
1 0.52922119140625 0.5701597222222222 0.0144970703125 0.029208333333333336
1 0.543081787109375 0.8798038194444444 0.03733544921875 0.08252430555555555
1 0.521512939453125 0.9269392361111112 0.01372900390625 0.017072916666666667
1 0.513434814453125 0.8720590277777778 0.02101025390625 0.05314583333333333
1 0.50671826171875 0.9042769097222223 0.0173427734375 0.020359375
1 0.304806884765625 0.2835685763888889 0.04906689453125 0.049776041666666666
1 0.364479248046875 0.3637456597222222 0.01411474609375 0.024366319444444444
1 0.337859375 0.2790568576388889 0.029234375 0.051169270833333336
1 0.377427490234375 0.45002300347222224 0.00485498046875 0.011157118055555556
1 0.368140625 0.42817578125 0.0048359375 0.010865451388888888
1 0.369153076171875 0.41212890625 0.00979052734375 0.018702256944444447
1 0.08385791015624999 0.6902426215277777 0.0046298828125 0.008957465277777778
1 0.216108154296875 0.41538020833333333 0.01620068359375 0.04256597222222222
1 0.076952392578125 0.17631336805555556 0.00937353515625 0.04880729166666667
1 0.131336669921875 0.2787638888888889 0.01169677734375 0.014124999999999999
1 0.12825732421875 0.21089973958333333 0.0074912109375 0.024230034722222224
1 0.546146240234375 0.5878576388888889 0.00830810546875 0.015993055555555555
1 0.5525830078125 0.7660312499999999 0.018251953125 0.03379861111111111
