2 0.49973958333333335 0.49953703703703706 0.9994791666666667 0.9990740740740741
1 0.4109375 0.5837962962962963 0.021875 0.03981481481481482
1 0.39947916666666666 0.7083333333333334 0.016666666666666666 0.037037037037037035
1 0.5158854166666667 0.6092592592592593 0.024479166666666666 0.06296296296296296
1 0.4552083333333333 0.924074074074074 0.017708333333333333 0.027777777777777776
1 0.6200520833333333 0.6884259259259259 0.024479166666666666 0.03796296296296296
1 0.6479166666666667 0.6615740740740741 0.0125 0.026851851851851852
1 0.6458333333333334 0.711574074074074 0.011458333333333333 0.026851851851851852
1 0.6442708333333333 0.7587962962962963 0.019791666666666666 0.025
1 0.6286458333333333 0.7930555555555555 0.013541666666666667 0.04537037037037037
1 0.7018229166666666 0.8486111111111111 0.009895833333333333 0.019444444444444445
1 0.6802083333333333 0.8986111111111111 0.005208333333333333 0.013888888888888888
1 0.6716145833333333 0.924074074074074 0.005729166666666666 0.009259259259259259
1 0.6713541666666667 0.9476851851851852 0.0125 0.017592592592592594
1 0.8276041666666667 0.7787037037037037 0.030208333333333334 0.05555555555555555
1 0.88515625 0.5949074074074074 0.0140625 0.05092592592592592
1 0.8463541666666666 0.6888888888888889 0.010416666666666666 0.020370370370370372
1 0.7901041666666667 0.6675925925925926 0.013541666666666667 0.025925925925925925
1 0.8026041666666667 0.6268518518518519 0.007291666666666667 0.012962962962962963
1 0.8088541666666667 0.38055555555555554 0.020833333333333332 0.02962962962962963
1 0.8330729166666667 0.3907407407407407 0.008854166666666666 0.014814814814814815
1 0.8236979166666667 0.42962962962962964 0.015104166666666667 0.03148148148148148
1 0.8200520833333333 0.49722222222222223 0.0046875 0.027777777777777776
1 0.73125 0.425 0.007291666666666667 0.018518518518518517
1 0.6682291666666667 0.41712962962962963 0.03333333333333333 0.06018518518518518
1 0.66015625 0.4685185185185185 0.04739583333333333 0.05185185185185185
1 0.5848958333333333 0.09537037037037037 0.03333333333333333 0.06296296296296296
1 0.44609375 0.1125 0.009895833333333333 0.026851851851851852
1 0.45755208333333336 0.14629629629629629 0.013020833333333334 0.03148148148148148
1 0.43072916666666666 0.006944444444444444 0.014583333333333334 0.013888888888888888
1 0.3963541666666667 0.24537037037037038 0.015625 0.03518518518518519
1 0.4171875 0.3162037037037037 0.013541666666666667 0.023148148148148147
1 0.43854166666666666 0.3449074074074074 0.008333333333333333 0.021296296296296296
1 0.48203125 0.29444444444444445 0.008854166666666666 0.014814814814814815
1 0.5479166666666667 0.44675925925925924 0.019791666666666666 0.03611111111111111
1 0.4328125 0.5041666666666667 0.014583333333333334 0.049074074074074076
1 0.4171875 0.3976851851851852 0.0125 0.04722222222222222
1 0.4505208333333333 0.3861111111111111 0.010416666666666666 0.016666666666666666
1 0.16223958333333333 0.08657407407407407 0.0140625 0.04537037037037037
1 0.20833333333333334 0.0587962962962963 0.008333333333333333 0.017592592592592594
1 0.17109375 0.1574074074074074 0.0109375 0.024074074074074074
1 0.16927083333333334 0.19583333333333333 0.025 0.041666666666666664
1 0.16979166666666667 0.1550925925925926 0.015625 0.021296296296296296
1 0.17083333333333334 0.1986111111111111 0.01875 0.03611111111111111
1 0.052083333333333336 0.27870370370370373 0.010416666666666666 0.03888888888888889
1 0.10442708333333334 0.3648148148148148 0.016145833333333335 0.02962962962962963
1 0.12421875 0.3541666666666667 0.021354166666666667 0.03981481481481482
1 0.13776041666666666 0.3476851851851852 0.009895833333333333 0.019444444444444445
1 0.12942708333333333 0.3611111111111111 0.011979166666666667 0.018518518518518517
1 0.18255208333333334 0.3837962962962963 0.013020833333333334 0.028703703703703703
1 0.15859375 0.4217592592592593 0.015104166666666667 0.012037037037037037
1 0.17890625 0.4388888888888889 0.0078125 0.018518518518518517
1 0.12708333333333333 0.43703703703703706 0.015625 0.022222222222222223
1 0.10885416666666667 0.5208333333333334 0.013541666666666667 0.028703703703703703
1 0.11510416666666666 0.7402777777777778 0.01875 0.030555555555555555
1 0.06770833333333333 0.924537037037037 0.016666666666666666 0.03796296296296296
1 0.10286458333333333 0.8310185185185185 0.008854166666666666 0.025
1 0.22473958333333333 0.6064814814814815 0.0036458333333333334 0.022222222222222223
1 0.03958333333333333 0.4675925925925926 0.005208333333333333 0.022222222222222223
