2 0.5 0.48047361111111114 1.0 0.9609472222222223
2 0.9510197916666667 0.9414662037037037 0.022872916666666666 0.027376851851851854
1 0.7929591145833333 0.7287393518518519 0.0098765625 0.018589814814814816
1 0.8060695312499999 0.7271986111111112 0.007972395833333333 0.026619444444444442
1 0.7182713541666667 0.7316819444444445 0.016751041666666668 0.050400925925925925
1 0.7059908854166667 0.8188101851851852 0.0057317708333333335 0.015398148148148147
1 0.8610481770833334 0.6527768518518519 0.0179296875 0.024072222222222224
1 0.8968200520833334 0.6620958333333333 0.013431770833333334 0.029747222222222224
1 0.8632924479166667 0.5554782407407408 0.006793229166666666 0.018363888888888888
1 0.9694203125 0.36929953703703705 0.007590625 0.03859907407407407
1 0.9804473958333334 0.31248287037037037 0.005686458333333333 0.017558333333333336
1 0.47852369791666666 0.2029097222222222 0.028922395833333333 0.04470833333333333
1 0.4786471354166667 0.13871157407407408 0.016669270833333336 0.012608333333333334
1 0.36563723958333333 0.1033375 0.012524479166666666 0.03260092592592593
1 0.5426015625 0.2743819444444444 0.01749479166666667 0.04135648148148148
1 0.5417864583333334 0.26493148148148143 0.017947916666666668 0.01875185185185185
1 0.5208752604166667 0.5023393518518517 0.016750520833333334 0.04541944444444444
1 0.5474458333333333 0.5133726851851852 0.021975 0.03785648148148148
1 0.42982369791666664 0.6018749999999999 0.014855729166666666 0.03708333333333333
1 0.5936197916666667 0.7063226851851852 0.01640625 0.029312037037037036
1 0.6542424479166667 0.7670768518518518 0.005359895833333334 0.01193148148148148
1 0.35254583333333334 0.7586731481481481 0.008216666666666667 0.015494444444444446
1 0.3840505208333333 0.7245324074074074 0.009767708333333335 0.012027777777777778
1 0.28136223958333334 0.6598189814814815 0.005432812499999999 0.0066749999999999995
1 0.23779401041666667 0.7111194444444444 0.006838020833333333 0.012979629629629631
1 0.30079947916666666 0.7297078703703704 0.0036822916666666666 0.009415740740740742
1 0.07760104166666666 0.2137300925925926 0.00936875 0.042275
1 0.11579921875 0.0047416666666666675 0.011806770833333334 0.009483333333333335
1 0.10578020833333333 0.037300925925925925 0.009477083333333334 0.02275
1 0.059346354166666664 0.42362962962962963 0.005151041666666667 0.036148148148148145
1 0.05698072916666667 0.3963425925925926 0.009794791666666667 0.022314814814814815
1 0.03838307291666666 0.583625925925926 0.006974479166666667 0.01725185185185185
1 0.5307653645833333 0.3349837962962963 0.014655729166666666 0.03848611111111111
1 0.52284140625 0.31405231481481477 0.010266145833333332 0.01699351851851852
1 0.46358567708333337 0.30183935185185184 0.005296354166666667 0.005530555555555555
1 0.8791979166666667 0.2176199074074074 0.013604166666666667 0.03153611111111111
1 0.74974921875 0.12398333333333332 0.004706770833333334 0.009077777777777778
1 0.5254898437500001 0.004076851851851852 0.008271354166666666 0.00445
