2 0.49973958333333335 0.5365740740740741 0.9994791666666667 0.925
1 0.228125 0.3578703703703704 0.022916666666666665 0.03611111111111111
1 0.21197916666666666 0.4546296296296296 0.019791666666666666 0.04814814814814815
1 0.19895833333333332 0.5763888888888888 0.0125 0.023148148148148147
1 0.13125 0.6337962962962963 0.017708333333333333 0.026851851851851852
1 0.49583333333333335 0.6106481481481482 0.010416666666666666 0.026851851851851852
1 0.1171875 0.8217592592592593 0.019791666666666666 0.06388888888888888
1 0.5231770833333333 0.6138888888888889 0.0067708333333333336 0.012962962962962963
1 0.5434895833333333 0.5087962962962963 0.005729166666666666 0.008333333333333333
1 0.9052083333333333 0.6995370370370371 0.009375 0.023148148148148147
1 0.032552083333333336 0.7388888888888889 0.016145833333333335 0.022222222222222223
1 0.0046875 0.9291666666666667 0.009375 0.03796296296296296
