2 0.49973958333333335 0.49953703703703706 0.9994791666666667 0.9990740740740741
1 0.44427083333333334 0.3277777777777778 0.03333333333333333 0.03148148148148148
1 0.34140625 0.09166666666666666 0.018229166666666668 0.040740740740740744
1 0.2786458333333333 0.043055555555555555 0.013541666666666667 0.032407407407407406
1 0.14791666666666667 0.36342592592592593 0.011458333333333333 0.03981481481481482
1 0.10234375 0.6912037037037037 0.0296875 0.04722222222222222
1 0.11041666666666666 0.6847222222222222 0.010416666666666666 0.021296296296296296
1 0.34765625 0.8694444444444445 0.027604166666666666 0.06296296296296296
1 0.34921875 0.8824074074074074 0.0234375 0.03518518518518519
1 0.77890625 0.6861111111111111 0.009895833333333333 0.03518518518518519
1 0.78671875 0.6601851851851852 0.019270833333333334 0.022222222222222223
1 0.7015625 0.7902777777777777 0.019791666666666666 0.03611111111111111
1 0.7234375 0.5763888888888888 0.017708333333333333 0.032407407407407406
1 0.9591145833333333 0.4925925925925926 0.0067708333333333336 0.020370370370370372
1 0.9903645833333333 0.8087962962962963 0.018229166666666668 0.07685185185185185
1 0.8356770833333333 0.9708333333333333 0.008854166666666666 0.021296296296296296
1 0.76796875 0.7472222222222222 0.008854166666666666 0.022222222222222223
1 0.7544270833333333 0.6615740740740741 0.0067708333333333336 0.032407407407407406
1 0.6916666666666667 0.7314814814814815 0.019791666666666666 0.024074074074074074
1 0.3984375 0.6643518518518519 0.028125 0.04722222222222222
1 0.42239583333333336 0.5157407407407407 0.011458333333333333 0.016666666666666666
1 0.3763020833333333 0.6064814814814815 0.0109375 0.025925925925925925
1 0.34296875 0.6439814814814815 0.011979166666666667 0.023148148148148147
1 0.2786458333333333 0.4962962962962963 0.009375 0.020370370370370372
1 0.66484375 0.4074074074074074 0.009895833333333333 0.018518518518518517
1 0.23619791666666667 0.25092592592592594 0.009895833333333333 0.020370370370370372
1 0.04635416666666667 0.9893518518518518 0.009375 0.019444444444444445
1 0.03671875 0.9523148148148148 0.0078125 0.025
1 0.04375 0.5902777777777778 0.00625 0.03425925925925926
1 0.050520833333333334 0.6240740740740741 0.007291666666666667 0.025925925925925925
1 0.051041666666666666 0.7412037037037037 0.015625 0.058333333333333334
1 0.053125 0.8407407407407408 0.017708333333333333 0.1037037037037037
