2 0.49661458333333336 0.549074074074074 0.9921875 0.9
1 0.58359375 0.28935185185185186 0.025520833333333333 0.049074074074074076
1 0.6098958333333333 0.42268518518518516 0.019791666666666666 0.03796296296296296
1 0.628125 0.3638888888888889 0.016666666666666666 0.03333333333333333
1 0.2994791666666667 0.36203703703703705 0.020833333333333332 0.03333333333333333
1 0.6302083333333334 0.16620370370370371 0.016666666666666666 0.028703703703703703
1 0.55546875 0.19490740740740742 0.016145833333333335 0.023148148148148147
1 0.48151041666666666 0.6875 0.015104166666666667 0.05462962962962963
1 0.4986979166666667 0.7620370370370371 0.0171875 0.05925925925925926
1 0.4401041666666667 0.8694444444444445 0.026041666666666668 0.05185185185185185
1 0.5692708333333333 0.9324074074074075 0.015625 0.053703703703703705
1 0.36770833333333336 0.8736111111111111 0.01875 0.025
1 0.2989583333333333 0.9337962962962963 0.019791666666666666 0.028703703703703703
1 0.5328125 0.7476851851851852 0.017708333333333333 0.023148148148148147
1 0.6046875 0.5842592592592593 0.020833333333333332 0.025925925925925925
1 0.45208333333333334 0.7555555555555555 0.015625 0.02962962962962963
1 0.5611979166666666 0.6134259259259259 0.03177083333333333 0.05277777777777778
1 0.47630208333333335 0.925 0.016145833333333335 0.044444444444444446
1 0.5010416666666667 0.9236111111111112 0.020833333333333332 0.017592592592592594
1 0.4283854166666667 0.9717592592592592 0.015104166666666667 0.017592592592592594
1 0.4315104166666667 0.7583333333333333 0.009895833333333333 0.020370370370370372
1 0.6036458333333333 0.21388888888888888 0.015625 0.03333333333333333
1 0.32708333333333334 0.34675925925925927 0.009375 0.028703703703703703
