2 0.5 0.5148361111111112 1.0 0.970412962962963
1 0.5009651041666666 0.18307037037037038 0.030055208333333337 0.021696296296296293
1 0.7634013020833332 0.4346601851851852 0.032010937499999996 0.056357407407407405
1 0.7824510416666667 0.525473611111111 0.021152083333333335 0.03428055555555556
1 0.7763505208333333 0.27765231481481484 0.009992708333333333 0.020119444444444443
1 0.7041070312500001 0.5807736111111111 0.0207140625 0.03562129629629629
1 0.9041497395833333 0.5027291666666667 0.011424479166666666 0.020273148148148148
1 0.3004130208333333 0.9752708333333333 0.056034375 0.04868981481481482
1 0.29928020833333335 0.6964111111111111 0.007935416666666667 0.013192592592592593
1 0.32274947916666663 0.6666819444444444 0.006957291666666667 0.009289814814814815
1 0.23431354166666668 0.9947347222222221 0.006127083333333333 0.009839814814814815
1 0.9672114583333333 0.5560435185185185 0.0052562500000000005 0.01579074074074074
1 0.8926783854166668 0.5774009259259258 0.013481770833333333 0.014061111111111111
1 0.7890393229166667 0.5879101851851851 0.0041203125 0.020264814814814815
