2 0.9698966145833333 0.5379277777777778 0.05854322916666667 0.31844814814814815
2 0.48692838541666666 0.5 0.9738567708333333 1.0
1 0.20409322916666667 0.5860180555555555 0.019644791666666668 0.06833240740740741
1 0.09527135416666667 0.13519074074074075 0.0072093750000000005 0.024085185185185185
1 0.16570338541666668 0.017313425925925927 0.011615104166666666 0.029071296296296296
1 0.20003541666666666 0.037662037037037036 0.005279166666666666 0.014212962962962962
1 0.08886953125000001 0.30478055555555555 0.011072395833333333 0.026227777777777777
1 0.15971614583333332 0.5398425925925926 0.013182291666666667 0.035240740740740746
1 0.11796067708333333 0.6423532407407407 0.010921354166666668 0.031002777777777775
1 0.08766692708333333 0.7709203703703704 0.020125520833333334 0.03072962962962963
1 0.22130468749999999 0.5981 0.010317708333333333 0.020274074074074076
1 0.23693645833333335 0.48384351851851853 0.01345625 0.03620555555555555
1 0.4054830729166667 0.4399013888888889 0.0120078125 0.02054351851851852
1 0.38834479166666663 0.4239763888888889 0.023564583333333333 0.04424907407407407
1 0.43729192708333336 0.4969111111111111 0.013125520833333333 0.04382222222222223
1 0.5545822916666666 0.556400462962963 0.019581249999999998 0.03502314814814815
1 0.6252591145833333 0.3771652777777778 0.0338515625 0.054330555555555556
1 0.6928549479166667 0.3218699074074074 0.03466822916666667 0.04188796296296296
1 0.7366888020833334 0.27221064814814816 0.009835937500000001 0.029606481481481484
1 0.7592729166666667 0.2350949074074074 0.009170833333333333 0.02574537037037037
1 0.46925390624999996 0.13170046296296298 0.0260078125 0.06340092592592593
1 0.37168307291666663 0.0927712962962963 0.008991145833333334 0.026283333333333332
1 0.9714315104166666 0.6664643518518519 0.035571354166666666 0.06811388888888889
1 0.3782916666666667 0.6022347222222222 0.018041666666666668 0.021136111111111112
1 0.69504921875 0.2670601851851852 0.0182234375 0.026712962962962963
1 0.5729200520833333 0.3090101851851852 0.011465104166666667 0.021724074074074073
1 0.47017161458333334 0.8364106481481481 0.012218229166666667 0.024673148148148145
