2 0.5 0.5508912037037037 1.0 0.8980787037037037
1 0.41188984375 0.5639157407407407 0.024821354166666663 0.037090740740740744
1 0.4119083333333334 0.5634694444444445 0.023816666666666667 0.036198148148148146
1 0.32301692708333335 0.6038273148148149 0.0293671875 0.052099074074074075
1 0.41041354166666666 0.6499967592592593 0.020827083333333333 0.044437962962962964
1 0.43775546875 0.571737037037037 0.0161359375 0.0194
1 0.8773645833333333 0.30144074074074073 0.009937499999999998 0.041770370370370374
1 0.8866161458333334 0.27700648148148144 0.008648958333333335 0.022531481481481482
1 0.89249140625 0.2463800925925926 0.01727447916666667 0.042760185185185186
1 0.41541171875 0.26774444444444445 0.013115104166666667 0.03178518518518519
1 0.9570367187500001 0.8732875 0.011990104166666666 0.020649074074074073
1 0.9490697916666666 0.8188018518518518 0.01168125 0.02464074074074074
1 0.8672166666666666 0.6317467592592593 0.012558333333333333 0.03201203703703704
1 0.8398229166666666 0.4445013888888889 0.008812500000000001 0.026039814814814814
1 0.6038677083333333 0.30830740740740736 0.018152083333333333 0.031429629629629634
1 0.25398307291666666 0.8088810185185186 0.01629947916666667 0.03998425925925926
1 0.5260369791666667 0.9512699074074074 0.015615625 0.01920648148148148
1 0.37468723958333333 0.5500907407407407 0.022291145833333335 0.020551851851851852
1 0.3088205729166667 0.30992777777777775 0.0124328125 0.04948518518518519
1 0.295525 0.9695847222222221 0.007716666666666667 0.016947222222222225
1 0.6135299479166666 0.5773416666666666 0.008309895833333334 0.017646296296296295
1 0.8826221354166666 0.6009675925925926 0.008994270833333333 0.022305555555555554
1 0.5836229166666667 0.2918703703703704 0.023495833333333334 0.02077777777777778
1 0.5251421875 0.2008837962962963 0.010701041666666666 0.03139722222222222
1 0.35282578125 0.889587037037037 0.007734895833333334 0.023618518518518518
1 0.5425885416666667 0.7767652777777778 0.01642708333333333 0.038715740740740745
1 0.90418046875 0.5897537037037037 0.0146109375 0.007285185185185185
1 0.7587104166666666 0.3415708333333333 0.0049208333333333335 0.04980833333333333
1 0.7496703124999999 0.28411574074074075 0.018090625000000003 0.012675925925925926
1 0.3075671875 0.4959722222222222 0.009926041666666666 0.021574074074074075
1 0.8450403645833333 0.514363425925926 0.008830729166666666 0.015763888888888886
1 0.38392499999999996 0.953300925925926 0.006391666666666667 0.01400925925925926
