2 0.49973958333333335 0.5375 0.9994791666666667 0.9231481481481482
1 0.2296875 0.4212962962962963 0.013541666666666667 0.03148148148148148
1 0.071875 0.5351851851851852 0.008333333333333333 0.022222222222222223
1 0.08880208333333334 0.4527777777777778 0.005729166666666666 0.03148148148148148
1 0.07734375 0.4074074074074074 0.005729166666666666 0.025925925925925925
1 0.07760416666666667 0.3861111111111111 0.004166666666666667 0.007407407407407408
1 0.06302083333333333 0.36944444444444446 0.009375 0.016666666666666666
1 0.0765625 0.6851851851851852 0.013541666666666667 0.024074074074074074
1 0.059375 0.6171296296296296 0.008333333333333333 0.017592592592592594
1 0.019270833333333334 0.587037037037037 0.004166666666666667 0.009259259259259259
1 0.01796875 0.6092592592592593 0.0078125 0.012962962962962963
1 0.019270833333333334 0.5856481481481481 0.004166666666666667 0.010185185185185186
1 0.015104166666666667 0.5699074074074074 0.004166666666666667 0.010185185185185186
1 0.029166666666666667 0.2439814814814815 0.00625 0.01574074074074074
1 0.036458333333333336 0.30277777777777776 0.008333333333333333 0.016666666666666666
1 0.03828125 0.7638888888888888 0.0109375 0.024074074074074074
1 0.07473958333333333 0.7305555555555555 0.009895833333333333 0.022222222222222223
1 0.0046875 0.44537037037037036 0.009375 0.07962962962962963
1 0.18463541666666666 0.8875 0.015104166666666667 0.023148148148148147
1 0.21171875 0.9226851851851852 0.025520833333333333 0.032407407407407406
1 0.3015625 0.9314814814814815 0.021875 0.046296296296296294
1 0.32786458333333335 0.9083333333333333 0.0109375 0.016666666666666666
1 0.31197916666666664 0.8629629629629629 0.007291666666666667 0.016666666666666666
1 0.23098958333333333 0.7921296296296296 0.005729166666666666 0.019444444444444445
1 0.22708333333333333 0.874537037037037 0.009375 0.012037037037037037
1 0.31276041666666665 0.7023148148148148 0.0265625 0.028703703703703703
1 0.43697916666666664 0.8546296296296296 0.014583333333333334 0.05185185185185185
1 0.4200520833333333 0.8125 0.016145833333333335 0.017592592592592594
1 0.4583333333333333 0.8046296296296296 0.011458333333333333 0.018518518518518517
1 0.4609375 0.8712962962962963 0.010416666666666666 0.014814814814814815
1 0.5497395833333333 0.9050925925925926 0.033854166666666664 0.041666666666666664
1 0.5638020833333334 0.9912037037037037 0.028645833333333332 0.01574074074074074
1 0.43020833333333336 0.11944444444444445 0.007291666666666667 0.016666666666666666
1 0.5033854166666667 0.1259259259259259 0.0921875 0.10185185185185185
1 0.46927083333333336 0.12962962962962962 0.025 0.03148148148148148
1 0.48828125 0.16064814814814815 0.011979166666666667 0.030555555555555555
1 0.49375 0.1287037037037037 0.0125 0.022222222222222223
1 0.54453125 0.08842592592592592 0.009895833333333333 0.023148148148148147
1 0.4973958333333333 0.09722222222222222 0.03958333333333333 0.04259259259259259
1 0.5580729166666667 0.18703703703703703 0.0171875 0.027777777777777776
1 0.53125 0.19953703703703704 0.015625 0.023148148148148147
1 0.4940104166666667 0.20694444444444443 0.0067708333333333336 0.010185185185185186
1 0.5828125 0.22916666666666666 0.013541666666666667 0.028703703703703703
1 0.5908854166666667 0.005092592592592593 0.09322916666666667 0.010185185185185186
1 0.6169270833333333 0.21388888888888888 0.0036458333333333334 0.005555555555555556
1 0.6158854166666666 0.21296296296296297 0.005729166666666666 0.009259259259259259
1 0.6497395833333334 0.25833333333333336 0.04010416666666667 0.03888888888888889
1 0.67265625 0.2537037037037037 0.015104166666666667 0.03148148148148148
1 0.6572916666666667 0.1884259259259259 0.0125 0.032407407407407406
1 0.6541666666666667 0.18796296296296297 0.003125 0.007407407407407408
1 0.66328125 0.21666666666666667 0.0234375 0.046296296296296294
1 0.6770833333333334 0.20925925925925926 0.010416666666666666 0.016666666666666666
1 0.5572916666666666 0.36574074074074076 0.005208333333333333 0.012962962962962963
1 0.6356770833333333 0.37407407407407406 0.018229166666666668 0.025925925925925925
1 0.62109375 0.562037037037037 0.008854166666666666 0.014814814814814815
1 0.6955729166666667 0.5476851851851852 0.011979166666666667 0.019444444444444445
1 0.67578125 0.4875 0.009895833333333333 0.017592592592592594
1 0.71875 0.5532407407407407 0.015625 0.021296296296296296
1 0.73828125 0.5375 0.015104166666666667 0.019444444444444445
1 0.7385416666666667 0.4976851851851852 0.020833333333333332 0.041666666666666664
1 0.7833333333333333 0.38425925925925924 0.023958333333333335 0.03518518518518519
1 0.7104166666666667 0.324537037037037 0.007291666666666667 0.010185185185185186
1 0.746875 0.21805555555555556 0.007291666666666667 0.008333333333333333
1 0.62890625 0.1925925925925926 0.011979166666666667 0.03148148148148148
1 0.90546875 0.2263888888888889 0.0109375 0.028703703703703703
1 0.8174479166666667 0.15648148148148147 0.009895833333333333 0.037037037037037035
1 0.8778645833333333 0.3055555555555556 0.0140625 0.022222222222222223
1 0.8682291666666667 0.35 0.007291666666666667 0.012962962962962963
1 0.93671875 0.500462962962963 0.044270833333333336 0.1361111111111111
1 0.9208333333333333 0.49027777777777776 0.008333333333333333 0.021296296296296296
1 0.95 0.4736111111111111 0.01875 0.03981481481481482
1 0.9299479166666667 0.5194444444444445 0.009895833333333333 0.037037037037037035
1 0.9966145833333333 0.44814814814814813 0.005729166666666666 0.022222222222222223
1 0.9638020833333333 0.5944444444444444 0.009895833333333333 0.025925925925925925
1 0.6825520833333333 0.4652777777777778 0.024479166666666666 0.03981481481481482
1 0.8674479166666667 0.5810185185185185 0.018229166666666668 0.03425925925925926
1 0.9255208333333333 0.7152777777777778 0.007291666666666667 0.03796296296296296
1 0.9877604166666667 0.825925925925926 0.0067708333333333336 0.03518518518518519
1 0.97265625 0.9106481481481481 0.008854166666666666 0.025
1 0.9986979166666666 0.8393518518518519 0.0015625 0.006481481481481481
1 0.9953125 0.8680555555555556 0.008333333333333333 0.03611111111111111
1 0.9875 0.9921296296296296 0.008333333333333333 0.013888888888888888
1 0.990625 0.9578703703703704 0.008333333333333333 0.017592592592592594
1 0.9216145833333333 0.9606481481481481 0.008854166666666666 0.025
1 0.9458333333333333 0.899074074074074 0.00625 0.014814814814814815
1 0.9213541666666667 0.9254629629629629 0.007291666666666667 0.012037037037037037
1 0.9161458333333333 0.8916666666666667 0.0125 0.03148148148148148
1 0.9122395833333333 0.8444444444444444 0.018229166666666668 0.046296296296296294
1 0.18098958333333334 0.16712962962962963 0.008854166666666666 0.041666666666666664
