2 0.5171875 0.5986111111111111 0.965625 0.8027777777777778
2 0.9158854166666667 0.8740740740740741 0.1671875 0.25
2 0.9731770833333333 0.9648148148148148 0.05260416666666667 0.06851851851851852
1 0.74921875 0.29444444444444445 0.0234375 0.06851851851851852
1 0.4171875 0.31712962962962965 0.010416666666666666 0.026851851851851852
1 0.415625 0.49675925925925923 0.008333333333333333 0.01574074074074074
1 0.36380208333333336 0.8041666666666667 0.0067708333333333336 0.012037037037037037
1 0.79140625 0.5879629629629629 0.018229166666666668 0.037037037037037035
1 0.8627604166666667 0.6962962962962963 0.0078125 0.022222222222222223
1 0.91171875 0.7921296296296296 0.013020833333333334 0.021296296296296296
1 0.7859375 0.7657407407407407 0.014583333333333334 0.025925925925925925
1 0.8489583333333334 0.9476851851851852 0.009375 0.01574074074074074
1 0.9966145833333333 0.8578703703703704 0.005729166666666666 0.021296296296296296
1 0.9635416666666666 0.39444444444444443 0.010416666666666666 0.016666666666666666
1 0.853125 0.412962962962963 0.008333333333333333 0.03148148148148148
1 0.81015625 0.3726851851851852 0.005729166666666666 0.010185185185185186
1 0.8294270833333334 0.3476851851851852 0.008854166666666666 0.019444444444444445
1 0.9627604166666667 0.6365740740740741 0.0078125 0.012037037037037037
1 0.8395833333333333 0.6467592592592593 0.009375 0.017592592592592594
1 0.8703125 0.013425925925925926 0.053125 0.023148148148148147
1 0.5013020833333334 0.011111111111111112 0.11510416666666666 0.012962962962962963
1 0.73828125 0.24212962962962964 0.011979166666666667 0.019444444444444445
