2 0.5018419270833333 0.5436569444444445 0.9963921875 0.9132398148148148
1 0.22416093750000002 0.9154009259259259 0.037905208333333336 0.11228333333333333
1 0.22201718750000002 0.7225819444444445 0.010701041666666666 0.021089814814814815
1 0.24414505208333334 0.8286986111111111 0.005998437499999999 0.016656481481481484
1 0.23699218749999998 0.7568435185185185 0.014609375 0.08590925925925925
1 0.27803098958333333 0.8687217592592593 0.010228645833333333 0.022628703703703703
1 0.2812497395833333 0.7531375 0.019791145833333336 0.039608333333333336
1 0.2672453125 0.6777212962962963 0.018865625 0.025812962962962965
1 0.21407838541666668 0.6278708333333334 0.0073234375 0.013149074074074075
1 0.25437057291666665 0.5793259259259259 0.0066578125 0.008651851851851852
1 0.2606765625 0.5879939814814815 0.0015614583333333335 0.003765740740740741
1 0.26035104166666667 0.5842550925925926 0.00611875 0.01295462962962963
1 0.23845703124999998 0.5320699074074073 0.009205729166666668 0.012287962962962964
1 0.5432815104166667 0.9535550925925926 0.026146354166666667 0.06266574074074074
1 0.4969184895833333 0.8545356481481482 0.02508697916666667 0.062775
1 0.4975088541666667 0.8723916666666667 0.016892708333333332 0.028116666666666665
1 0.46882604166666664 0.8270083333333333 0.018902083333333333 0.01697962962962963
1 0.36294687499999995 0.9038967592592593 0.014435416666666668 0.03742314814814815
1 0.35975078125 0.9146962962962962 0.009084895833333334 0.018281481481481482
1 0.40264609375 0.6704333333333333 0.0115421875 0.005681481481481482
1 0.47781276041666665 0.6658236111111111 0.021250520833333335 0.02053611111111111
1 0.3776434895833333 0.5577462962962962 0.0198703125 0.035862962962962965
1 0.36264375 0.4857277777777778 0.03570416666666667 0.056640740740740735
1 0.3146447916666667 0.437975 0.007414583333333334 0.012987037037037037
1 0.40646354166666665 0.35867314814814816 0.02334375 0.052531481481481485
1 0.7149674479166667 0.907912962962963 0.012226562500000001 0.01952962962962963
1 0.7018486979166667 0.9842564814814816 0.0047390625 0.009253703703703703
1 0.32788072916666666 0.1462611111111111 0.006803124999999999 0.009188888888888889
1 0.32468046874999995 0.2975064814814815 0.0149859375 0.02279074074074074
1 0.26232942708333334 0.28850324074074074 0.003825520833333333 0.012191666666666667
1 0.3192513020833333 0.23099907407407408 0.004127604166666667 0.010146296296296296
1 0.5560239583333334 0.25656018518518514 0.006839583333333333 0.007564814814814815
1 0.5940072916666667 0.23024814814814815 0.009889583333333334 0.019755555555555554
1 0.6484072916666667 0.1371138888888889 0.009314583333333333 0.013116666666666667
1 0.6938731770833333 0.1834351851851852 0.013788020833333333 0.03724074074074074
1 0.6921658854166667 0.2883236111111111 0.011415104166666667 0.017387962962962963
1 0.82918515625 0.5048425925925926 0.34170364583333335 0.13005555555555556
1 0.8106466145833333 0.9007 0.010876562499999999 0.01806666666666667
1 0.80505546875 0.8725523148148148 0.004902604166666667 0.011771296296296295
1 0.7413768229166667 0.5824685185185186 0.006711979166666667 0.011233333333333333
1 0.9089421875 0.6291601851851852 0.009551041666666668 0.021283333333333335
1 0.9547486979166667 0.7231722222222222 0.008455729166666667 0.027825925925925924
1 0.63177734375 0.4349587962962963 0.008346354166666665 0.01991759259259259
1 0.5823260416666667 0.3403865740740741 0.00631875 0.01410648148148148
1 0.3378494791666667 0.13570833333333332 0.005907291666666667 0.01400925925925926
1 0.36255338541666665 0.13473657407407408 0.0042734375 0.006510185185185185
1 0.24191588541666667 0.2532203703703704 0.0067484375 0.013848148148148148
