2 0.49973958333333335 0.5393518518518519 0.9994791666666667 0.9194444444444444
1 0.5283854166666667 0.18703703703703703 0.0296875 0.025925925925925925
1 0.76640625 0.5083333333333333 0.0296875 0.05925925925925926
1 0.7770833333333333 0.6037037037037037 0.019791666666666666 0.03148148148148148
1 0.7927083333333333 0.35648148148148145 0.009375 0.020370370370370372
1 0.6953125 0.6351851851851852 0.020833333333333332 0.03518518518518519
1 0.8981770833333333 0.6138888888888889 0.011979166666666667 0.018518518518518517
1 0.2591145833333333 0.937037037037037 0.0546875 0.0962962962962963
1 0.284375 0.638425925925926 0.007291666666666667 0.012037037037037037
1 0.3098958333333333 0.6152777777777778 0.007291666666666667 0.010185185185185186
1 0.19375 0.9217592592592593 0.00625 0.023148148148148147
1 0.95625 0.6856481481481481 0.004166666666666667 0.01574074074074074
1 0.8815104166666666 0.6861111111111111 0.0140625 0.012962962962962963
1 0.77734375 0.6675925925925926 0.0036458333333333334 0.020370370370370372
