2 0.49973958333333335 0.5444444444444444 0.9994791666666667 0.9092592592592592
1 0.9627604166666667 0.4638888888888889 0.0203125 0.046296296296296294
1 0.19739583333333333 0.40879629629629627 0.016666666666666666 0.030555555555555555
1 0.21276041666666667 0.6574074074074074 0.009895833333333333 0.022222222222222223
1 0.21223958333333334 0.5879629629629629 0.016145833333333335 0.037037037037037035
1 0.23645833333333333 0.20787037037037037 0.009375 0.013888888888888888
1 0.6338541666666667 0.8032407407407407 0.022916666666666665 0.032407407407407406
1 0.5763020833333333 0.5768518518518518 0.015104166666666667 0.020370370370370372
1 0.93671875 0.4356481481481482 0.009895833333333333 0.025
1 0.2994791666666667 0.39444444444444443 0.009375 0.03148148148148148
1 0.25494791666666666 0.9787037037037037 0.0109375 0.014814814814814815
1 0.22473958333333333 0.5574074074074075 0.015104166666666667 0.05185185185185185
1 0.24661458333333333 0.5981481481481481 0.009895833333333333 0.018518518518518517
1 0.9239583333333333 0.6763888888888889 0.008333333333333333 0.03425925925925926
1 0.6966145833333334 0.5532407407407407 0.0078125 0.010185185185185186
