2 0.49973958333333335 0.549537037037037 0.9994791666666667 0.899074074074074
1 0.73125 0.29583333333333334 0.009375 0.026851851851851852
1 0.8705729166666667 0.8851851851851852 0.0067708333333333336 0.011111111111111112
1 0.5143229166666666 0.7296296296296296 0.013020833333333334 0.02962962962962963
1 0.22083333333333333 0.8208333333333333 0.011458333333333333 0.021296296296296296
1 0.33098958333333334 0.8976851851851851 0.013020833333333334 0.017592592592592594
1 0.3026041666666667 0.5430555555555555 0.010416666666666666 0.013888888888888888
1 0.22005208333333334 0.4652777777777778 0.0078125 0.01574074074074074
1 0.014322916666666666 0.43842592592592594 0.028645833333333332 0.013888888888888888
1 0.03828125 0.40370370370370373 0.0046875 0.03888888888888889
1 0.15807291666666667 0.3439814814814815 0.0078125 0.013888888888888888
1 0.8723958333333334 0.9407407407407408 0.027083333333333334 0.07962962962962963
1 0.9234375 0.7916666666666666 0.007291666666666667 0.025925925925925925
1 0.6963541666666667 0.7416666666666667 0.007291666666666667 0.018518518518518517
1 0.9856770833333334 0.2662037037037037 0.0046875 0.013888888888888888
1 0.9122395833333333 0.3902777777777778 0.005729166666666666 0.013888888888888888
