2 0.49973958333333335 0.5472222222222223 0.9994791666666667 0.9037037037037037
1 0.14973958333333334 0.6087962962962963 0.0140625 0.03611111111111111
1 0.61796875 0.5597222222222222 0.019270833333333334 0.05092592592592592
1 0.7140625 0.5314814814814814 0.015625 0.05925925925925926
1 0.5755208333333334 0.6694444444444444 0.015625 0.053703703703703705
1 0.09010416666666667 0.6087962962962963 0.010416666666666666 0.026851851851851852
1 0.25364583333333335 0.9296296296296296 0.011458333333333333 0.03518518518518519
1 0.31692708333333336 0.12638888888888888 0.018229166666666668 0.01574074074074074
1 0.27734375 0.23842592592592593 0.0109375 0.01574074074074074
1 0.36015625 0.2796296296296296 0.011979166666666667 0.037037037037037035
1 0.030208333333333334 0.3819444444444444 0.005208333333333333 0.017592592592592594
1 0.08541666666666667 0.8759259259259259 0.011458333333333333 0.009259259259259259
1 0.04921875 0.8245370370370371 0.008854166666666666 0.01574074074074074
1 0.3184895833333333 0.9412037037037037 0.018229166666666668 0.010185185185185186
1 0.9231770833333334 0.5879629629629629 0.008854166666666666 0.044444444444444446
