2 0.49973958333333335 0.5462962962962963 0.9994791666666667 0.9055555555555556
2 0.06614583333333333 0.13796296296296295 0.007291666666666667 0.014814814814814815
2 0.0265625 0.15925925925925927 0.026041666666666668 0.02962962962962963
1 0.8427083333333333 0.20185185185185187 0.009375 0.016666666666666666
1 0.8372395833333334 0.42407407407407405 0.024479166666666666 0.05
1 0.9080729166666667 0.6708333333333333 0.0078125 0.019444444444444445
1 0.93125 0.6467592592592593 0.008333333333333333 0.017592592592592594
1 0.61796875 0.7064814814814815 0.0140625 0.044444444444444446
1 0.5177083333333333 0.8638888888888889 0.03333333333333333 0.06296296296296296
1 0.5557291666666667 0.6587962962962963 0.03854166666666667 0.03981481481481482
1 0.21588541666666666 0.6148148148148148 0.008854166666666666 0.018518518518518517
1 0.15807291666666667 0.8273148148148148 0.0234375 0.025
1 0.3575520833333333 0.7703703703703704 0.0046875 0.020370370370370372
1 0.09557291666666666 0.325 0.0067708333333333336 0.025925925925925925
1 0.6122395833333333 0.3138888888888889 0.024479166666666666 0.037037037037037035
1 0.6765625 0.2916666666666667 0.013541666666666667 0.011111111111111112
1 0.5817708333333333 0.7328703703703704 0.004166666666666667 0.023148148148148147
1 0.6559895833333333 0.6375 0.0036458333333333334 0.010185185185185186
1 0.5895833333333333 0.6151537037037037 0.0125 0.009937037037037036
1 0.4791666666666667 0.7523148148148148 0.007291666666666667 0.019444444444444445
