2 0.5 0.4819347222222222 1.0 0.9638694444444444
1 0.374946875 0.7761694444444445 0.019685416666666667 0.05789444444444445
1 0.3494645833333333 0.4043324074074074 0.027054166666666667 0.06607222222222223
1 0.39047734375 0.40626527777777777 0.014288020833333333 0.029197222222222225
1 0.38268255208333335 0.4434523148148148 0.016406770833333334 0.03690462962962963
1 0.46814635416666667 0.23561342592592593 0.018584375 0.03048611111111111
1 0.39226822916666665 0.14985324074074075 0.019953125000000002 0.023780555555555555
1 0.6148528645833333 0.8391162037037037 0.0099140625 0.04489907407407407
1 0.8889841145833334 0.03125601851851852 0.013384895833333334 0.04584537037037037
1 0.33473723958333335 0.572461574074074 0.0090578125 0.01899722222222222
1 0.094821875 0.8798074074074074 0.010477083333333333 0.0448
1 0.08758255208333333 0.7030574074074074 0.006415104166666667 0.03574444444444445
1 0.038379947916666664 0.7276606481481481 0.008009895833333332 0.023839814814814814
1 0.028130729166666667 0.6722439814814815 0.006261458333333333 0.029673148148148146
1 0.04847109375 0.6824444444444444 0.0063171875 0.020444444444444442
1 0.96582890625 0.541562962962963 0.0097828125 0.046088888888888895
1 0.9065067708333333 0.40161018518518515 0.009888541666666667 0.032850000000000004
1 0.9699364583333333 0.32938518518518517 0.008622916666666668 0.03654814814814815
