2 0.49314895833333333 0.515538425925926 0.9862979166666667 0.9681138888888889
1 0.7685234375000001 0.9898958333333334 0.008921875 0.02053240740740741
1 0.6084291666666667 0.9939138888888888 0.009566666666666666 0.011901851851851851
1 0.4913276041666667 0.5668796296296297 0.03161354166666667 0.06153703703703703
1 0.3963994791666667 0.8377217592592593 0.013632291666666666 0.03840648148148148
1 0.6975153645833333 0.36830601851851846 0.020030729166666667 0.044019444444444444
1 0.5287708333333333 0.4025564814814815 0.006500000000000001 0.014372222222222222
1 0.5635361979166666 0.5093245370370371 0.023947395833333333 0.06309351851851852
1 0.4198997395833333 0.3889356481481481 0.005424479166666666 0.014908333333333332
1 0.6317471354166667 0.1120037037037037 0.0207859375 0.05363703703703703
1 0.03958880208333334 0.16839166666666666 0.010427604166666667 0.016412962962962963
1 0.04070859375 0.5458000000000001 0.010583854166666667 0.01937777777777778
1 0.04056536458333333 0.6520574074074074 0.004047395833333333 0.01707777777777778
1 0.07106223958333334 0.8683833333333334 0.010874479166666668 0.03121111111111111
1 0.03438854166666667 0.8001689814814815 0.008360416666666667 0.020708333333333332
1 0.025198958333333334 0.7333819444444445 0.005606249999999999 0.013060185185185185
1 0.43086718749999997 0.8592314814814815 0.010692708333333334 0.014759259259259258
1 0.25157552083333334 0.6458231481481482 0.004192708333333334 0.008312962962962963
1 0.07314973958333333 0.6710379629629629 0.011924479166666667 0.018001851851851852
