2 0.5 0.5315384259259259 1.0 0.937150925925926
1 0.35245208333333333 0.4720537037037037 0.029904166666666666 0.04410740740740741
1 0.7282591145833333 0.6095194444444444 0.0461015625 0.046816666666666666
1 0.6750114583333333 0.1914638888888889 0.02085625 0.029224074074074076
1 0.3792463541666667 0.8742930555555556 0.026201041666666664 0.05228981481481482
1 0.7613640625 0.881349074074074 0.018561458333333333 0.05714259259259259
1 0.8202692708333333 0.888311574074074 0.010330208333333334 0.04143796296296296
1 0.3233486979166667 0.5894134259259259 0.012322395833333333 0.030678703703703705
1 0.5684888020833333 0.1000074074074074 0.009894270833333333 0.02408888888888889
1 0.16626171875 0.6701393518518518 0.012731770833333333 0.021760185185185188
1 0.87736796875 0.6761300925925926 0.016194270833333333 0.031889814814814815
1 0.8833562500000001 0.8560361111111111 0.0167125 0.03799814814814814
1 0.96645703125 0.9828402777777777 0.016247395833333334 0.028643518518518516
