2 0.5 0.4808569444444445 1.0 0.961713888888889
1 0.9499765625 0.049164814814814814 0.014536458333333334 0.039070370370370366
1 0.51256640625 0.3818240740740741 0.018882812500000002 0.037722222222222226
1 0.5187885416666667 0.18464675925925925 0.01361875 0.028552777777777778
1 0.51248125 0.2537513888888889 0.0187125 0.031576851851851856
1 0.48628020833333335 0.1993523148148148 0.028810416666666668 0.0727787037037037
1 0.41793932291666663 0.854236574074074 0.010878645833333334 0.026991666666666667
1 0.5478786458333332 0.7339398148148147 0.013465625 0.040101851851851854
1 0.51116328125 0.4922925925925926 0.011909895833333333 0.034585185185185184
1 0.0257734375 0.27222824074074076 0.009880208333333333 0.02223425925925926
1 0.9615104166666666 0.09898564814814814 0.004270833333333333 0.016489814814814815
