2 0.49973958333333335 0.5458333333333333 0.9994791666666667 0.9064814814814814
2 0.06796875 0.13796296296296295 0.011979166666666667 0.012962962962962963
2 0.027083333333333334 0.1597222222222222 0.026041666666666668 0.028703703703703703
1 0.2986979166666667 0.37407407407407406 0.008854166666666666 0.024074074074074074
1 0.53359375 0.2791666666666667 0.013020833333333334 0.013888888888888888
1 0.33151041666666664 0.7800925925925926 0.009895833333333333 0.013888888888888888
1 0.67109375 0.6018518518518519 0.0109375 0.018518518518518517
1 0.6307291666666667 0.861574074074074 0.004166666666666667 0.006481481481481481
1 0.8703125 0.8101851851851852 0.005208333333333333 0.014814814814814815
1 0.9690104166666667 0.8421296296296297 0.0046875 0.017592592592592594
1 0.98359375 0.8546296296296296 0.0067708333333333336 0.012962962962962963
1 0.9760416666666667 0.8962962962962963 0.008333333333333333 0.011111111111111112
1 0.9859375 0.9268518518518518 0.004166666666666667 0.012962962962962963
1 0.9333333333333333 0.4564814814814815 0.011458333333333333 0.025925925925925925
1 0.46640625 0.9439814814814815 0.0078125 0.010185185185185186
1 0.15364583333333334 0.5254629629629629 0.008333333333333333 0.013888888888888888
