2 0.5 0.47424166666666673 1.0 0.9484833333333335
1 0.17747239583333335 0.8005601851851852 0.008069791666666666 0.01778703703703704
1 0.38810546875 0.7017509259259259 0.018919270833333335 0.027575925925925927
1 0.4430018229166667 0.8140953703703703 0.007878645833333333 0.013375925925925927
1 0.40729609375000003 0.7434583333333333 0.008342187499999999 0.012842592592592591
1 0.450503125 0.555924537037037 0.02600625 0.034071296296296294
1 0.38290963541666667 0.45038935185185186 0.009569270833333334 0.02670462962962963
1 0.3842916666666667 0.27610555555555555 0.024833333333333332 0.06702592592592593
1 0.5260067708333334 0.3909680555555555 0.012430208333333333 0.04119537037037037
1 0.1012421875 0.01197314814814815 0.006651041666666666 0.014687037037037037
1 0.11202942708333333 0.28603055555555557 0.011558854166666667 0.02020925925925926
1 0.7805739583333333 0.8955796296296297 0.01635625 0.030048148148148147
1 0.7724294270833333 0.9300592592592594 0.007358854166666666 0.02122962962962963
1 0.7159395833333334 0.8300953703703704 0.015212499999999999 0.03426481481481482
1 0.8303776041666667 0.5705578703703703 0.018046875 0.020745370370370372
1 0.87866796875 0.1623324074074074 0.016710937500000002 0.04318333333333333
1 0.8864140625 0.13368472222222222 0.006161458333333333 0.022925
1 0.9529799479166667 0.1842800925925926 0.008043229166666667 0.027819444444444445
1 0.8875148437499999 0.7143425925925926 0.0094046875 0.012018518518518519
