2 0.49973958333333335 0.5185185185185185 0.9994791666666667 0.9611111111111111
1 0.21640625 0.16712962962962963 0.025520833333333333 0.03796296296296296
1 0.15572916666666667 0.1912037037037037 0.016666666666666666 0.04351851851851852
1 0.13098958333333333 0.2375 0.009895833333333333 0.026851851851851852
1 0.009114583333333334 0.2601851851851852 0.011979166666666667 0.03148148148148148
1 0.018489583333333334 0.287962962962963 0.008854166666666666 0.025925925925925925
1 0.03177083333333333 0.4310185185185185 0.009375 0.041666666666666664
1 0.08541666666666667 0.7486111111111111 0.013541666666666667 0.03796296296296296
1 0.42265625 0.6907407407407408 0.03697916666666667 0.05740740740740741
1 0.42109375 0.5773148148148148 0.0203125 0.1361111111111111
1 0.43020833333333336 0.6324074074074074 0.025 0.03518518518518519
1 0.5177083333333333 0.774074074074074 0.016666666666666666 0.040740740740740744
1 0.5294270833333333 0.8412037037037037 0.0203125 0.03981481481481482
1 0.0296875 0.5217592592592593 0.015625 0.049074074074074076
1 0.06510416666666667 0.5907407407407408 0.0125 0.018518518518518517
1 0.0609375 0.5546296296296296 0.015625 0.03148148148148148
1 0.40546875 0.425462962962963 0.009895833333333333 0.021296296296296296
1 0.5463541666666667 0.37592592592592594 0.014583333333333334 0.02962962962962963
1 0.5263020833333333 0.3592592592592593 0.03177083333333333 0.037037037037037035
1 0.5653645833333333 0.3189814814814815 0.043229166666666666 0.11574074074074074
1 0.5111979166666667 0.2351851851851852 0.033854166666666664 0.040740740740740744
1 0.49505208333333334 0.30833333333333335 0.011979166666666667 0.03888888888888889
1 0.3697916666666667 0.0875 0.030208333333333334 0.04351851851851852
1 0.28671875 0.10740740740740741 0.008854166666666666 0.027777777777777776
1 0.259375 0.2439814814814815 0.0125 0.04722222222222222
1 0.8510416666666667 0.16712962962962963 0.016666666666666666 0.028703703703703703
1 0.6106770833333334 0.4263888888888889 0.019270833333333334 0.032407407407407406
1 0.6005208333333333 0.3699074074074074 0.013541666666666667 0.030555555555555555
1 0.8377604166666667 0.5837962962962963 0.016145833333333335 0.03425925925925926
1 0.84609375 0.8430555555555556 0.024479166666666666 0.03611111111111111
1 0.6971354166666667 0.8537037037037037 0.0234375 0.040740740740740744
1 0.509375 0.9939814814814815 0.010416666666666666 0.010185185185185186
1 0.8145833333333333 0.9328703703703703 0.010416666666666666 0.026851851851851852
1 0.7341145833333333 0.9375 0.0067708333333333336 0.021296296296296296
1 0.73671875 0.8953703703703704 0.016145833333333335 0.024074074074074074
1 0.8799479166666667 0.8796296296296297 0.025520833333333333 0.07592592592592592
1 0.47317708333333336 0.6828703703703703 0.009895833333333333 0.026851851851851852
1 0.4609375 0.7527777777777778 0.011458333333333333 0.016666666666666666
1 0.8911458333333333 0.763425925925926 0.008333333333333333 0.017592592592592594
1 0.09088541666666666 0.9416666666666667 0.0109375 0.03333333333333333
1 0.11380208333333333 0.8513888888888889 0.009895833333333333 0.017592592592592594
1 0.15286458333333333 0.8333333333333334 0.0140625 0.027777777777777776
1 0.13723958333333333 0.9018518518518519 0.015104166666666667 0.027777777777777776
1 0.21770833333333334 0.9800925925925926 0.009375 0.01574074074074074
1 0.21328125 0.6347222222222222 0.008854166666666666 0.023148148148148147
1 0.15026041666666667 0.7125 0.0078125 0.023148148148148147
1 0.35703125 0.9666666666666667 0.008854166666666666 0.014814814814814815
1 0.37942708333333336 0.9597222222222223 0.009895833333333333 0.013888888888888888
1 0.027864583333333335 0.6050925925925926 0.008854166666666666 0.017592592592592594
1 0.15963541666666667 0.287962962962963 0.011979166666666667 0.016666666666666666
1 0.09869791666666666 0.1638888888888889 0.0078125 0.024074074074074074
1 0.47552083333333334 0.09398148148148149 0.013541666666666667 0.021296296296296296
1 0.5153645833333333 0.06527777777777778 0.028645833333333332 0.04722222222222222
1 0.4984375 0.3527777777777778 0.013541666666666667 0.024074074074074074
1 0.07135416666666666 0.42268518518518516 0.023958333333333335 0.03796296296296296
1 0.7885416666666667 0.17453703703703705 0.011458333333333333 0.028703703703703703
1 0.4861979166666667 0.21435185185185185 0.016145833333333335 0.026851851851851852
