2 0.5 0.5341074074074074 1.0 0.9311777777777778
1 0.037590625 0.3433819444444445 0.014764583333333333 0.04972685185185185
1 0.06649895833333333 0.3091347222222222 0.010081250000000002 0.023825000000000002
1 0.19438020833333333 0.275325 0.007510416666666667 0.026575925925925926
1 0.16755651041666667 0.30538101851851857 0.022613020833333334 0.03853981481481481
1 0.15008307291666664 0.3739 0.0105828125 0.0440962962962963
1 0.14873828125 0.3610643518518519 0.005809895833333333 0.011017592592592591
1 0.12671041666666666 0.3803375 0.018004166666666665 0.06623055555555556
1 0.12873411458333334 0.3620157407407407 0.012676562499999999 0.027735185185185186
1 0.12338098958333334 0.29149444444444444 0.004053645833333334 0.007062962962962963
1 0.9835549479166666 0.7856967592592593 0.011901562499999999 0.08435648148148149
1 0.6637403645833333 0.41726157407407405 0.019147395833333334 0.021560185185185186
1 0.5254828125000001 0.3184296296296296 0.013465625 0.0313037037037037
1 0.5178364583333334 0.8038907407407407 0.016922916666666666 0.02815185185185185
1 0.6436234375000001 0.7901814814814815 0.009121875 0.021103703703703704
1 0.5563044270833333 0.8269041666666667 0.026150520833333336 0.01121574074074074
1 0.46567708333333335 0.9871972222222222 0.012604166666666666 0.018838888888888888
1 0.332771875 0.8216013888888889 0.008252083333333333 0.032091666666666664
1 0.24150390625 0.9518472222222221 0.009049479166666667 0.011101851851851852
1 0.24842890625 0.9515773148148149 0.008316145833333333 0.016117592592592593
1 0.214265625 0.7524060185185185 0.010822916666666666 0.01962685185185185
1 0.13241796875 0.9877453703703705 0.010669270833333333 0.016231481481481482
1 0.13192838541666668 0.9558055555555556 0.011773437500000001 0.030129629629629628
1 0.10910859375 0.8709680555555556 0.007800520833333334 0.012306481481481482
1 0.030808333333333333 0.8643097222222222 0.005366666666666667 0.010100925925925926
1 0.07229375 0.9274625 0.024795833333333333 0.04381388888888889
1 0.04260208333333334 0.8041171296296297 0.004995833333333334 0.010086111111111112
1 0.04626145833333333 0.7845527777777778 0.00398125 0.007994444444444445
1 0.07820494791666667 0.7633851851851852 0.012659895833333332 0.023066666666666666
1 0.14867864583333334 0.7413560185185185 0.008815624999999999 0.023452777777777777
1 0.16313515625 0.587400462962963 0.014811979166666666 0.04517129629629629
1 0.20120520833333336 0.5088199074074073 0.009702083333333333 0.02319537037037037
1 0.23512161458333333 0.5318856481481482 0.011909895833333333 0.02673425925925926
1 0.06749869791666667 0.5201796296296296 0.006872395833333334 0.04035925925925926
1 0.055817708333333334 0.478612037037037 0.0043437499999999995 0.005372222222222222
1 0.02097994791666667 0.4734865740740741 0.006543229166666667 0.013639814814814815
1 0.020351302083333335 0.4726175925925926 0.0052859375 0.013753703703703704
1 0.017614583333333333 0.5276504629629629 0.005020833333333334 0.012708333333333334
1 0.08077031250000001 0.35788981481481486 0.007373958333333333 0.019483333333333335
1 0.08829192708333333 0.40129722222222225 0.007833854166666666 0.03037222222222222
1 0.1549515625 0.9959902777777777 0.005736458333333333 0.008647222222222223
1 0.07227447916666667 0.8948412037037037 0.008090625 0.026719444444444445
1 0.11863359375 0.9211763888888889 0.007058854166666667 0.012723148148148148
1 0.6132533854166666 0.11636666666666667 0.017131770833333334 0.034585185185185184
1 0.6594591145833333 0.14035694444444444 0.012668229166666666 0.010343518518518518
1 0.6719835937499999 0.9052125 0.008550520833333334 0.012276851851851853
1 0.5096919270833333 0.6402203703703704 0.010008854166666666 0.024885185185185187
1 0.5656307291666667 0.6113134259259259 0.006261458333333333 0.013367592592592592
1 0.6561598958333333 0.49175324074074067 0.009194791666666667 0.03535833333333333
