2 0.5 0.5041273148148148 1.0 0.9915879629629629
1 0.17785520833333332 0.1404402777777778 0.015085416666666665 0.06051018518518519
1 0.09015859375 0.23789027777777777 0.015733854166666665 0.035039814814814815
1 0.10944114583333334 0.2094990740740741 0.014715625000000001 0.04122037037037037
1 0.09607317708333334 0.11567592592592593 0.005688020833333333 0.012833333333333332
1 0.005730208333333333 0.4059921296296296 0.0062520833333333335 0.013836111111111112
1 0.10545182291666667 0.7001912037037037 0.014028645833333332 0.03927129629629629
1 0.0457265625 0.7645430555555556 0.008119791666666666 0.017975
1 0.014878125 0.5542226851851852 0.01100625 0.025112037037037037
1 0.07467161458333332 0.620375462962963 0.006634895833333334 0.018528703703703703
1 0.08375729166666666 0.6025268518518518 0.008139583333333334 0.016164814814814812
1 0.25445546875 0.950275 0.014119270833333334 0.013512962962962963
1 0.25270572916666667 0.9277388888888889 0.0064531250000000005 0.02029259259259259
1 0.21815026041666666 0.8212643518518519 0.012342187499999999 0.025862037037037038
1 0.5025375 0.12081203703703704 0.019658333333333333 0.05643888888888889
1 0.5056520833333333 0.16042175925925928 0.0165125 0.02454722222222222
1 0.6247484375 0.15581805555555556 0.03283020833333333 0.050525
1 0.54070390625 0.1909986111111111 0.0064078125 0.013478703703703705
1 0.5547833333333333 0.1854587962962963 0.004358333333333334 0.02647314814814815
1 0.59888125 0.2685638888888889 0.011304166666666667 0.01860925925925926
1 0.58863125 0.24587870370370368 0.0178875 0.030646296296296296
1 0.633740625 0.2939736111111111 0.032064583333333334 0.04350277777777777
1 0.7130580729166667 0.23265462962962963 0.0334078125 0.043087037037037035
1 0.7249789062499999 0.23816805555555554 0.0093328125 0.031891666666666665
1 0.7147432291666667 0.3569513888888889 0.011778125 0.017606481481481483
1 0.7220466145833334 0.3565199074074074 0.0055515625 0.022299074074074072
1 0.7524729166666667 0.34396944444444444 0.027862500000000002 0.03053148148148148
1 0.7495778645833333 0.3945828703703704 0.009572395833333334 0.03361018518518519
1 0.7715955729166667 0.35022592592592594 0.015066145833333332 0.03008148148148148
1 0.7675109375000001 0.32221342592592594 0.007938541666666667 0.016649074074074077
1 0.4253518229166667 0.4219574074074074 0.010078645833333334 0.023544444444444444
1 0.48485052083333335 0.40493425925925924 0.013451041666666667 0.028387037037037037
1 0.59774296875 0.4318416666666667 0.0329859375 0.026646296296296296
1 0.5540372395833334 0.5129208333333334 0.0132828125 0.04621203703703704
1 0.5728526041666666 0.5316337962962963 0.011330208333333334 0.035489814814814814
1 0.6010059895833333 0.49578796296296296 0.018678645833333334 0.02676111111111111
1 0.5602453125 0.5636356481481481 0.016323958333333333 0.05690092592592593
1 0.57903828125 0.6097675925925926 0.019534895833333333 0.030646296296296296
1 0.5925830729166666 0.6475898148148148 0.033082812499999996 0.04703148148148148
1 0.5853635416666666 0.7632310185185185 0.017602083333333334 0.026462037037037037
1 0.36690989583333333 0.8626541666666667 0.037986458333333334 0.091975
1 0.48521640625 0.8025865740740741 0.016266145833333336 0.01813611111111111
1 0.57929296875 0.7303592592592593 0.0054609375 0.008866666666666667
1 0.720015625 0.45276342592592594 0.013989583333333333 0.0499712962962963
1 0.21771302083333335 0.2811462962962963 0.019801041666666668 0.05118148148148149
