2 0.5 0.4756796296296297 1.0 0.9513592592592593
1 0.1331125 0.536487962962963 0.008933333333333333 0.022975925925925927
1 0.20385572916666667 0.2253009259259259 0.017086458333333332 0.03023148148148148
1 0.05575703125 0.23983796296296295 0.008389062499999999 0.011157407407407408
1 0.15464270833333332 0.4439018518518518 0.00824375 0.034100000000000005
1 0.33821901041666663 0.5634055555555555 0.012896354166666667 0.024959259259259257
1 0.40908098958333333 0.4076300925925926 0.015036979166666666 0.020815740740740742
1 0.51603359375 0.6258222222222223 0.009150520833333333 0.02757037037037037
1 0.5448757812499999 0.44376064814814814 0.0116265625 0.026410185185185186
1 0.5483390625 0.07557361111111112 0.023761458333333332 0.028925
1 0.37159322916666665 0.19202592592592593 0.012978125 0.008125925925925925
1 0.2222796875 0.10008055555555556 0.010184374999999999 0.026087037037037037
1 0.1866143229166667 0.002999074074074074 0.004478645833333334 0.005998148148148148
1 0.17226041666666667 0.024082407407407407 0.0080625 0.012979629629629631
1 0.044250000000000005 0.10953796296296296 0.010375 0.033890740740740735
1 0.7476914062500001 0.0901462962962963 0.008924479166666667 0.01547777777777778
1 0.8939151041666666 0.4354513888888889 0.010746875 0.05238425925925926
1 0.9455119791666667 0.42293842592592595 0.007690625 0.038469444444444445
1 0.9630338541666668 0.273050462962963 0.006276041666666667 0.023878703703703704
1 0.7292145833333333 0.2623736111111111 0.018845833333333332 0.03585833333333333
1 0.72178046875 0.36653425925925925 0.02272760416666667 0.03306851851851852
1 0.7191994791666667 0.36127731481481484 0.01652395833333333 0.02070277777777778
1 0.6909908854166668 0.23792731481481483 0.0059401041666666664 0.007336111111111111
1 0.70541640625 0.1743861111111111 0.006666145833333333 0.009883333333333333
1 0.781415625 0.5104986111111111 0.0044979166666666666 0.024700925925925925
1 0.59903515625 0.5283537037037037 0.0074453125 0.045596296296296294
1 0.57994140625 0.6148032407407407 0.007799479166666666 0.020347222222222225
1 0.59317734375 0.4011814814814815 0.004063020833333333 0.022733333333333335
1 0.6049622395833333 0.42517731481481486 0.0047161458333333335 0.013317592592592591
1 0.6707854166666666 0.28274953703703704 0.010320833333333333 0.03216574074074074
1 0.9344377604166667 0.7735398148148148 0.006375520833333333 0.03411666666666666
1 0.8974385416666667 0.910725462962963 0.010502083333333334 0.027006481481481482
1 0.7814036458333333 0.9007138888888888 0.013848958333333333 0.03476111111111111
1 0.9078286458333333 0.8027375 0.011490625 0.02584537037037037
1 0.9303955729166666 0.803124537037037 0.009749479166666667 0.013656481481481481
1 0.7428559895833333 0.8872856481481481 0.004461979166666667 0.011608333333333333
1 0.5041625 0.8050625 0.014575000000000001 0.03605092592592593
1 0.3419453125 0.7323796296296297 0.0036822916666666666 0.0073518518518518525
1 0.43341302083333333 0.7294810185185185 0.004326041666666666 0.0071101851851851855
1 0.5574666666666667 0.7503740740740741 0.004516666666666667 0.006303703703703704
1 0.4097572916666667 0.8581435185185184 0.0028479166666666666 0.005175925925925926
1 0.90894609375 0.6657291666666666 0.018933854166666667 0.08145833333333333
