2 0.5 0.4499472222222222 1.0 0.8998944444444444
2 0.9387528645833334 0.8353425925925926 0.011880729166666666 0.013277777777777777
2 0.9793406250000001 0.8104453703703703 0.026389583333333334 0.02829814814814815
1 0.7034828125 0.6130847222222222 0.009048958333333332 0.024317592592592596
1 0.4705416666666667 0.7229717592592593 0.012958333333333332 0.014462037037037037
1 0.66286640625 0.20955648148148148 0.0101078125 0.013557407407407407
1 0.32685598958333334 0.40848935185185187 0.011003645833333332 0.018830555555555555
1 0.36250781249999997 0.1467574074074074 0.004182291666666667 0.0064777777777777785
1 0.12392031249999999 0.21292592592592594 0.005132291666666666 0.01474074074074074
1 0.024756249999999997 0.18764027777777778 0.004720833333333333 0.01787314814814815
1 0.009560677083333333 0.1758736111111111 0.006621354166666666 0.012858333333333334
1 0.016225 0.13350787037037037 0.008491666666666666 0.011460185185185186
1 0.0061851562500000005 0.10368379629629629 0.004036979166666667 0.012923148148148149
1 0.06757760416666667 0.5704592592592592 0.011196875 0.026103703703703705
1 0.5246916666666667 0.054389814814814814 0.007716666666666667 0.010631481481481481
1 0.8454190104166667 0.4531074074074074 0.008546354166666666 0.013622222222222221
