2 0.5113359375 0.4817888888888889 0.9768385416666666 0.9635777777777778
1 0.7646 0.6379402777777778 0.015658333333333333 0.033287962962962964
1 0.7844916666666666 0.6335662037037036 0.027316666666666666 0.052317592592592596
1 0.7125919270833333 0.58265 0.022058854166666666 0.04122592592592593
1 0.36902942708333336 0.8192662037037037 0.0088921875 0.04779166666666667
1 0.5506583333333332 0.7824583333333333 0.03360833333333334 0.07602777777777778
1 0.5909005208333333 0.6306310185185185 0.016176041666666665 0.03163240740740741
1 0.6837390625 0.8578342592592593 0.007061458333333334 0.01752037037037037
1 0.36802864583333333 0.552811111111111 0.012098958333333333 0.02228888888888889
1 0.19012682291666666 0.44944398148148146 0.008378645833333333 0.02666574074074074
1 0.2394265625 0.5460185185185186 0.008019791666666666 0.01611111111111111
1 0.21863671875000001 0.8326393518518519 0.0060234375 0.015278703703703704
1 0.34037291666666664 0.9320319444444445 0.007829166666666667 0.01406388888888889
1 0.7349783854166667 0.29703287037037035 0.018915104166666665 0.025547222222222225
1 0.3756109375 0.6935518518518518 0.029346874999999998 0.016733333333333333
1 0.2721526041666667 0.20449768518518519 0.013055208333333334 0.01825462962962963
1 0.19086171875 0.5049625 0.012973437499999999 0.015480555555555556
1 0.3509546875 0.4323949074074074 0.009201041666666666 0.0536787037037037
1 0.7344502604166667 0.16100416666666667 0.009525520833333334 0.014600925925925925
1 0.9227932291666666 0.6733708333333334 0.020586458333333335 0.0263712962962963
1 0.9545424479166668 0.527124074074074 0.009084895833333334 0.030174074074074075
1 0.8681263020833333 0.3889412037037037 0.009169270833333333 0.02973425925925926
1 0.9810408854166667 0.5903652777777778 0.0047901041666666665 0.01406388888888889
1 0.9249127604166667 0.08300092592592594 0.006075520833333333 0.021557407407407407
