2 0.5 0.45937638888888893 1.0 0.9187527777777779
1 0.40563958333333333 0.7238518518518519 0.03627916666666667 0.04214814814814815
1 0.40534036458333333 0.7235865740740741 0.03672239583333334 0.041617592592592595
2 0.4063104166666667 0.7229995370370371 0.0355375 0.04044351851851852
1 0.7146497395833333 0.7348898148148149 0.010549479166666665 0.02903888888888889
1 0.5329539062499999 0.7475439814814815 0.02424114583333333 0.05064351851851852
1 0.7932424479166666 0.6021875 0.0073182291666666665 0.02289351851851852
1 0.3822111979166667 0.42818657407407407 0.020672395833333336 0.041558333333333336
1 0.5036625 0.09442777777777778 0.011491666666666667 0.016633333333333333
1 0.17715885416666666 0.2762777777777778 0.02619270833333333 0.041444444444444443
1 0.1873625 0.32637962962962963 0.012225000000000001 0.026833333333333334
1 0.1224859375 0.26316805555555556 0.010596875 0.02448425925925926
1 0.06924973958333333 0.2026037037037037 0.005166145833333333 0.008911111111111111
1 0.054022395833333334 0.2255976851851852 0.007003125 0.012306481481481482
1 0.027789322916666668 0.2325675925925926 0.008703645833333332 0.018838888888888888
1 0.0008786458333333334 0.23555740740740738 0.0017572916666666668 0.010003703703703704
1 0.7949203125000001 0.32914074074074073 0.024215625 0.03791111111111111
1 0.9527135416666667 0.4231226851851852 0.007510416666666667 0.018467592592592594
1 0.8909080729166666 0.10486296296296296 0.015149479166666667 0.04676296296296296
1 0.7424479166666667 0.5498560185185185 0.0140625 0.029341666666666665
