2 0.5 0.5 1.0 1.0
1 0.37119270833333334 0.3937273148148148 0.02884375 0.0541212962962963
1 0.15680911458333335 0.29462222222222223 0.016743229166666665 0.029985185185185184
1 0.22048203125 0.31013518518518524 0.011797395833333333 0.027677777777777777
1 0.26362109375 0.26459212962962964 0.009533854166666666 0.02177685185185185
1 0.24338515625 0.11749675925925926 0.023228645833333332 0.04795648148148148
1 0.3437536458333333 0.058649074074074076 0.009382291666666666 0.015446296296296295
1 0.08450833333333334 0.13826435185185185 0.006516666666666667 0.020973148148148147
1 0.00233984375 0.48372731481481485 0.0046796875 0.023010185185185186
1 0.025163541666666667 0.7107199074074074 0.008660416666666667 0.03995833333333333
1 0.025435156249999997 0.7175166666666667 0.0071203125 0.02392222222222222
1 0.20366432291666667 0.6464351851851852 0.009411979166666667 0.024351851851851854
1 0.2779315104166667 0.6390777777777777 0.011071354166666667 0.03556296296296296
1 0.31343125 0.7122837962962962 0.012279166666666667 0.024567592592592592
1 0.33644505208333336 0.6216902777777779 0.015598437500000001 0.023010185185185186
1 0.33810989583333334 0.9291226851851851 0.022053125 0.030467592592592595
1 0.5062630208333333 0.8914814814814814 0.028151041666666664 0.06259259259259259
1 0.5041002604166667 0.8779944444444445 0.016533854166666667 0.03191481481481482
1 0.5398723958333334 0.7964175925925926 0.012036458333333333 0.033575925925925926
1 0.5487622395833333 0.680288425925926 0.019399479166666667 0.034650925925925925
1 0.70938203125 0.6777101851851852 0.020847395833333334 0.03690185185185185
1 0.7240119791666667 0.8165425925925925 0.016773958333333335 0.044196296296296296
1 0.7446046875000001 0.34902222222222223 0.014209375 0.031377777777777775
1 0.7666247395833333 0.35163240740740737 0.015541145833333332 0.04585740740740741
1 0.678265625 0.3806560185185185 0.005489583333333333 0.018719444444444445
1 0.7239187499999999 0.252987037037037 0.005129166666666667 0.015233333333333335
1 0.7789598958333334 0.2831791666666667 0.008961458333333333 0.016358333333333336
1 0.8257658854166666 0.3071712962962963 0.011948437499999999 0.019898148148148147
1 0.5669625 0.05515462962962963 0.017258333333333334 0.03067962962962963
1 0.391646875 0.20769305555555556 0.010377083333333334 0.026497222222222224
1 0.4158484375 0.1370171296296296 0.008780208333333334 0.01662685185185185
1 0.43376848958333336 0.17797222222222223 0.0071203125 0.020759259259259262
1 0.28085963541666664 0.19889305555555556 0.012760937500000001 0.020008333333333336
1 0.5216520833333333 0.9803162037037038 0.008929166666666665 0.031002777777777775
1 0.79848671875 0.9197018518518518 0.011556770833333334 0.030144444444444442
1 0.7476658854166666 0.9130675925925926 0.004706770833333334 0.007616666666666667
1 0.6315721354166667 0.8461041666666667 0.0058526041666666665 0.010726851851851852
1 0.6284471354166666 0.7917032407407407 0.0058526041666666665 0.009332407407407407
1 0.730109375 0.5056347222222223 0.018552083333333334 0.04645462962962963
1 0.66961171875 0.7062398148148148 0.015265104166666666 0.038405555555555554
1 0.5883734374999999 0.9179101851851852 0.005913541666666666 0.011746296296296296
