2 0.5 0.4952356481481482 1.0 0.9904712962962964
1 0.23405625 0.8760189814814815 0.02540416666666667 0.039075
1 0.17175364583333333 0.8615314814814814 0.017465625 0.04343333333333334
1 0.14503333333333332 0.8189708333333334 0.009858333333333334 0.026830555555555555
1 0.023245052083333332 0.8147143518518518 0.012115104166666666 0.031280555555555555
1 0.030791145833333332 0.7860615740740741 0.008457291666666667 0.02582685185185185
1 0.0367140625 0.6411648148148148 0.010928125 0.041588888888888884
1 0.07531354166666666 0.31609305555555556 0.013127083333333334 0.03959351851851852
1 0.41373411458333337 0.3217861111111111 0.038926562500000005 0.05283148148148148
1 0.4177356770833333 0.4358712962962963 0.022971354166666666 0.13470555555555555
1 0.4237734375 0.3785601851851852 0.023588541666666667 0.03860185185185185
1 0.5040895833333333 0.2241175925925926 0.0165125 0.04082777777777778
1 0.5127002604166667 0.15626574074074073 0.021233854166666667 0.04030925925925926
1 0.03076875 0.5500064814814815 0.016745833333333335 0.04816111111111111
1 0.06204609375 0.47681666666666667 0.012633854166666668 0.018448148148148148
1 0.060069270833333334 0.5137310185185185 0.014930208333333334 0.03116574074074074
1 0.4095484375 0.5893111111111111 0.009721875 0.021214814814814815
1 0.5522372395833333 0.6165296296296296 0.014891145833333334 0.029355555555555555
1 0.5333518229166666 0.6374083333333332 0.031286979166666666 0.03592777777777778
1 0.5744268229166667 0.6710842592592592 0.03947864583333334 0.1199462962962963
1 0.5242796875 0.7630064814814815 0.032934375 0.04082777777777778
1 0.50481171875 0.6921981481481481 0.011706770833333333 0.039951851851851856
1 0.3905901041666667 0.9316597222222223 0.030138541666666668 0.04294907407407407
1 0.30654010416666666 0.9241018518518518 0.009955208333333333 0.02783333333333333
1 0.27343958333333335 0.7923222222222222 0.012504166666666667 0.047607407407407404
1 0.8658416666666666 0.7767782407407406 0.016058333333333334 0.02948240740740741
1 0.61367578125 0.5559949074074074 0.020059895833333334 0.030508333333333332
1 0.6066328124999999 0.6138518518518519 0.014307291666666666 0.03140740740740741
1 0.8326588541666666 0.36336064814814817 0.017401041666666665 0.0341287037037037
1 0.8274106770833334 0.10486481481481481 0.024613020833333332 0.03750740740740741
1 0.6789989583333333 0.11715185185185185 0.024664583333333333 0.03985925925925926
1 0.48487604166666665 0.006443055555555555 0.010377083333333334 0.01103425925925926
1 0.7921916666666667 0.019533333333333333 0.011466666666666665 0.026103703703703705
1 0.7122268229166667 0.027314814814814816 0.0067453125000000004 0.021296296296296296
1 0.7163981770833333 0.06875509259259259 0.0161296875 0.02454722222222222
1 0.859975 0.06253379629629628 0.028283333333333334 0.07321574074074073
1 0.4643041666666667 0.3217486111111111 0.009858333333333334 0.026830555555555555
1 0.44900468750000005 0.25355092592592593 0.011551041666666668 0.01636111111111111
1 0.8765013020833333 0.17695833333333333 0.0082109375 0.01687962962962963
1 0.07089244791666666 0.12368796296296296 0.0115765625 0.03256111111111111
1 0.09809010416666666 0.20956759259259258 0.009721875 0.017283333333333335
1 0.13798203125 0.2215662037037037 0.0134640625 0.028317592592592592
1 0.11911796875 0.1554625 0.015319270833333334 0.027591666666666667
1 0.19531744791666666 0.0658912037037037 0.009384895833333332 0.01511574074074074
1 0.20712786458333332 0.41032175925925923 0.009047395833333333 0.02249537037037037
1 0.1412109375 0.3420856481481481 0.008463541666666666 0.023060185185185187
1 0.33461848958333335 0.05741944444444444 0.0088203125 0.01483888888888889
1 0.35714869791666665 0.06033935185185185 0.010130729166666666 0.013271296296296297
1 0.02440625 0.4683851851851852 0.009229166666666667 0.018251851851851852
1 0.171184375 0.7642606481481482 0.012160416666666667 0.017410185185185185
1 0.11684531249999999 0.897176388888889 0.008690625 0.023982407407407407
1 0.4955138020833333 0.9081907407407408 0.013944270833333333 0.020085185185185185
1 0.5363919270833333 0.9305699074074074 0.027992187499999998 0.0500287037037037
1 0.5057486979166667 0.6466944444444443 0.013580729166666666 0.02487037037037037
1 0.07631276041666667 0.6427027777777778 0.023458854166666664 0.03910925925925926
1 0.8032153645833334 0.7797578703703704 0.010597395833333334 0.029886111111111113
1 0.5007731770833334 0.7859199074074074 0.0161296875 0.02739537037037037
