2 0.5018229166666667 0.5481481481481482 0.9953125 0.9018518518518519
1 0.16354166666666667 0.9180555555555555 0.009375 0.023148148148148147
1 0.06484375 0.8351851851851851 0.005729166666666666 0.012962962962962963
1 0.28098958333333335 0.7037037037037037 0.019270833333333334 0.044444444444444446
1 0.167390625 0.6939814814814815 0.013947916666666667 0.021296296296296296
1 0.17994791666666668 0.6537037037037037 0.0140625 0.027777777777777776
1 0.24244791666666668 0.6717592592592593 0.005729166666666666 0.013888888888888888
1 0.23177083333333334 0.5583333333333333 0.016666666666666666 0.037037037037037035
1 0.13697916666666668 0.5777777777777777 0.007291666666666667 0.018518518518518517
1 0.23645833333333333 0.475 0.0125 0.025925925925925925
1 0.14921875 0.45740740740740743 0.011979166666666667 0.037037037037037035
1 0.1703125 0.4166666666666667 0.011458333333333333 0.04259259259259259
1 0.26796875 0.3490740740740741 0.016145833333333335 0.05555555555555555
1 0.41510416666666666 0.5435185185185185 0.022916666666666665 0.03333333333333333
1 0.21848958333333332 0.14675925925925926 0.011979166666666667 0.026851851851851852
1 0.2604166666666667 0.21481481481481482 0.019791666666666666 0.044444444444444446
1 0.2825520833333333 0.19305555555555556 0.0203125 0.03981481481481482
1 0.290625 0.11481481481481481 0.015625 0.027777777777777776
1 0.1984375 0.28703703703703703 0.0125 0.03148148148148148
1 0.22708333333333333 0.22870370370370371 0.01875 0.020370370370370372
1 0.30755208333333334 0.3101851851851852 0.0109375 0.020370370370370372
1 0.23515625 0.4324074074074074 0.0078125 0.018518518518518517
1 0.21119791666666668 0.4023148148148148 0.0359375 0.04722222222222222
1 0.959375 0.33055555555555555 0.009375 0.03333333333333333
1 0.94765625 0.4236111111111111 0.0109375 0.025
1 0.9877604166666667 0.44027777777777777 0.008854166666666666 0.019444444444444445
1 0.90703125 0.5842592592592593 0.008854166666666666 0.020370370370370372
1 0.9640625 0.6930555555555555 0.005208333333333333 0.010185185185185186
1 0.99453125 0.7282407407407407 0.005729166666666666 0.012037037037037037
1 0.9489583333333333 0.9199074074074074 0.004166666666666667 0.008333333333333333
1 0.46953125 0.8166666666666667 0.008854166666666666 0.009259259259259259
1 0.3260416666666667 0.9037037037037037 0.009375 0.03333333333333333
