2 0.5 0.549537037037037 1.0 0.9009259259259259
1 0.3497395833333333 0.3337962962962963 0.03177083333333333 0.07314814814814814
1 0.3067708333333333 0.26481481481481484 0.008333333333333333 0.012962962962962963
1 0.24869791666666666 0.9652777777777778 0.013020833333333334 0.021296296296296296
1 0.2716145833333333 0.9703703703703703 0.018229166666666668 0.040740740740740744
1 0.32083333333333336 0.6347222222222222 0.00625 0.021296296296296296
1 0.4630208333333333 0.8611111111111112 0.023958333333333335 0.03333333333333333
1 0.5697916666666667 0.8550925925925926 0.01875 0.03611111111111111
1 0.7166666666666667 0.6300925925925925 0.010416666666666666 0.023148148148148147
1 0.9361979166666666 0.38333333333333336 0.015104166666666667 0.037037037037037035
1 0.43645833333333334 0.825 0.021875 0.03888888888888889
1 0.90234375 0.986574074074074 0.009895833333333333 0.021296296296296296
1 0.8752604166666667 0.5185185185185185 0.008854166666666666 0.027777777777777776
1 0.6247395833333333 0.27546296296296297 0.011979166666666667 0.01574074074074074
1 0.36614583333333334 0.7467592592592592 0.021875 0.010185185185185186
