2 0.5110705729166667 0.5136689814814815 0.9773494791666667 0.9717824074074075
2 0.5750942708333333 0.9888652777777778 0.039771875 0.022175
1 0.45244687499999997 0.6710814814814815 0.03301875 0.06994074074074075
1 0.6725138020833333 0.7096833333333333 0.020027604166666668 0.041588888888888884
1 0.8107260416666667 0.23169675925925928 0.020410416666666667 0.035615740740740746
1 0.6877877604166667 0.23033240740740743 0.021408854166666665 0.019924074074074073
1 0.38289921875000005 0.47167314814814815 0.021006770833333334 0.04519814814814815
1 0.5858333333333333 0.555962037037037 0.010208333333333335 0.05081296296296296
1 0.7529682291666667 0.7775300925925925 0.012186458333333334 0.023578703703703702
1 0.4538125 0.07449444444444445 0.020125 0.01935925925925926
