2 0.5 0.5382175925925926 1.0 0.9227314814814814
1 0.26404322916666667 0.35477314814814814 0.03329479166666667 0.026212962962962962
1 0.63453125 0.9166393518518519 0.013854166666666667 0.03698240740740741
1 0.5398713541666668 0.9142916666666666 0.009951041666666667 0.03784259259259259
1 0.35696432291666663 0.422312962962963 0.010803645833333332 0.020551851851851852
1 0.6154499999999999 0.728488425925926 0.018400000000000003 0.01623611111111111
1 0.5323796875 0.7667578703703704 0.009551041666666668 0.018700925925925926
1 0.5512705729166666 0.7560300925925927 0.013999479166666667 0.015763888888888886
1 0.7959122395833333 0.793975462962963 0.0095328125 0.019432407407407405
1 0.30690885416666663 0.6093143518518518 0.013817708333333335 0.031591666666666664
1 0.5729497395833333 0.28743101851851854 0.010482812499999999 0.013750925925925927
1 0.5474093750000001 0.29608796296296297 0.026068749999999998 0.02736111111111111
1 0.30309609374999996 0.4945074074074074 0.016608854166666666 0.039014814814814815
1 0.11895234375 0.42532037037037035 0.0222796875 0.04323333333333333
1 0.02490078125 0.4449648148148148 0.008134895833333333 0.02326296296296296
1 0.9780190104166666 0.7022023148148149 0.011246354166666667 0.05070092592592593
