2 0.5 0.45306574074074074 1.0 0.9061314814814815
1 0.4570565104166667 0.856375462962963 0.016196354166666666 0.036825000000000004
1 0.5172390625000001 0.30308703703703704 0.011561458333333333 0.020988888888888887
1 0.749475 0.35768657407407406 0.0052 0.03759537037037037
1 0.3437075520833333 0.12610185185185185 0.009290104166666667 0.015166666666666665
1 0.7783721354166667 0.009773611111111111 0.022369270833333333 0.019547222222222223
1 0.9292575520833334 0.12421203703703704 0.0105984375 0.05212777777777778
1 0.4686609375 0.4646287037037037 0.023780208333333334 0.06444259259259259
1 0.4702635416666666 0.7500537037037037 0.012402083333333334 0.018625925925925924
1 0.3976729166666667 0.562162962962963 0.010970833333333334 0.022474074074074073
1 0.21839453125 0.7953898148148147 0.004497395833333333 0.016705555555555557
1 0.8382268229166667 0.2532888888888889 0.004578645833333334 0.012133333333333333
1 0.8087302083333333 0.2720967592592593 0.00704375 0.020119444444444443
1 0.8105434895833333 0.16997175925925925 0.014836979166666665 0.05661018518518519
1 0.8169330729166667 0.1055212962962963 0.021366145833333336 0.016598148148148147
1 0.8227046875 0.10599398148148148 0.007909375 0.015691666666666666
1 0.6794731770833333 0.2464337962962963 0.0058213541666666665 0.00953425925925926
1 0.6581364583333333 0.2761967592592593 0.014189583333333334 0.015356481481481483
1 0.6049619791666667 0.3231564814814815 0.010965625 0.018535185185185186
1 0.8811427083333334 0.6355291666666666 0.010202083333333334 0.04328055555555556
1 0.8861656250000001 0.3841953703703704 0.017122916666666665 0.06468703703703703
1 0.069475 0.6631199074074073 0.011866666666666666 0.037350925925925926
1 0.15158854166666666 0.6093356481481481 0.011510416666666667 0.022375
1 0.13829817708333333 0.5345453703703703 0.026596354166666666 0.043164814814814816
1 0.009756770833333334 0.5888513888888889 0.007013541666666666 0.025850925925925927
1 0.0721859375 0.3763476851851852 0.03291354166666667 0.06751018518518519
1 0.060399739583333334 0.38769305555555555 0.0072578125 0.012423148148148148
1 0.07850677083333334 0.5175851851851851 0.004930208333333333 0.009244444444444444
1 0.0020578125 0.5076037037037037 0.004115625 0.015207407407407407
1 0.030988541666666664 0.22951574074074074 0.008852083333333333 0.014587037037037037
1 0.11197499999999999 0.38533425925925924 0.0052 0.011409259259259258
1 0.43054921875 0.29254722222222224 0.0048484374999999994 0.007316666666666667
1 0.3971455729166667 0.07223425925925926 0.011999479166666667 0.03335740740740741
1 0.4523643229166667 0.3004273148148148 0.0057703125 0.017521296296296295
1 0.8121875000000001 0.020122685185185188 0.010833333333333334 0.019875
1 0.9739158854166666 0.17093101851851852 0.007206770833333333 0.019639814814814815
1 0.7171145833333333 0.26011666666666666 0.0050625 0.007270370370370371
1 0.830978125 0.3249356481481481 0.00883125 0.02209351851851852
1 0.7668231770833334 0.49011990740740746 0.0055213541666666675 0.009869444444444445
1 0.8377380208333334 0.5453018518518519 0.0036010416666666665 0.007270370370370371
1 0.32534973958333335 0.8916481481481482 0.0121578125 0.011074074074074075
1 0.17349765625 0.7076791666666666 0.020953645833333333 0.03572870370370371
1 0.17955078125 0.6938958333333334 0.0091015625 0.017421296296296296
1 0.127559375 0.6622356481481482 0.00511875 0.011508333333333334
1 0.13755572916666667 0.5605856481481482 0.004278125 0.010060185185185186
1 0.08618880208333332 0.7445092592592593 0.0150859375 0.024203703703703703
