2 0.5265625 0.5810185185185185 0.946875 0.8379629629629629
1 0.3651041666666667 0.3819444444444444 0.013541666666666667 0.026851851851851852
1 0.7463541666666667 0.7685185185185185 0.019791666666666666 0.03888888888888889
1 0.6565104166666667 0.961574074074074 0.0140625 0.04537037037037037
1 0.68984375 0.9513888888888888 0.0015625 0.004629629629629629
1 0.6911458333333333 0.9703703703703703 0.004166666666666667 0.024074074074074074
1 0.971875 0.8898148148148148 0.004166666666666667 0.012962962962962963
1 0.29609375 0.9462962962962963 0.0067708333333333336 0.007407407407407408
1 0.33515625 0.8875 0.034895833333333334 0.021296296296296296
1 0.35390625 0.9111111111111111 0.011979166666666667 0.007407407407407408
1 0.3734375 0.8481481481481481 0.005208333333333333 0.007407407407407408
1 0.33828125 0.25092592592592594 0.011979166666666667 0.014814814814814815
1 0.24010416666666667 0.3731481481481482 0.008333333333333333 0.018518518518518517
1 0.22447916666666667 0.34953703703703703 0.03958333333333333 0.019444444444444445
1 0.41302083333333334 0.38287037037037036 0.008333333333333333 0.010185185185185186
1 0.38984375 0.45046296296296295 0.0046875 0.008333333333333333
1 0.45729166666666665 0.19814814814814816 0.021875 0.027777777777777776
1 0.32708333333333334 0.5351851851851852 0.010416666666666666 0.022222222222222223
2 0.11328125 0.21342592592592594 0.030729166666666665 0.030555555555555555
1 0.32708333333333334 0.21805555555555556 0.010416666666666666 0.021296296296296296
1 0.7559895833333333 0.7310185185185185 0.019270833333333334 0.028703703703703703
1 0.32109375 0.6731481481481482 0.0067708333333333336 0.009259259259259259
1 0.36223958333333334 0.6796296296296296 0.0036458333333333334 0.005555555555555556
1 0.41380208333333335 0.6898148148148148 0.0036458333333333334 0.005555555555555556
1 0.25108177083333333 0.5376782407407408 0.008413541666666666 0.06980092592592593
