1 0.49973958333333335 0.538425925925926 0.9994791666666667 0.9212962962962963
1 0.49973958333333335 0.538425925925926 0.9994791666666667 0.9212962962962963
1 0.49973958333333335 0.537962962962963 0.9994791666666667 0.9222222222222223
2 0.49973958333333335 0.537962962962963 0.9994791666666667 0.9222222222222223
1 0.3333333333333333 0.8810185185185185 0.046875 0.0712962962962963
1 0.6263020833333334 0.7148148148148148 0.0546875 0.1037037037037037
1 0.8481770833333333 0.7337962962962963 0.0140625 0.03981481481481482
1 0.8315104166666667 0.7208333333333333 0.0078125 0.013888888888888888
1 0.8473958333333333 0.6888888888888889 0.011458333333333333 0.025925925925925925
1 0.72578125 0.6657407407407407 0.0140625 0.027777777777777776
1 0.7265625 0.8046296296296296 0.005208333333333333 0.014814814814814815
1 0.75234375 0.7490740740740741 0.0421875 0.05185185185185185
1 0.7390625 0.7625 0.013541666666666667 0.021296296296296296
1 0.6286458333333333 0.8856481481481482 0.01875 0.04537037037037037
1 0.6278645833333333 0.812962962962963 0.0067708333333333336 0.016666666666666666
1 0.7669270833333334 0.7675925925925926 0.0078125 0.016666666666666666
1 0.7703125 0.7458333333333333 0.007291666666666667 0.023148148148148147
1 0.8044270833333333 0.9981481481481481 0.0046875 0.001851851851851852
1 0.9486979166666667 0.9194444444444444 0.011979166666666667 0.03518518518518519
1 0.9013020833333333 0.9805555555555555 0.0026041666666666665 0.007407407407407408
1 0.9098958333333333 0.9777777777777777 0.007291666666666667 0.018518518518518517
1 0.9263020833333333 0.975462962962963 0.0078125 0.030555555555555555
1 0.95625 0.9768518518518519 0.010416666666666666 0.027777777777777776
1 0.9736979166666667 0.5861111111111111 0.011979166666666667 0.053703703703703705
1 0.9921875 0.8430555555555556 0.004166666666666667 0.008333333333333333
1 0.9622395833333334 0.8324074074074074 0.0036458333333333334 0.011111111111111112
1 0.7255208333333333 0.75 0.003125 0.009259259259259259
1 0.8 0.8458333333333333 0.013541666666666667 0.030555555555555555
1 0.8020833333333334 0.8101851851851852 0.003125 0.02962962962962963
1 0.80703125 0.774537037037037 0.015104166666666667 0.03796296296296296
1 0.8028645833333333 0.5212962962962963 0.0078125 0.05
1 0.8434895833333333 0.5300925925925926 0.0036458333333333334 0.010185185185185186
1 0.6091145833333333 0.6027777777777777 0.011979166666666667 0.03333333333333333
1 0.58984375 0.5893518518518519 0.011979166666666667 0.03425925925925926
1 0.6028645833333334 0.46805555555555556 0.05677083333333333 0.062037037037037036
1 0.5736979166666667 0.4828703703703704 0.0067708333333333336 0.017592592592592594
1 0.5375 0.4699074074074074 0.00625 0.023148148148148147
1 0.6700520833333333 0.36435185185185187 0.008854166666666666 0.03796296296296296
1 0.13515625 0.6055555555555555 0.0203125 0.05
1 0.18203125 0.5592592592592592 0.008854166666666666 0.018518518518518517
1 0.19973958333333333 0.5296296296296297 0.0067708333333333336 0.020370370370370372
1 0.23203125 0.4810185185185185 0.005729166666666666 0.010185185185185186
1 0.21822916666666667 0.4064814814814815 0.007291666666666667 0.018518518518518517
1 0.024479166666666666 0.9939814814814815 0.00625 0.010185185185185186
1 0.028645833333333332 0.9671296296296297 0.007291666666666667 0.01574074074074074
1 0.25364583333333335 0.7694444444444445 0.004166666666666667 0.012962962962962963
1 0.01328125 0.7162037037037037 0.008854166666666666 0.030555555555555555
1 0.021875 0.7847222222222222 0.00625 0.019444444444444445
1 0.04114583333333333 0.5930555555555556 0.00625 0.01574074074074074
1 0.00078125 0.6171296296296296 0.0015625 0.010185185185185186
1 0.0033854166666666668 0.6439814814814815 0.0067708333333333336 0.013888888888888888
1 0.0018229166666666667 0.6157407407407407 0.0036458333333333334 0.012962962962962963
1 0.07473958333333333 0.6425925925925926 0.005729166666666666 0.018518518518518517
1 0.11901041666666666 0.5268518518518519 0.0036458333333333334 0.007407407407407408
1 0.153125 0.3990740740740741 0.005208333333333333 0.011111111111111112
1 0.1890625 0.6180555555555556 0.03854166666666667 0.05462962962962963
1 0.17604166666666668 0.6092592592592593 0.00625 0.020370370370370372
1 0.19140625 0.6467592592592593 0.005729166666666666 0.01574074074074074
1 0.5036458333333333 0.3902777777777778 0.004166666666666667 0.010185185185185186
1 0.5661458333333333 0.39351851851851855 0.004166666666666667 0.007407407407407408
1 0.7151041666666667 0.40879629629629627 0.009375 0.023148148148148147
1 0.7471354166666667 0.3680555555555556 0.0046875 0.01574074074074074
1 0.9546875 0.29907407407407405 0.004166666666666667 0.022222222222222223
1 0.8197916666666667 0.44027777777777777 0.003125 0.006481481481481481
1 0.82265625 0.42824074074074076 0.0015625 0.006481481481481481
1 0.8361979166666667 0.4842592592592593 0.0046875 0.007407407407407408
1 0.79296875 0.5995370370370371 0.0036458333333333334 0.030555555555555555
