2 0.49973958333333335 0.5143518518518518 0.9994791666666667 0.9694444444444444
1 0.35859375 0.24351851851851852 0.0203125 0.046296296296296294
1 0.3846354166666667 0.7134259259259259 0.0171875 0.03425925925925926
1 0.09259661458333333 0.774537037037037 0.0029015625 0.004629629629629629
1 0.09556588541666668 0.778501388888889 0.0025901041666666668 0.007002777777777778
1 0.5283854166666667 0.8564814814814815 0.024479166666666666 0.024074074074074074
1 0.4861979166666667 0.7662037037037037 0.0078125 0.021296296296296296
1 0.5388020833333333 0.7962962962962963 0.019270833333333334 0.027777777777777776
1 0.56796875 0.9111111111111111 0.0078125 0.018518518518518517
1 0.2833333333333333 0.6689814814814815 0.008333333333333333 0.01574074074074074
1 0.6502604166666667 0.2851851851851852 0.0078125 0.024074074074074074
1 0.6778645833333333 0.18888888888888888 0.011979166666666667 0.027777777777777776
1 0.8807291666666667 0.7217592592592592 0.0125 0.09166666666666666
1 0.87734375 0.7388888888888889 0.0067708333333333336 0.05925925925925926
1 0.7471354166666667 0.5884259259259259 0.008854166666666666 0.030555555555555555
1 0.8239583333333333 0.38564814814814813 0.011458333333333333 0.03611111111111111
1 0.9122395833333333 0.6662037037037037 0.0078125 0.017592592592592594
1 0.8981770833333333 0.6069444444444444 0.0036458333333333334 0.01574074074074074
1 0.8927083333333333 0.4537037037037037 0.003125 0.025925925925925925
1 0.66953125 0.8976851851851851 0.0078125 0.012037037037037037
1 0.8122395833333333 0.9879629629629629 0.0046875 0.009259259259259259
1 0.5932291666666667 0.8768518518518519 0.004166666666666667 0.009259259259259259
1 0.7145833333333333 0.34953703703703703 0.004166666666666667 0.013888888888888888
