2 0.5 0.4678046296296296 1.0 0.9356092592592592
1 0.3748140625 0.8092453703703704 0.023586458333333334 0.053675925925925926
1 0.49569869791666665 0.8842712962962963 0.0236890625 0.029653703703703706
1 0.11887031249999999 0.7732180555555556 0.020032291666666667 0.04088055555555556
1 0.0036171875 0.5944680555555555 0.007234375 0.03523240740740741
1 0.18972526041666665 0.46043333333333336 0.008617187500000002 0.026422222222222222
1 0.12294036458333334 0.40783842592592595 0.009422395833333335 0.02493611111111111
1 0.12487369791666666 0.5287388888888889 0.009122395833333333 0.022292592592592593
1 0.03738880208333333 0.3610583333333333 0.0049859375 0.020264814814814815
1 0.20277578125 0.41990555555555553 0.0034682291666666668 0.012033333333333333
1 0.21549869791666668 0.3838898148148148 0.004955729166666667 0.00852037037037037
1 0.1733734375 0.3783268518518519 0.008205208333333333 0.014061111111111111
1 0.16294166666666668 0.28698009259259255 0.004008333333333333 0.005441666666666667
1 0.18481484374999999 0.2354712962962963 0.011296354166666666 0.02835
1 0.21655546875 0.2212361111111111 0.0049859375 0.02950925925925926
1 0.26596484375 0.18310092592592592 0.0256796875 0.047683333333333335
1 0.26718437500000003 0.1779837962962963 0.030202083333333334 0.05967129629629629
1 0.1612171875 0.040489351851851846 0.028684374999999998 0.05875648148148148
1 0.1697515625 0.03764398148148149 0.013461458333333334 0.05121388888888889
1 0.05803177083333333 0.12258055555555555 0.013980208333333332 0.039605555555555554
1 0.17628203125 0.12381527777777776 0.007772395833333333 0.018000925925925924
1 0.20612604166666668 0.16057824074074073 0.009127083333333334 0.01930462962962963
1 0.29710651041666664 0.05143703703703704 0.004629687499999999 0.012133333333333333
1 0.28129296875 0.008421296296296295 0.0063359374999999996 0.01313888888888889
1 0.4413390625 0.04434166666666666 0.004553125000000001 0.01646111111111111
1 0.24506640624999998 0.016636574074074074 0.006799479166666666 0.01660648148148148
1 0.23251927083333335 0.0636074074074074 0.007746875 0.017955555555555554
1 0.6204908854166666 0.060368981481481475 0.024315104166666667 0.04481203703703703
1 0.63705234375 0.21888888888888888 0.010563020833333332 0.022962962962962963
1 0.7858197916666666 0.3022375 0.016431249999999998 0.028549074074074074
1 0.8340919270833334 0.39332962962962964 0.016100520833333333 0.0736962962962963
1 0.8333291666666667 0.3725625 0.013533333333333335 0.03216203703703704
1 0.8118143229166667 0.46605787037037033 0.01737864583333333 0.03952314814814815
1 0.9878497395833333 0.21211990740740738 0.0246578125 0.11683240740740741
1 0.9880190104166666 0.23501574074074075 0.023954687500000002 0.1311425925925926
1 0.9691572916666666 0.2528125 0.007064583333333333 0.02599537037037037
1 0.8785624999999999 0.11089490740740741 0.013375 0.02364166666666667
1 0.7936283854166667 0.3634819444444444 0.009131770833333334 0.034371296296296296
1 0.9802533854166666 0.5033967592592593 0.023006770833333336 0.07716388888888889
1 0.9576908854166667 0.4658597222222222 0.013298437500000001 0.024312037037037038
1 0.96996328125 0.4794203703703704 0.007634895833333334 0.021803703703703704
1 0.9530799479166667 0.21394675925925927 0.009284895833333334 0.022337962962962962
1 0.60136328125 0.416099537037037 0.014184895833333332 0.01738425925925926
1 0.9256731770833333 0.19281805555555556 0.0128046875 0.011562037037037037
1 0.9264921875 0.2833300925925926 0.005067708333333334 0.020363888888888886
1 0.9813895833333334 0.2932337962962963 0.0148625 0.03461574074074074
1 0.89372265625 0.41753240740740744 0.013486979166666666 0.02950925925925926
1 0.8932255208333333 0.7515287037037036 0.018742708333333333 0.040094444444444446
1 0.8291177083333333 0.6302398148148148 0.01031875 0.023442592592592595
1 0.78701796875 0.5722342592592593 0.011535937500000001 0.029653703703703706
1 0.8687203125 0.5313291666666667 0.005148958333333333 0.016362037037037036
1 0.9223338541666667 0.6507060185185186 0.018626041666666666 0.04770833333333333
1 0.7347421875 0.778886574074074 0.016359375 0.02073611111111111
1 0.7311986979166666 0.8319013888888889 0.012397395833333333 0.023062037037037037
1 0.9098388020833333 0.8032768518518518 0.018635937499999998 0.03247962962962963
1 0.9328513020833333 0.7195518518518519 0.011535937500000001 0.02614074074074074
1 0.87815 0.6370564814814814 0.024008333333333333 0.07781666666666667
1 0.851140625 0.7101819444444444 0.010614583333333334 0.020363888888888886
1 0.85768203125 0.6343129629629629 0.014322395833333333 0.02232962962962963
1 0.8440309895833333 0.6494671296296296 0.007853645833333334 0.01930462962962963
1 0.9103653645833333 0.39426249999999996 0.0103140625 0.018154629629629628
1 0.9845361979166667 0.3729314814814815 0.0138640625 0.027344444444444446
1 0.7971065104166667 0.7223101851851852 0.004629687499999999 0.0057314814814814815
1 0.48666666666666664 0.2797101851851852 0.012916666666666667 0.02238333333333333
1 0.6096880208333334 0.492550925925926 0.004792708333333334 0.018435185185185186
