2 0.49973958333333335 0.5157407407407407 0.9994791666666667 0.9666666666666667
1 0.5567708333333333 0.15324074074074073 0.011458333333333333 0.026851851851851852
1 0.6934895833333333 0.4666666666666667 0.0109375 0.03148148148148148
1 0.7203125 0.4310185185185185 0.023958333333333335 0.025
1 0.43307291666666664 0.8476851851851852 0.015104166666666667 0.03796296296296296
1 0.22630208333333332 0.825 0.022395833333333334 0.024074074074074074
1 0.21770833333333334 0.35509259259259257 0.017708333333333333 0.06574074074074074
1 0.5721354166666667 0.8185185185185185 0.013020833333333334 0.024074074074074074
1 0.6783854166666666 0.9212962962962963 0.021354166666666667 0.022222222222222223
1 0.7552083333333334 0.4152777777777778 0.015625 0.05648148148148148
1 0.6661458333333333 0.27870370370370373 0.008333333333333333 0.022222222222222223
1 0.6809895833333334 0.2351851851851852 0.0140625 0.03333333333333333
1 0.7575520833333333 0.22546296296296298 0.0109375 0.012037037037037037
1 0.13880208333333333 0.28888888888888886 0.009895833333333333 0.040740740740740744
1 0.16380208333333332 0.562037037037037 0.009895833333333333 0.024074074074074074
1 0.23619791666666667 0.7245370370370371 0.011979166666666667 0.019444444444444445
1 0.22760416666666666 0.5925925925925926 0.005208333333333333 0.018518518518518517
1 0.07942708333333333 0.8976851851851851 0.0078125 0.026851851851851852
1 0.10885416666666667 0.7791666666666667 0.011458333333333333 0.01574074074074074
1 0.10260416666666666 0.3111111111111111 0.009375 0.016666666666666666
1 0.17604166666666668 0.19398148148148148 0.016666666666666666 0.032407407407407406
1 0.10130208333333333 0.24166666666666667 0.0036458333333333334 0.04259259259259259
1 0.39895833333333336 0.24027777777777778 0.01875 0.032407407407407406
1 0.07161458333333333 0.2953703703703704 0.009895833333333333 0.025925925925925925
1 0.0546875 0.262037037037037 0.004166666666666667 0.009259259259259259
1 0.18645833333333334 0.10925925925925926 0.007291666666666667 0.018518518518518517
