2 0.49973958333333335 0.5462962962962963 0.9994791666666667 0.9055555555555556
1 0.2559895833333333 0.9217592592592593 0.04114583333333333 0.075
1 0.22552083333333334 0.8217592592592593 0.027083333333333334 0.06944444444444445
1 0.528125 0.8407407407407408 0.016666666666666666 0.03333333333333333
1 0.40651041666666665 0.6476851851851851 0.022395833333333334 0.04351851851851852
1 0.11015625 0.4444444444444444 0.011979166666666667 0.040740740740740744
1 0.28489583333333335 0.36574074074074076 0.011458333333333333 0.018518518518518517
1 0.31302083333333336 0.3962962962962963 0.007291666666666667 0.014814814814814815
1 0.44427083333333334 0.3731481481481482 0.005208333333333333 0.009259259259259259
1 0.7729166666666667 0.2212962962962963 0.011458333333333333 0.02962962962962963
1 0.84765625 0.3726851851851852 0.011979166666666667 0.06574074074074074
1 0.9552083333333333 0.4425925925925926 0.0125 0.044444444444444446
1 0.7697916666666667 0.7541666666666667 0.026041666666666668 0.04537037037037037
1 0.359375 0.8513888888888889 0.0125 0.017592592592592594
1 0.13125 0.5268518518518519 0.007291666666666667 0.02962962962962963
1 0.17369791666666667 0.7819444444444444 0.0067708333333333336 0.028703703703703703
1 0.19348958333333333 0.8027777777777778 0.009895833333333333 0.018518518518518517
1 0.19947916666666668 0.8323898148148148 0.004166666666666667 0.007372222222222222
1 0.23854166666666668 0.8166666666666667 0.026041666666666668 0.05185185185185185
1 0.21067708333333332 0.937037037037037 0.0046875 0.012962962962962963
1 0.3463541666666667 0.6351851851851852 0.016666666666666666 0.024074074074074074
1 0.5239583333333333 0.7671296296296296 0.005208333333333333 0.013888888888888888
1 0.5059895833333333 0.6157407407407407 0.005729166666666666 0.012962962962962963
1 0.8583333333333333 0.9305555555555556 0.029166666666666667 0.040740740740740744
1 0.8270833333333333 0.9708333333333333 0.00625 0.008333333333333333
1 0.7947916666666667 0.8777777777777778 0.015625 0.022222222222222223
1 0.853125 0.6652777777777777 0.007291666666666667 0.01574074074074074
1 0.865625 0.6550925925925926 0.009375 0.017592592592592594
1 0.96953125 0.7796296296296297 0.005729166666666666 0.009259259259259259
1 0.8955729166666667 0.9666666666666667 0.0078125 0.022222222222222223
1 0.7705729166666667 0.874537037037037 0.008854166666666666 0.019444444444444445
1 0.9200520833333333 0.7263888888888889 0.008854166666666666 0.012037037037037037
1 0.8044270833333333 0.2263888888888889 0.0036458333333333334 0.013888888888888888
1 0.8229166666666666 0.2074074074074074 0.010416666666666666 0.037037037037037035
1 0.6692708333333334 0.1787037037037037 0.010416666666666666 0.020370370370370372
1 0.953125 0.3925925925925926 0.008333333333333333 0.014814814814814815
1 0.9044270833333333 0.8694444444444445 0.0067708333333333336 0.009259259259259259
1 0.22786458333333334 0.8810185185185185 0.0067708333333333336 0.006481481481481481
1 0.23385416666666667 0.9685185185185186 0.004166666666666667 0.005555555555555556
1 0.25052083333333336 0.9888888888888889 0.00625 0.011111111111111112
1 0.21953125 0.975925925925926 0.0036458333333333334 0.005555555555555556
1 0.29192708333333334 0.799074074074074 0.005729166666666666 0.007407407407407408
1 0.35885416666666664 0.20601851851851852 0.004166666666666667 0.004629629629629629
1 0.31588541666666664 0.11481481481481481 0.0067708333333333336 0.024074074074074074
1 0.09479166666666666 0.9587962962962963 0.007291666666666667 0.021296296296296296
1 0.021875 0.9875 0.007291666666666667 0.012037037037037037
1 0.7848958333333333 0.3425925925925926 0.005208333333333333 0.011111111111111112
