2 0.5 0.5 1.0 1.0
1 0.5704203125 0.6521421296296296 0.03354895833333334 0.03206203703703704
1 0.6929468750000001 0.8603689814814814 0.019227083333333332 0.04110833333333333
1 0.75906484375 0.890425 0.0150046875 0.03085
1 0.8599330729166667 0.5368925925925926 0.0146578125 0.0386
1 0.8748739583333334 0.20222592592592592 0.028914583333333334 0.04519259259259259
1 0.868409375 0.20960648148148148 0.010777083333333333 0.022916666666666665
1 0.6182341145833333 0.0916824074074074 0.028134895833333333 0.05929074074074075
1 0.6156916666666666 0.08031620370370371 0.022008333333333335 0.03470648148148148
1 0.20822447916666667 0.3942277777777778 0.011240625 0.034751851851851846
1 0.20227473958333334 0.421925 0.020174479166666665 0.019775925925925926
1 0.27530885416666667 0.2695560185185185 0.018326041666666668 0.03726018518518519
1 0.2724729166666667 0.4867680555555556 0.015779166666666667 0.03649907407407407
1 0.04629661458333333 0.6349875 0.0071765625 0.019975
1 0.12721640625 0.1285287037037037 0.009641145833333333 0.02002037037037037
1 0.21377942708333333 0.33099814814814815 0.0077671875 0.023107407407407406
1 0.23370234375 0.4108833333333334 0.006988020833333333 0.032877777777777784
1 0.29018593750000005 0.3244898148148148 0.019955208333333332 0.023053703703703705
1 0.5855143229166667 0.3098689814814815 0.0314453125 0.041960185185185184
1 0.5749294270833333 0.46258611111111114 0.011317187499999999 0.017764814814814813
1 0.6127296875 0.36056666666666665 0.011917708333333334 0.02483703703703704
1 0.6423205729166667 0.3140800925925926 0.011724479166666666 0.024456481481481482
1 0.7187416666666666 0.44212083333333335 0.0104 0.021278703703703706
1 0.3453450520833333 0.6370680555555556 0.010481770833333333 0.018580555555555555
1 0.7827674479166667 0.6730226851851852 0.009284895833333334 0.020119444444444443
1 0.9426145833333333 0.28400416666666667 0.0091875 0.03282314814814814
1 0.93310234375 0.2523287037037037 0.008913020833333334 0.025027777777777777
1 0.92317421875 0.13630277777777777 0.016140104166666665 0.059642592592592594
1 0.911740625 0.04401296296296296 0.025564583333333335 0.08802592592592592
