2 0.49973958333333335 0.5388888888888889 0.9994791666666667 0.9203703703703704
1 0.628125 0.1824074074074074 0.019791666666666666 0.03518518518518519
1 0.5106770833333333 0.18101851851851852 0.021354166666666667 0.008333333333333333
1 0.7723958333333333 0.27546296296296297 0.01875 0.05277777777777778
1 0.71171875 0.5199074074074074 0.005729166666666666 0.013888888888888888
1 0.7369791666666666 0.6912037037037037 0.011458333333333333 0.03611111111111111
1 0.9580729166666667 0.9856481481481482 0.0078125 0.01574074074074074
1 0.1796875 0.3648148148148148 0.015625 0.040740740740740744
1 0.14322916666666666 0.5791666666666667 0.009375 0.023148148148148147
1 0.05572916666666667 0.7375 0.007291666666666667 0.03611111111111111
