2 0.5 0.45057824074074077 1.0 0.9011564814814815
1 0.19063255208333332 0.5921310185185185 0.02814010416666667 0.05463240740740741
1 0.21970963541666666 0.1996365740740741 0.013377604166666666 0.051125000000000004
1 0.4380119791666666 0.12103425925925924 0.007273958333333333 0.04762407407407407
1 0.5499955729166667 0.6345347222222222 0.012491145833333333 0.039439814814814816
1 0.5029830729166667 0.4453462962962963 0.0163828125 0.02772962962962963
1 0.8616661458333332 0.3932240740740741 0.029582291666666666 0.06607777777777778
1 0.49308854166666666 0.830375462962963 0.01534375 0.025565740740740743
1 0.4538395833333333 0.6555606481481482 0.0097625 0.022232407407407406
1 0.464025 0.6535018518518518 0.011383333333333334 0.03292962962962963
1 0.37617968749999997 0.08465185185185185 0.021109375 0.023007407407407407
1 0.93777421875 0.17416203703703703 0.0036734375 0.0075833333333333326
1 0.9385213541666667 0.15055046296296298 0.016626041666666667 0.03443425925925926
1 0.7227307291666667 0.25807129629629627 0.009003125 0.029105555555555558
