2 0.50508828125 0.42259074074074077 0.9893432291666666 0.8451814814814815
1 0.8057593749999999 0.4222722222222222 0.018810416666666666 0.03528518518518518
1 0.6577989583333334 0.5264893518518519 0.039556249999999994 0.06038611111111111
1 0.78139765625 0.3572782407407407 0.0159203125 0.020112037037037036
1 0.7641343749999999 0.35485092592592593 0.013685416666666667 0.01710925925925926
1 0.8675078125 0.017559722222222223 0.013140625 0.029563888888888886
1 0.260046875 0.22455324074074073 0.02009375 0.03799537037037037
1 0.2691091145833333 0.08913888888888888 0.0090515625 0.015314814814814814
1 0.18534192708333333 0.5974444444444444 0.021725520833333335 0.02637037037037037
1 0.17404713541666667 0.6356921296296296 0.007469270833333333 0.01027314814814815
1 0.17139427083333333 0.6461592592592592 0.005288541666666666 0.005281481481481482
1 0.16808437499999998 0.6193708333333333 0.0028354166666666666 0.009112037037037037
1 0.2559325520833333 0.39393842592592593 0.005615104166666667 0.01565462962962963
1 0.19392057291666667 0.48815925925925924 0.0076328125 0.01705925925925926
1 0.24058828125 0.3952731481481481 0.008259895833333333 0.009064814814814814
1 0.8587778645833333 0.06248981481481482 0.012347395833333333 0.030535185185185186
1 0.7363731770833333 0.21683842592592592 0.030038020833333335 0.07997314814814814
1 0.8585619791666667 0.6937777777777777 0.006707291666666667 0.020888888888888887
1 0.71948984375 0.7712055555555556 0.015021354166666667 0.02389259259259259
1 0.7770013020833333 0.2974032407407407 0.005044270833333334 0.02258425925925926
