2 0.5 0.5187875 1.0 0.961649074074074
1 0.14988098958333335 0.615398611111111 0.021636979166666667 0.01968611111111111
1 0.21946276041666665 0.40852037037037037 0.013925520833333333 0.02815185185185185
1 0.11131666666666667 0.9301356481481482 0.012216666666666666 0.017678703703703703
1 0.5629380208333333 0.4017027777777778 0.030042708333333334 0.07007222222222222
1 0.5183554687499999 0.3376240740740741 0.010669270833333333 0.01598888888888889
1 0.52986171875 0.2833777777777778 0.023265104166666665 0.03527407407407407
1 0.42387135416666666 0.21160046296296298 0.018576041666666664 0.03431203703703704
1 0.4208947916666667 0.34400092592592596 0.01158125 0.019483333333333335
1 0.6211067708333334 0.6035254629629629 0.029713541666666666 0.04038425925925926
1 0.7820750000000001 0.4475648148148148 0.018316666666666665 0.05253703703703704
1 0.7922557291666668 0.7055898148148149 0.011594791666666666 0.04451296296296296
1 0.47574661458333334 0.5614069444444444 0.031701562499999995 0.04318425925925926
1 0.4510408854166667 0.13218055555555555 0.012498437499999999 0.03287962962962963
1 0.5892528645833334 0.2751763888888889 0.007672395833333333 0.03183425925925926
1 0.6901713541666666 0.3929537037037037 0.009509374999999999 0.019240740740740742
1 0.08016041666666668 0.8312152777777777 0.01865416666666667 0.05872685185185185
