2 0.06877473958333334 0.16762361111111113 0.015674479166666665 0.02413611111111111
2 0.49730286458333334 0.5507162037037037 0.9946057291666667 0.8977287037037037
2 0.08483723958333332 0.1648689814814815 0.011341145833333333 0.02418240740740741
1 0.6453731770833334 0.5925171296296297 0.03762135416666667 0.06281203703703704
1 0.7578372395833333 0.5437143518518519 0.015674479166666665 0.02631759259259259
1 0.66526875 0.3557837962962963 0.0242875 0.050456481481481484
1 0.629615625 0.12769722222222224 0.011314583333333333 0.02020925925925926
1 0.7245736979166666 0.29264814814814816 0.005397395833333333 0.024185185185185185
1 0.7458169270833334 0.3638324074074074 0.0155921875 0.029516666666666667
1 0.7335518229166667 0.37648518518518514 0.009811979166666667 0.027044444444444444
1 0.7488838541666667 0.4012824074074074 0.007142708333333333 0.011824074074074074
1 0.6873210937500001 0.5908967592592592 0.0152671875 0.022534259259259257
1 0.6971401041666667 0.47275092592592594 0.038030208333333336 0.019575925925925924
1 0.7081489583333334 0.4748810185185185 0.012131250000000001 0.016428703703703702
1 0.8305619791666667 0.7062574074074074 0.005915625 0.010662962962962963
1 0.68586953125 0.9569874999999999 0.014447395833333333 0.028789814814814813
1 0.6775921875 0.7996532407407407 0.033309375 0.07338055555555556
1 0.6683421875000001 0.624448611111111 0.013767708333333333 0.0229712962962963
1 0.5800981770833334 0.7448523148148148 0.010196354166666668 0.028593518518518518
1 0.42542734375 0.5968773148148149 0.018563020833333332 0.036347222222222225
1 0.26870859374999995 0.8613046296296296 0.030125520833333332 0.017053703703703703
1 0.20209192708333334 0.6330453703703703 0.0218921875 0.02535
1 0.04709244791666667 0.7281777777777778 0.005643229166666667 0.013762962962962963
1 0.12956614583333334 0.6407078703703704 0.009132291666666665 0.029563888888888886
1 0.23347109375 0.5262777777777777 0.009650520833333334 0.013666666666666667
1 0.9810166666666666 0.3820986111111111 0.015158333333333333 0.014197222222222222
