2 0.9822916666666667 0.24953703703703703 0.034375 0.07685185185185185
2 0.5140625 0.5208333333333334 0.9708333333333333 0.9564814814814815
1 0.4203125 0.8560185185185185 0.0125 0.021296296296296296
1 0.29765625 0.8935185185185185 0.019270833333333334 0.040740740740740744
1 0.24375 0.7226851851851852 0.00625 0.019444444444444445
1 0.22786458333333334 0.6921296296296297 0.008854166666666666 0.002777777777777778
1 0.26145833333333335 0.9666666666666667 0.004166666666666667 0.007407407407407408
1 0.3734375 0.9004629629629629 0.01875 0.026851851851851852
1 0.3765625 0.899074074074074 0.011458333333333333 0.020370370370370372
1 0.36770833333333336 0.9930555555555556 0.027083333333333334 0.012037037037037037
1 0.37734375 0.9592592592592593 0.0078125 0.025925925925925925
1 0.39869791666666665 0.9685185185185186 0.022395833333333334 0.027777777777777776
1 0.48203125 0.9398148148148148 0.018229166666666668 0.03333333333333333
1 0.5174479166666667 0.8611111111111112 0.0171875 0.024074074074074074
1 0.5559895833333334 0.8208333333333333 0.011979166666666667 0.028703703703703703
1 0.5403645833333334 0.8351851851851851 0.0109375 0.03518518518518519
1 0.5489583333333333 0.7162037037037037 0.008333333333333333 0.01574074074074074
1 0.5963541666666666 0.8523148148148149 0.005208333333333333 0.03981481481481482
1 0.44557291666666665 0.6425925925925926 0.0171875 0.02962962962962963
1 0.36380208333333336 0.6356481481481482 0.034895833333333334 0.05462962962962963
1 0.37005208333333334 0.6356481481481482 0.021354166666666667 0.03796296296296296
1 0.4375 0.7592592592592593 0.008333333333333333 0.018518518518518517
1 0.46848958333333335 0.5634259259259259 0.024479166666666666 0.013888888888888888
1 0.4153645833333333 0.42268518518518516 0.0078125 0.01574074074074074
1 0.26796875 0.3384259259259259 0.009895833333333333 0.021296296296296296
1 0.23541666666666666 0.37962962962962965 0.016666666666666666 0.037037037037037035
1 0.33151041666666664 0.40925925925925927 0.019270833333333334 0.04259259259259259
1 0.32864583333333336 0.6013888888888889 0.010416666666666666 0.017592592592592594
1 0.43385416666666665 0.3509259259259259 0.015625 0.03518518518518519
1 0.43671875 0.34444444444444444 0.0109375 0.012962962962962963
1 0.5872395833333334 0.29305555555555557 0.013020833333333334 0.05092592592592592
1 0.59296875 0.25046296296296294 0.019270833333333334 0.021296296296296296
1 0.5755208333333334 0.2175925925925926 0.011458333333333333 0.012962962962962963
1 0.55703125 0.663425925925926 0.009895833333333333 0.010185185185185186
1 0.3125 0.3375 0.008333333333333333 0.01574074074074074
1 0.32760416666666664 0.3416666666666667 0.007291666666666667 0.007407407407407408
1 0.6994791666666667 0.22314814814814815 0.015625 0.03888888888888889
1 0.6265625 0.6981481481481482 0.011458333333333333 0.02962962962962963
1 0.828125 0.4597222222222222 0.007291666666666667 0.023148148148148147
1 0.43125 0.524074074074074 0.013541666666666667 0.024074074074074074
1 0.6200520833333333 0.9027777777777778 0.0140625 0.03148148148148148
1 0.98125 0.6875 0.008333333333333333 0.017592592592592594
1 0.9690104166666667 0.31666666666666665 0.0078125 0.018518518518518517
1 0.6885416666666667 0.49212962962962964 0.009375 0.019444444444444445
1 0.9098958333333333 0.5657407407407408 0.004166666666666667 0.011111111111111112
1 0.9377604166666667 0.6287037037037037 0.0046875 0.007407407407407408
1 0.82109375 0.40879629629629627 0.005729166666666666 0.013888888888888888
1 0.5153645833333333 0.39490740740740743 0.0036458333333333334 0.017592592592592594
