2 0.5 0.5230490740740741 1.0 0.9535055555555556
1 0.47470989583333334 0.35948009259259256 0.022336458333333333 0.054145370370370365
1 0.41240755208333335 0.4330643518518518 0.022731770833333335 0.06798055555555556
1 0.44910703124999996 0.41331527777777777 0.010714062500000001 0.015519444444444443
1 0.5661768229166667 0.4707606481481481 0.0177703125 0.056336111111111115
1 0.40815286458333333 0.7069578703703704 0.0246390625 0.06576759259259259
1 0.3056302083333333 0.6002435185185185 0.009177083333333334 0.020857407407407408
1 0.30105833333333337 0.6815305555555555 0.021908333333333332 0.05009814814814815
1 0.18459479166666667 0.846013888888889 0.007731249999999999 0.02350925925925926
1 0.054846093750000005 0.7579810185185185 0.010733854166666668 0.01781388888888889
1 0.23302760416666668 0.955537962962963 0.006680208333333334 0.009224074074074074
1 0.22236901041666668 0.9485569444444444 0.007238020833333333 0.01933611111111111
1 0.35765859375000003 0.8986444444444444 0.009067187499999999 0.015807407407407405
1 0.37281796875 0.9212347222222222 0.0175109375 0.044321296296296296
1 0.5509111979166667 0.9479532407407407 0.020572395833333333 0.029239814814814816
1 0.7239395833333333 0.8532523148148149 0.03537916666666666 0.05465277777777778
1 0.7210825520833333 0.8539189814814815 0.029665104166666668 0.035615740740740746
1 0.7671033854166667 0.9367032407407407 0.026915104166666665 0.023406481481481483
1 0.9199049479166667 0.9640027777777779 0.005434895833333333 0.01319074074074074
1 0.9595458333333333 0.6731180555555555 0.007633333333333334 0.03697685185185185
1 0.98985546875 0.6777217592592593 0.005752604166666666 0.020258333333333333
1 0.9801125 0.5051412037037037 0.014391666666666667 0.03806018518518518
1 0.98318515625 0.2919365740740741 0.024703645833333333 0.06165092592592592
1 0.9751567708333333 0.2577861111111111 0.006563541666666667 0.01372037037037037
1 0.8817609375 0.3003351851851852 0.005188541666666667 0.015485185185185185
1 0.7506518229166667 0.3581662037037037 0.020053645833333335 0.032999074074074077
1 0.77086171875 0.21592546296296297 0.026098437500000002 0.01518425925925926
1 0.634296875 0.23217407407407406 0.023802083333333335 0.04953333333333333
1 0.5879111979166667 0.08969305555555555 0.016447395833333333 0.018275
1 0.4566109375 0.4048226851851852 0.012180208333333333 0.017052777777777778
1 0.5549723958333334 0.4702106481481481 0.010986458333333334 0.020050925925925927
1 0.6216333333333334 0.4096574074074074 0.0141 0.02487037037037037
1 0.6772075520833333 0.5355777777777777 0.0064984375 0.0156
1 0.6671846354166667 0.8084263888888888 0.008327604166666667 0.015000925925925926
1 0.30390416666666664 0.8893796296296296 0.013016666666666668 0.015796296296296294
1 0.19676041666666666 0.3534212962962963 0.012270833333333333 0.032768518518518516
