2 0.5 0.5068717592592593 1.0 0.9859657407407408
1 0.5137575520833333 0.26993935185185186 0.0170984375 0.02691574074074074
1 0.6303752604166667 0.4731444444444444 0.01700052083333333 0.029622222222222223
1 0.6245627604166667 0.39960555555555555 0.010583854166666667 0.023285185185185187
1 0.5539208333333333 0.44777314814814817 0.04325833333333333 0.08443518518518518
1 0.5458596354166667 0.4164481481481482 0.018802604166666667 0.03845185185185185
1 0.7492122395833333 0.46628888888888886 0.02029947916666667 0.03628148148148148
1 0.6620973958333334 0.06339768518518518 0.007528125 0.023091666666666667
1 0.6372622395833333 0.5601537037037038 0.017232812500000003 0.04438148148148148
1 0.6477223958333334 0.3940277777777778 0.020444791666666667 0.023240740740740742
1 0.4474388020833333 0.9401986111111111 0.009460937499999999 0.011878703703703704
1 0.3917541666666667 0.894475925925926 0.01788333333333333 0.035248148148148147
1 0.3606380208333333 0.9927962962962963 0.017109375 0.015222222222222224
1 0.36035703125 0.9441777777777778 0.014464062500000001 0.0328
1 0.30407213541666667 0.8535578703703703 0.023769270833333335 0.02933796296296296
1 0.4368169270833333 0.785387037037037 0.0194671875 0.02818148148148148
1 0.745384375 0.9092898148148149 0.01576875 0.02783888888888889
1 0.3147328125 0.2863685185185185 0.022173958333333334 0.05421851851851851
1 0.56953984375 0.12823287037037037 0.028663020833333334 0.04905833333333333
1 0.16220677083333335 0.9598291666666667 0.022330208333333334 0.03447314814814815
1 0.22613411458333335 0.6631273148148148 0.013726562500000001 0.024402777777777777
1 0.21475390625 0.6330824074074074 0.013882812500000001 0.019868518518518518
1 0.14356328125 0.5229791666666667 0.014209895833333335 0.016328703703703706
1 0.27930260416666663 0.7767273148148148 0.016938541666666664 0.03308425925925926
