2 0.5 0.4673013888888889 1.0 0.9346027777777778
2 0.13856197916666665 0.7960939814814816 0.21045729166666666 0.15885462962962962
1 0.753234375 0.3181643518518519 0.01896875 0.04558796296296296
1 0.7724757812499999 0.5555046296296297 0.012659895833333332 0.02212037037037037
1 0.6209223958333333 0.683787037037037 0.016844791666666668 0.0472037037037037
1 0.5733013020833333 0.3082023148148148 0.03514427083333334 0.06640462962962963
1 0.5842908854166667 0.007255555555555556 0.015456770833333333 0.014511111111111112
1 0.6162458333333334 0.041827777777777776 0.028325 0.04106296296296296
1 0.28214401041666665 0.7388782407407408 0.014288020833333333 0.024052777777777777
1 0.85199140625 0.36614814814814817 0.011274479166666665 0.023037037037037036
1 0.7957067708333334 0.16503564814814814 0.020580208333333336 0.05229351851851852
1 0.13915182291666667 0.6004310185185185 0.023095312500000003 0.03604722222222222
1 0.5302104166666667 0.1942787037037037 0.04167083333333333 0.031150000000000004
1 0.7372091145833333 0.2550925925925926 0.011918229166666666 0.025
1 0.5202111979166667 0.030186574074074074 0.012297395833333334 0.03074351851851852
1 0.49916041666666666 0.04256851851851852 0.0118625 0.01661851851851852
1 0.1267125 0.36742175925925924 0.007591666666666667 0.020028703703703705
1 0.6578291666666666 0.30337546296296297 0.011491666666666667 0.027121296296296296
