2 0.49973958333333335 0.5351851851851852 0.9994791666666667 0.924074074074074
1 0.49583333333333335 0.7078703703703704 0.020833333333333332 0.04722222222222222
1 0.59921875 0.7087962962962963 0.0265625 0.04351851851851852
1 0.7036458333333333 0.5 0.028125 0.040740740740740744
1 0.15208333333333332 0.7703703703703704 0.010416666666666666 0.024074074074074074
1 0.5046875 0.9037037037037037 0.014583333333333334 0.024074074074074074
1 0.7421875 0.986574074074074 0.019791666666666666 0.025
1 0.75859375 0.2222222222222222 0.008854166666666666 0.020370370370370372
1 0.12369791666666667 0.3106481481481482 0.0078125 0.019444444444444445
1 0.7658854166666667 0.3990740740740741 0.030729166666666665 0.03333333333333333
1 0.8611979166666667 0.5847222222222223 0.0078125 0.013888888888888888
