2 0.5 0.4658231481481481 1.0 0.9316462962962963
1 0.34271640625 0.34686203703703705 0.009391145833333333 0.04002037037037037
1 0.46865729166666664 0.5813777777777778 0.014397916666666667 0.03312592592592593
1 0.11926796875 0.1954101851851852 0.027077604166666665 0.05193148148148148
1 0.4741328125 0.29161574074074076 0.015973958333333333 0.029527777777777778
1 0.3636489583333333 0.09377638888888888 0.008547916666666665 0.013478703703703705
1 0.3423989583333333 0.05620370370370371 0.01708958333333333 0.06981481481481482
1 0.3339200520833333 0.11841296296296296 0.006381770833333333 0.012751851851851853
1 0.37187578125 0.16638240740740742 0.011459895833333334 0.012394444444444444
1 0.08436041666666667 0.013437037037037037 0.009345833333333333 0.026874074074074075
1 0.3754572916666667 0.6047625 0.019664583333333333 0.08174722222222222
1 0.86621875 0.3039736111111111 0.014729166666666666 0.028317592592592592
1 0.7554893229166667 0.8565671296296296 0.013061979166666666 0.027949074074074074
1 0.9778893229166666 0.7553486111111112 0.0057786458333333336 0.014400925925925926
1 0.94815234375 0.7615476851851852 0.007763020833333333 0.013836111111111112
1 0.9790177083333333 0.8498296296296297 0.008035416666666666 0.025585185185185187
1 0.7280789062499999 0.7858282407407406 0.0155328125 0.051286111111111116
1 0.9043661458333333 0.12485740740740742 0.009773958333333332 0.020085185185185185
1 0.8641484375 0.15255833333333335 0.009546875 0.01807962962962963
1 0.68843359375 0.10343703703703704 0.012283854166666667 0.045762962962962964
1 0.71511171875 0.16015879629629629 0.006265104166666666 0.02587314814814815
1 0.6740481770833333 0.03939907407407407 0.007471354166666667 0.017687037037037036
1 0.5313494791666666 0.39973148148148147 0.012698958333333335 0.02538888888888889
1 0.55090625 0.5847060185185184 0.007020833333333334 0.05089351851851852
1 0.47994192708333333 0.8205805555555555 0.009883854166666668 0.026346296296296298
1 0.2892546875 0.8361092592592593 0.011842708333333334 0.022218518518518516
1 0.48553671875 0.8829546296296297 0.013781770833333333 0.010353703703703704
1 0.13137864583333334 0.4079523148148148 0.007548958333333333 0.05108981481481482
1 0.10001770833333333 0.5397796296296297 0.009410416666666668 0.018448148148148148
1 0.10697864583333333 0.6223203703703704 0.008748958333333333 0.02427037037037037
1 0.10318125 0.6560657407407408 0.006362499999999999 0.017687037037037036
1 0.09459036458333332 0.47295509259259255 0.0048057291666666665 0.007021296296296296
1 0.109171875 0.4148708333333333 0.00584375 0.013075
1 0.037798958333333334 0.3713226851851852 0.0037229166666666665 0.007460185185185185
1 0.10285364583333334 0.37525601851851853 0.005707291666666667 0.015326851851851852
1 0.6814994791666666 0.7340925925925926 0.005707291666666667 0.014481481481481482
