2 0.5 0.44959305555555557 1.0 0.8991861111111111
1 0.97736484375 0.6153972222222223 0.008896354166666667 0.038201851851851855
1 0.18554869791666664 0.5127347222222223 0.0096390625 0.049543518518518515
1 0.06380546875 0.058255555555555553 0.015110937500000001 0.04243703703703704
1 0.013535937500000001 0.5388939814814815 0.008321875 0.027787962962962962
1 0.44488776041666667 0.047594444444444446 0.0189421875 0.022966666666666666
1 0.3871643229166667 0.21735925925925925 0.008703645833333332 0.021755555555555556
1 0.7989122395833334 0.08229537037037038 0.0092828125 0.02199814814814815
1 0.8298440104166667 0.06048240740740741 0.0107296875 0.02652037037037037
1 0.9350914062500001 0.16327546296296297 0.014974479166666667 0.03951388888888888
1 0.9604791666666667 0.35152222222222224 0.011583333333333333 0.05304444444444444
1 0.7261859375 0.3738916666666667 0.008621875 0.018153703703703707
1 0.7468158854166667 0.3446990740740741 0.005090104166666666 0.02087962962962963
1 0.6340898437500001 0.7962337962962963 0.016096354166666667 0.02024537037037037
1 0.38427109375 0.800449537037037 0.0122921875 0.019417592592592594
1 0.019731510416666667 0.6818560185185185 0.008213020833333333 0.0229712962962963
1 0.27752604166666667 0.7331643518518518 0.014427083333333333 0.03114351851851852
1 0.12922473958333333 0.24591388888888888 0.014699479166666666 0.02701296296296296
1 0.80869375 0.5900861111111111 0.013220833333333333 0.03202407407407407
1 0.5916486979166666 0.015432870370370371 0.026005729166666665 0.016050925925925927
1 0.8979125 0.14604166666666665 0.006241666666666667 0.014305555555555556
1 0.8489276041666667 0.03976018518518519 0.0051468749999999995 0.00915
1 0.8499419270833334 0.0680726851851852 0.0050921874999999995 0.010219444444444446
1 0.8173630208333333 0.09416851851851851 0.004517708333333333 0.01055925925925926
1 0.8606609375000001 0.11897083333333332 0.0036135416666666664 0.015719444444444446
1 0.8403921875000001 0.6469685185185186 0.021409375 0.04949259259259259
1 0.9554713541666667 0.5531412037037038 0.015109375000000001 0.056282407407407406
