2 0.5 0.5223255208333334 1.0 0.956109375
1 0.8399609375 0.3424379340277778 0.0109765625 0.028625868055555552
1 0.813944091796875 0.36314149305555554 0.02046630859375 0.030102430555555552
1 0.741821533203125 0.24947178819444446 0.03442431640625 0.04234635416666667
1 0.780127197265625 0.38530772569444444 0.01044970703125 0.025823784722222222
1 0.448869384765625 0.9682052951388889 0.02566845703125 0.06314670138888889
1 0.3900244140625 0.8740234375 0.012470703125 0.022352430555555556
1 0.30373388671875 0.7423055555555556 0.0117646484375 0.01586111111111111
1 0.05560302734375 0.6121032986111111 0.0106201171875 0.01587326388888889
1 0.05886083984375 0.5800898437500001 0.0132294921875 0.04212413194444445
1 0.310669921875 0.1275134548611111 0.02466015625 0.025860243055555555
1 0.754204345703125 0.7387981770833334 0.02305712890625 0.02794357638888889
1 0.683084228515625 0.7276397569444444 0.00972314453125 0.009098958333333332
1 0.53161962890625 0.8326983506944444 0.0085517578125 0.016091145833333334
1 0.82719091796875 0.23421223958333334 0.0069208984375 0.015299479166666666
1 0.413540771484375 0.64721484375 0.00872216796875 0.020124131944444443
