2 0.5 0.5921193576388889 1.0 0.8161831597222222
1 0.56329833984375 0.32553472222222224 0.0279638671875 0.05558333333333333
1 0.5167109375 0.3242894965277778 0.0265859375 0.027051215277777776
1 0.30343408203125 0.41455772569444443 0.0121416015625 0.02008767361111111
1 0.617828125 0.2277065972222222 0.04425 0.030065972222222223
1 0.69159521484375 0.2524401041666666 0.0091669921875 0.03265798611111111
1 0.33482763671875 0.8533194444444444 0.0182880859375 0.015666666666666666
1 0.38929443359375 0.8611158854166666 0.0110107421875 0.017370659722222223
1 0.851853759765625 0.6589609375000001 0.02304345703125 0.03146354166666667
1 0.745063232421875 0.48929557291666664 0.00672802734375 0.013313368055555556
1 0.900146728515625 0.5805716145833333 0.01123095703125 0.0257265625
1 0.987828369140625 0.49309027777777775 0.01081298828125 0.024374999999999997
1 0.651154052734375 0.36136848958333334 0.01129248046875 0.016139756944444444
1 0.12106201171875 0.23704383680555555 0.0136083984375 0.024434895833333335
1 0.144705810546875 0.8979639756944445 0.00425537109375 0.01815017361111111
1 0.19637890625 0.8972335069444445 0.0040859375 0.009744791666666667
1 0.199572021484375 0.8986293402777777 0.00265966796875 0.0073281250000000004
1 0.8477333984375 0.8989670138888888 0.017732421875 0.01842013888888889
1 0.960278076171875 0.8380177951388889 0.01039990234375 0.04235503472222222
