2 0.51328125 0.5203703703703704 0.9723958333333333 0.9574074074074074
1 0.4393229166666667 0.8328703703703704 0.024479166666666666 0.05092592592592592
1 0.97265625 0.5296296296296297 0.0140625 0.037037037037037035
1 0.83203125 0.7620370370370371 0.0109375 0.022222222222222223
1 0.8841145833333334 0.8037037037037037 0.008854166666666666 0.020370370370370372
1 0.6408854166666667 0.2462962962962963 0.016145833333333335 0.016666666666666666
1 0.17552083333333332 0.2967592592592593 0.010416666666666666 0.028703703703703703
1 0.9684895833333333 0.9810185185185185 0.0078125 0.019444444444444445
1 0.9583333333333334 0.6277777777777778 0.00625 0.018518518518518517
1 0.7372395833333333 0.8870370370370371 0.0078125 0.011111111111111112
1 0.8471354166666667 0.7731481481481481 0.005729166666666666 0.027777777777777776
1 0.9346354166666667 0.9518518518518518 0.0067708333333333336 0.022222222222222223
