2 0.49973958333333335 0.5328703703703703 0.9994791666666667 0.9342592592592592
1 0.7072916666666667 0.3888888888888889 0.016666666666666666 0.05925925925925926
1 0.21770833333333334 0.23425925925925925 0.016666666666666666 0.02962962962962963
1 0.12734375 0.362962962962963 0.016145833333333335 0.06111111111111111
1 0.10703125 0.29259259259259257 0.018229166666666668 0.07037037037037037
1 0.20130208333333333 0.12129629629629629 0.0328125 0.05185185185185185
1 0.2453125 0.13657407407407407 0.0125 0.032407407407407406
1 0.07057291666666667 0.3907407407407407 0.009895833333333333 0.02962962962962963
1 0.1296875 0.6259259259259259 0.030208333333333334 0.15555555555555556
1 0.16692708333333334 0.5680555555555555 0.0140625 0.019444444444444445
1 0.08776041666666666 0.538425925925926 0.0067708333333333336 0.01574074074074074
1 0.09973958333333334 0.5189814814814815 0.005729166666666666 0.017592592592592594
1 0.09973958333333334 0.4652777777777778 0.0067708333333333336 0.013888888888888888
1 0.013541666666666667 0.6208333333333333 0.0125 0.041666666666666664
1 0.035416666666666666 0.7157407407407408 0.015625 0.05740740740740741
1 0.06744791666666666 0.8638888888888889 0.0109375 0.025925925925925925
1 0.036458333333333336 0.8018518518518518 0.008333333333333333 0.025925925925925925
1 0.31354166666666666 0.2861111111111111 0.010416666666666666 0.016666666666666666
1 0.41067708333333336 0.20925925925925926 0.043229166666666666 0.11851851851851852
1 0.6572916666666667 0.1550925925925926 0.0375 0.05277777777777778
1 0.38828125 0.32083333333333336 0.0078125 0.01574074074074074
1 0.47630208333333335 0.6388888888888888 0.021354166666666667 0.03148148148148148
1 0.9635416666666666 0.35138888888888886 0.00625 0.019444444444444445
1 0.19765625 0.4537037037037037 0.011979166666666667 0.025925925925925925
1 0.2125 0.5064814814814815 0.007291666666666667 0.022222222222222223
1 0.8205729166666667 0.45185185185185184 0.013020833333333334 0.025925925925925925
1 0.9359375 0.5763888888888888 0.020833333333333332 0.06574074074074074
1 0.94609375 0.6439814814814815 0.0078125 0.03425925925925926
1 0.9497395833333333 0.5898148148148148 0.009895833333333333 0.027777777777777776
1 0.97734375 0.42916666666666664 0.005729166666666666 0.04351851851851852
1 0.9369791666666667 0.7273148148148149 0.014583333333333334 0.03981481481481482
1 0.8213541666666667 0.9657407407407408 0.013541666666666667 0.03888888888888889
1 0.83046875 0.9282407407407407 0.0067708333333333336 0.019444444444444445
1 0.5763020833333333 0.8412037037037037 0.0140625 0.01574074074074074
1 0.5317708333333333 0.5995370370370371 0.00625 0.012037037037037037
