2 0.5 0.5198787037037037 1.0 0.9601277777777779
1 0.7124072916666666 0.4275671296296296 0.014397916666666667 0.05883796296296297
1 0.23484661458333334 0.1827199074074074 0.017609895833333333 0.028402777777777777
1 0.137171875 0.29466435185185186 0.01496875 0.06155092592592592
1 0.12069348958333334 0.22134537037037036 0.016386979166666666 0.07046851851851851
1 0.22557890625 0.06810324074074074 0.033449479166666664 0.05287314814814815
1 0.26794270833333333 0.09106666666666667 0.014010416666666666 0.03213333333333333
1 0.07955963541666668 0.3119074074074074 0.011202604166666666 0.02937037037037037
1 0.12541822916666667 0.5568782407407408 0.03104479166666667 0.15634907407407408
1 0.16458385416666665 0.5056263888888889 0.014584375 0.018660185185185182
1 0.08793229166666668 0.4620634259259259 0.007114583333333333 0.016719444444444443
1 0.10059869791666666 0.4449074074074074 0.006405729166666666 0.017592592592592594
1 0.10391484375 0.39116574074074073 0.006788020833333333 0.013812962962962963
1 0.00917734375 0.5304138888888889 0.012104687499999999 0.04230925925925926
1 0.024572395833333333 0.6285462962962963 0.015811458333333334 0.05709259259259259
1 0.048671614583333335 0.7810652777777778 0.009843229166666667 0.02694537037037037
1 0.021225260416666666 0.7133273148148148 0.007033854166666667 0.02665462962962963
1 0.3271674479166667 0.2531675925925926 0.009543229166666667 0.017446296296296297
1 0.4277713541666667 0.1951240740740741 0.047209375 0.11617407407407408
1 0.6767356770833334 0.18612638888888888 0.0368046875 0.055586111111111114
1 0.39927890625 0.30134583333333337 0.0079328125 0.01565462962962963
1 0.46842734375 0.6338828703703703 0.022271354166666667 0.030728703703703703
1 0.9697437499999999 0.43880833333333336 0.007195833333333334 0.02020925925925926
1 0.2017046875 0.3982222222222222 0.012784374999999999 0.026074074074074076
1 0.21328619791666667 0.45276527777777775 0.007822395833333334 0.022197222222222222
1 0.8215518229166666 0.5113787037037036 0.0128953125 0.02646111111111111
1 0.9296502604166667 0.6564254629629629 0.0228421875 0.06470277777777778
1 0.93473984375 0.7257564814814815 0.0069796875 0.0348462962962963
1 0.94201171875 0.6733138888888889 0.0090234375 0.02810925925925926
1 0.9789921874999999 0.518475 0.007984375 0.04250555555555555
1 0.9212833333333333 0.8074708333333334 0.015483333333333333 0.03901574074074074
1 0.8033359375 0.9873981481481482 0.007713541666666667 0.019240740740740742
1 0.55581484375 0.8531976851851851 0.013713020833333334 0.01565462962962963
1 0.5255309895833333 0.6051078703703703 0.0062703125 0.012067592592592592
