2 0.5080729166666667 0.5212962962962963 0.9828125 0.9555555555555556
1 0.35885416666666664 0.3541666666666667 0.028125 0.04537037037037037
1 0.2640625 0.21666666666666667 0.009375 0.025925925925925925
1 0.74375 0.7689814814814815 0.007291666666666667 0.012037037037037037
1 0.7625 0.7407407407407407 0.007291666666666667 0.012962962962962963
1 0.81171875 0.7601851851851852 0.011979166666666667 0.04814814814814815
1 0.8114583333333333 0.7458333333333333 0.011458333333333333 0.021296296296296296
1 0.84140625 0.8398148148148148 0.0078125 0.011111111111111112
1 0.48151041666666666 0.06898148148148148 0.008854166666666666 0.019444444444444445
1 0.40677083333333336 0.075 0.010416666666666666 0.016666666666666666
1 0.28463541666666664 0.20324074074074075 0.0046875 0.017592592592592594
1 0.534375 0.24953703703703703 0.017708333333333333 0.058333333333333334
1 0.5307291666666667 0.16666666666666666 0.004166666666666667 0.014814814814814815
1 0.5114583333333333 0.24861111111111112 0.011458333333333333 0.013888888888888888
1 0.33958333333333335 0.29212962962962963 0.004166666666666667 0.010185185185185186
1 0.33229166666666665 0.30833333333333335 0.019791666666666666 0.03518518518518519
1 0.49322916666666666 0.9430555555555555 0.028125 0.041666666666666664
1 0.6419270833333334 0.8643518518518518 0.0109375 0.017592592592592594
1 0.6138020833333333 0.7958333333333333 0.0046875 0.006481481481481481
1 0.6213541666666667 0.7949074074074074 0.003125 0.002777777777777778
1 0.61953125 0.8097222222222222 0.0015625 0.008333333333333333
1 0.58828125 0.7865740740740741 0.0046875 0.008333333333333333
1 0.5877604166666667 0.7351851851851852 0.0067708333333333336 0.012962962962962963
1 0.5518229166666667 0.6800925925925926 0.022395833333333334 0.021296296296296296
1 0.5526041666666667 0.6055555555555555 0.03125 0.020370370370370372
1 0.47630208333333335 0.49166666666666664 0.013020833333333334 0.03148148148148148
1 0.3385416666666667 0.5412037037037037 0.014583333333333334 0.026851851851851852
1 0.3177083333333333 0.6087962962962963 0.0125 0.021296296296296296
1 0.20703125 0.7796296296296297 0.013020833333333334 0.025925925925925925
1 0.45677083333333335 0.6203703703703703 0.01875 0.012962962962962963
1 0.4828125 0.5412037037037037 0.00625 0.013888888888888888
1 0.6505208333333333 0.7509259259259259 0.009375 0.020370370370370372
1 0.328125 0.5337962962962963 0.004166666666666667 0.008333333333333333
1 0.38255208333333335 0.9268518518518518 0.018229166666666668 0.037037037037037035
1 0.42213541666666665 0.9921296296296296 0.0109375 0.013888888888888888
1 0.5666666666666667 0.9430555555555555 0.010416666666666666 0.019444444444444445
1 0.5752604166666667 0.8657407407407407 0.0067708333333333336 0.027777777777777776
1 0.72421875 0.8527777777777777 0.0078125 0.011111111111111112
1 0.9440104166666666 0.8847222222222222 0.009895833333333333 0.023148148148148147
1 0.9893229166666667 0.9574074074074074 0.011979166666666667 0.025925925925925925
1 0.8604166666666667 0.9782407407407407 0.007291666666666667 0.006481481481481481
1 0.7578125 0.8273148148148148 0.00625 0.012037037037037037
1 0.66875 0.6962962962962963 0.005208333333333333 0.009259259259259259
1 0.8015625 0.5898148148148148 0.017708333333333333 0.025925925925925925
1 0.79609375 0.8842592592592593 0.0067708333333333336 0.009259259259259259
1 0.6979166666666666 0.9893518518518518 0.011458333333333333 0.019444444444444445
1 0.5744791666666667 0.9138888888888889 0.0125 0.018518518518518517
1 0.59296875 0.8939814814814815 0.009895833333333333 0.012037037037037037
1 0.5205729166666667 0.5231481481481481 0.013020833333333334 0.009259259259259259
1 0.59140625 0.5592592592592592 0.005729166666666666 0.012962962962962963
1 0.625 0.7430555555555556 0.008333333333333333 0.012037037037037037
1 0.9161458333333333 0.8495370370370371 0.005208333333333333 0.006481481481481481
1 0.28098958333333335 0.9439814814814815 0.0046875 0.006481481481481481
1 0.37213541666666666 0.9847222222222223 0.0026041666666666665 0.017592592592592594
1 0.30104166666666665 0.9944444444444445 0.01875 0.009259259259259259
1 0.46943359375 0.9637152777777778 0.021158854166666668 0.07002314814814815
1 0.28125 0.37253101851851855 0.026041666666666668 0.058025
