2 0.49973958333333335 0.5319444444444444 0.9994791666666667 0.9342592592592592
1 0.27239583333333334 0.32037037037037036 0.07291666666666667 0.12777777777777777
1 0.17265625 0.12731481481481483 0.009895833333333333 0.025
1 0.3463541666666667 0.11296296296296296 0.014583333333333334 0.027777777777777776
1 0.184375 0.32037037037037036 0.013541666666666667 0.03518518518518519
1 0.07552083333333333 0.3050925925925926 0.009375 0.01574074074074074
1 0.08958333333333333 0.35324074074074074 0.004166666666666667 0.019444444444444445
1 0.09114583333333333 0.48009259259259257 0.008333333333333333 0.030555555555555555
1 0.016666666666666666 0.43287037037037035 0.009375 0.05277777777777778
1 0.017447916666666667 0.6435185185185185 0.0078125 0.040740740740740744
1 0.026302083333333334 0.6185185185185185 0.008854166666666666 0.025925925925925925
1 0.03697916666666667 0.8236111111111111 0.008333333333333333 0.021296296296296296
1 0.12421875 0.8495370370370371 0.025520833333333333 0.032407407407407406
1 0.24192708333333332 0.549074074074074 0.011979166666666667 0.044444444444444446
1 0.18203125 0.9837962962962963 0.008854166666666666 0.012037037037037037
1 0.20546875 0.9518518518518518 0.022395833333333334 0.05740740740740741
1 0.17604166666666668 0.8125 0.009375 0.032407407407407406
1 0.18333333333333332 0.9027777777777778 0.008333333333333333 0.012962962962962963
1 0.22838541666666667 0.8578703703703704 0.0078125 0.013888888888888888
1 0.27265625 0.9847222222222223 0.0140625 0.017592592592592594
1 0.3729166666666667 0.9009259259259259 0.0125 0.018518518518518517
1 0.33697916666666666 0.8240740740740741 0.011458333333333333 0.016666666666666666
1 0.42682291666666666 0.9361111111111111 0.0140625 0.011111111111111112
1 0.4388020833333333 0.7138888888888889 0.0109375 0.05
1 0.6700520833333333 0.5453703703703704 0.015104166666666667 0.04259259259259259
1 0.13046875 0.5018518518518519 0.0203125 0.03333333333333333
1 0.8778645833333333 0.9527777777777777 0.018229166666666668 0.025925925925925925
1 0.97265625 0.7305555555555555 0.005729166666666666 0.018518518518518517
1 0.98203125 0.7435185185185185 0.0067708333333333336 0.014814814814814815
1 0.8 0.3175925925925926 0.010416666666666666 0.020370370370370372
1 0.7359375 0.2537037037037037 0.023958333333333335 0.04259259259259259
1 0.7979166666666667 0.4388888888888889 0.007291666666666667 0.05555555555555555
1 0.8296875 0.4388888888888889 0.009375 0.04259259259259259
1 0.8458333333333333 0.44212962962962965 0.015625 0.041666666666666664
