2 0.5 0.4605282407407407 1.0 0.9210564814814814
1 0.7121468750000001 0.7897958333333334 0.05241875 0.06848055555555556
1 0.6837247395833334 0.7481152777777779 0.004949479166666667 0.04808240740740741
1 0.5529575520833333 0.31437499999999996 0.0236234375 0.034305555555555554
1 0.6358669270833333 0.2163 0.021733854166666667 0.0363037037037037
1 0.33756223958333337 0.13605 0.050124479166666666 0.08321111111111111
1 0.07547343749999999 0.6043231481481481 0.009280208333333335 0.019757407407407408
1 0.12349609375000001 0.14454768518518518 0.0157421875 0.026132407407407406
1 0.10284270833333334 0.06411574074074075 0.011935416666666667 0.022675925925925926
1 0.10778671875 0.10571203703703703 0.017656770833333335 0.022535185185185186
1 0.06924557291666668 0.050616203703703705 0.018699479166666665 0.021602777777777776
1 0.0912890625 0.31608888888888886 0.011744791666666667 0.02291851851851852
1 0.053533333333333336 0.6610050925925925 0.0049833333333333335 0.012750925925925926
1 0.08193802083333333 0.6825101851851851 0.014917708333333333 0.029835185185185187
