2 0.5002604166666667 0.45046296296296295 0.9994791666666667 0.899074074074074
1 0.778125 0.7819444444444444 0.020833333333333332 0.032407407407407406
1 0.7067708333333333 0.8629629629629629 0.0125 0.044444444444444446
1 0.7505208333333333 0.7731481481481481 0.011458333333333333 0.024074074074074074
1 0.5216145833333333 0.2875 0.033854166666666664 0.013888888888888888
1 0.72109375 0.10601851851851851 0.0078125 0.026851851851851852
1 0.8533854166666667 0.029166666666666667 0.0067708333333333336 0.030555555555555555
1 0.9932291666666667 0.3282407407407407 0.00625 0.013888888888888888
1 0.92890625 0.7546296296296297 0.0067708333333333336 0.014814814814814815
1 0.9856770833333334 0.5342592592592592 0.0109375 0.027777777777777776
1 0.17526041666666667 0.29907407407407405 0.009895833333333333 0.027777777777777776
1 0.12942708333333333 0.23287037037037037 0.0078125 0.01574074074074074
1 0.08385416666666666 0.2601851851851852 0.004166666666666667 0.007407407407407408
1 0.14765625 0.5916666666666667 0.005729166666666666 0.018518518518518517
1 0.23671875 0.6824074074074075 0.011979166666666667 0.025925925925925925
1 0.1328125 0.8 0.004166666666666667 0.016666666666666666
1 0.7627604166666667 0.8203703703703704 0.0109375 0.04814814814814815
2 0.024479166666666666 0.03611111111111111 0.04791666666666667 0.07037037037037037
1 0.013541666666666667 0.5319444444444444 0.00625 0.026851851851851852
