2 0.5 0.48032407407407407 1.0 0.9606481481481481
1 0.9808888020833333 0.6320217592592592 0.0044859374999999995 0.028858333333333337
1 0.9041325520833333 0.5026523148148149 0.011390104166666666 0.038637962962962964
1 0.8859325520833334 0.42840324074074076 0.007281770833333334 0.010510185185185187
1 0.8859127604166667 0.29456203703703704 0.017658854166666668 0.04097592592592592
1 0.94119453125 0.009582870370370372 0.008430729166666668 0.019165740740740744
1 0.9044390625 0.008553240740740741 0.0057531249999999996 0.017106481481481483
1 0.6097361979166667 0.4178236111111111 0.012180729166666666 0.0171287037037037
1 0.5720838541666667 0.39942083333333334 0.013959375 0.02476759259259259
1 0.5598088541666667 0.44522546296296295 0.009201041666666666 0.031191666666666666
1 0.5021776041666667 0.3652898148148148 0.003313541666666667 0.017616666666666666
1 0.4681122395833333 0.33540740740740743 0.011224479166666666 0.030074074074074073
1 0.2289296875 0.2941583333333333 0.005776041666666666 0.025353703703703705
1 0.20259739583333333 0.46469583333333336 0.011444791666666667 0.029391666666666667
1 0.26472864583333333 0.5607060185185185 0.008623958333333332 0.02141203703703704
1 0.39295442708333334 0.4944925925925926 0.0161171875 0.07417037037037037
1 0.01883463541666667 0.7833902777777778 0.015794270833333332 0.02048425925925926
1 0.05828489583333333 0.8654550925925926 0.009278125 0.02720648148148148
1 0.26975390625 0.9326875 0.013466145833333333 0.019078703703703705
1 0.3136348958333333 0.8280675925925925 0.019978125 0.04317222222222222
1 0.32925703125 0.8373819444444444 0.027264062500000002 0.02476388888888889
1 0.36679375000000003 0.7973847222222222 0.013795833333333334 0.013287962962962963
1 0.23138203124999998 0.7087560185185185 0.0065140625 0.023067592592592594
1 0.18789140625 0.5188685185185186 0.030991145833333334 0.05255185185185185
1 0.20712109375 0.5781287037037037 0.010075520833333332 0.01922037037037037
1 0.4617544270833333 0.8357328703703704 0.027675520833333335 0.012206481481481481
1 0.48834296875 0.897475462962963 0.027727604166666666 0.02828425925925926
1 0.6446098958333334 0.6984032407407407 0.024636458333333333 0.022732407407407406
1 0.48992890625 0.5838009259259259 0.015274479166666667 0.028712962962962964
1 0.5143145833333334 0.6340023148148148 0.0119625 0.01800462962962963
