2 0.5002604166666667 0.49953703703703706 0.9994791666666667 0.9990740740740741
1 0.9403645833333333 0.0587962962962963 0.0078125 0.021296296296296296
1 0.8109375 0.31805555555555554 0.020833333333333332 0.03981481481481482
1 0.6677083333333333 0.37592592592592594 0.01875 0.03518518518518519
1 0.6984375 0.6592592592592592 0.014583333333333334 0.025925925925925925
1 0.6859375 0.7569444444444444 0.007291666666666667 0.019444444444444445
1 0.7622395833333333 0.9564814814814815 0.028645833333333332 0.05555555555555555
1 0.9385416666666667 0.9717592592592592 0.011458333333333333 0.025
1 0.471875 0.6125 0.017708333333333333 0.04351851851851852
1 0.42682291666666666 0.5282407407407408 0.022395833333333334 0.04722222222222222
1 0.38515625 0.475 0.0171875 0.027777777777777776
1 0.07161458333333333 0.8333333333333334 0.016145833333333335 0.040740740740740744
1 0.178125 0.7620370370370371 0.009375 0.014814814814814815
1 0.19322916666666667 0.6287037037037037 0.029166666666666667 0.053703703703703705
1 0.17395833333333333 0.5425925925925926 0.014583333333333334 0.027777777777777776
1 0.2125 0.31574074074074077 0.016666666666666666 0.03888888888888889
1 0.4627604166666667 0.2912037037037037 0.0171875 0.049074074074074076
1 0.35598958333333336 0.7962962962962963 0.0046875 0.018518518518518517
1 0.434375 0.6032407407407407 0.00625 0.021296296296296296
1 0.1484375 0.950925925925926 0.029166666666666667 0.025925925925925925
1 0.109375 0.7875 0.008333333333333333 0.025
1 0.12890625 0.7736111111111111 0.0203125 0.028703703703703703
1 0.0578125 0.6259259259259259 0.007291666666666667 0.018518518518518517
1 0.12942708333333333 0.5439814814814815 0.0046875 0.010185185185185186
1 0.60625 0.4976851851851852 0.010416666666666666 0.01574074074074074
1 0.8244791666666667 0.1388888888888889 0.008333333333333333 0.027777777777777776
