2 0.49973958333333335 0.5361111111111111 0.9994791666666667 0.9259259259259259
1 0.39375 0.6666666666666666 0.017708333333333333 0.06111111111111111
1 0.36875 0.5810185185185185 0.022916666666666665 0.03611111111111111
1 0.20286458333333332 0.14814814814814814 0.009895833333333333 0.020370370370370372
1 0.040625 0.25972222222222224 0.019791666666666666 0.030555555555555555
1 0.6044270833333333 0.32083333333333336 0.0296875 0.06574074074074074
1 0.5916666666666667 0.2518518518518518 0.013541666666666667 0.027777777777777776
1 0.575 0.33101851851851855 0.007291666666666667 0.019444444444444445
1 0.8575520833333333 0.36435185185185187 0.019270833333333334 0.049074074074074076
1 0.8919270833333334 0.6569444444444444 0.0109375 0.03981481481481482
