2 0.5 0.5401240740740741 1.0 0.9191370370370371
1 0.023214322916666665 0.42853703703703705 0.008928645833333334 0.031148148148148147
1 0.004934114583333333 0.47256203703703703 0.0088265625 0.03956851851851852
1 0.3636020833333333 0.4544856481481481 0.008454166666666667 0.03119351851851852
1 0.09110338541666667 0.6418763888888889 0.007206770833333333 0.01708611111111111
1 0.18042708333333335 0.7361152777777777 0.004604166666666667 0.007415740740740741
1 0.84366015625 0.6676462962962962 0.012320312500000001 0.014922222222222222
1 0.8628622395833333 0.5716819444444445 0.014266145833333332 0.028549074074074074
1 0.8034848958333334 0.5885625 0.016344791666666667 0.04934722222222222
1 0.8519377604166666 0.6050837962962963 0.005958854166666667 0.021278703703703706
1 0.8061963541666667 0.515387037037037 0.004059375 0.014107407407407409
1 0.6437481770833333 0.6146708333333334 0.015621354166666665 0.03119351851851852
1 0.7143091145833333 0.6387861111111112 0.0088265625 0.01646111111111111
1 0.6574143229166667 0.658687962962963 0.020036979166666666 0.013672222222222223
1 0.5707028645833333 0.5107115740740741 0.010155729166666665 0.02142314814814815
1 0.5485403645833333 0.4628148148148148 0.007497395833333333 0.020074074074074074
1 0.48002838541666665 0.5815125 0.009015104166666668 0.011173148148148149
1 0.60579140625 0.4819273148148148 0.005332812500000001 0.006447222222222222
1 0.6890734374999999 0.1408935185185185 0.013563541666666668 0.018824074074074073
1 0.7022614583333334 0.8252708333333334 0.006606249999999999 0.015356481481481483
1 0.6349067708333334 0.7190564814814815 0.011480208333333334 0.019594444444444442
1 0.8818377604166667 0.6890532407407407 0.009508854166666667 0.020699074074074075
1 0.783884375 0.8848013888888889 0.010477083333333333 0.027010185185185186
1 0.34049453125 0.4130861111111111 0.0184890625 0.024320370370370367
1 0.7145942708333333 0.15029351851851852 0.009396875 0.015401851851851852
1 0.8917822916666667 0.8745124999999999 0.005439583333333334 0.011987962962962962
