2 0.5 0.5 1.0 1.0
1 0.5811684895833333 0.84845 0.02900364583333333 0.03208518518518519
1 0.5790729166666666 0.8527199074074074 0.023770833333333335 0.023958333333333335
1 0.6614026041666666 0.899024537037037 0.005096875 0.011012037037037037
1 0.66612265625 0.6869819444444445 0.006203645833333333 0.01470462962962963
1 0.6036885416666667 0.9167018518518518 0.01779375 0.0297
1 0.043461458333333335 0.07189490740740741 0.03900625 0.06786388888888889
1 0.08881171874999999 0.3258087962962963 0.011998437499999999 0.03124722222222222
1 0.12707942708333334 0.14194305555555556 0.008325520833333332 0.017219444444444447
1 0.17117994791666666 0.1457138888888889 0.03298489583333333 0.03402037037037037
1 0.83830390625 0.24885092592592595 0.0109828125 0.029183333333333335
1 0.9902 0.3743435185185185 0.008525 0.01905740740740741
1 0.9648981770833333 0.38336203703703703 0.0037546874999999998 0.007464814814814814
1 0.8986669270833333 0.1877013888888889 0.0119171875 0.032810185185185185
1 0.7405473958333334 0.3642 0.013386458333333334 0.020992592592592594
1 0.7502072916666667 0.6887773148148149 0.005622916666666667 0.014591666666666668
1 0.832065625 0.5321115740740742 0.00788125 0.016075
1 0.6854354166666667 0.8243967592592593 0.0156625 0.03953425925925926
1 0.7924265625 0.10712407407407408 0.005686458333333333 0.010544444444444445
1 0.8684721354166667 0.2722361111111111 0.004652604166666667 0.009287037037037036
