2 0.49973958333333335 0.5162037037037037 0.9994791666666667 0.9657407407407408
1 0.44088541666666664 0.8342592592592593 0.028645833333333332 0.053703703703703705
1 0.38203125 0.8430555555555556 0.034895833333333334 0.049074074074074076
1 0.49288203124999996 0.20694444444444443 0.018055729166666666 0.06388888888888888
1 0.51171875 0.20590555555555554 0.0109375 0.02847777777777778
1 0.49895833333333334 0.17037037037037037 0.014583333333333334 0.027777777777777776
1 0.4895833333333333 0.27708333333333335 0.011458333333333333 0.07083333333333333
1 0.61640625 0.43472222222222223 0.013020833333333334 0.04351851851851852
1 0.59609375 0.5828703703703704 0.0171875 0.03425925925925926
1 0.5924479166666666 0.5120370370370371 0.016145833333333335 0.040740740740740744
1 0.6130208333333333 0.5319444444444444 0.019791666666666666 0.01574074074074074
1 0.5229911458333334 0.9183861111111111 0.03348229166666667 0.03306851851851852
1 0.6166666666666667 0.9504300925925926 0.022916666666666665 0.04715648148148149
1 0.33489583333333334 0.625462962962963 0.0125 0.021296296296296296
1 0.4674479166666667 0.44722222222222224 0.013020833333333334 0.04814814814814815
1 0.6349669270833334 0.18707916666666666 0.0220171875 0.022306481481481483
1 0.22265625 0.825 0.03697916666666667 0.024074074074074074
1 0.32135416666666666 0.8407407407407408 0.027083333333333334 0.03333333333333333
1 0.22838541666666667 0.9064814814814814 0.0067708333333333336 0.024074074074074074
1 0.9119791666666667 0.4111111111111111 0.023958333333333335 0.05555555555555555
