2 0.50963828125 0.47880972222222223 0.9807348958333333 0.9576194444444445
1 0.5119596354166667 0.9532958333333335 0.0187109375 0.01770277777777778
1 0.5495557291666666 0.8212865740740741 0.009528125 0.024054629629629627
1 0.6305268229166666 0.8087462962962964 0.0120953125 0.021196296296296296
1 0.4612143229166667 0.6032361111111111 0.0047203125000000005 0.05832407407407408
1 0.30989479166666667 0.48790462962962966 0.012497916666666666 0.022105555555555555
1 0.8011265625 0.25630972222222226 0.018919791666666668 0.029286111111111113
1 0.2903 0.30226435185185185 0.01185 0.026750925925925925
1 0.39142578125 0.13498657407407408 0.043268229166666665 0.06256574074074074
1 0.7090718749999999 0.015071296296296298 0.02126875 0.030142592592592596
1 0.4405135416666666 0.6799189814814814 0.014360416666666665 0.0505787037037037
1 0.46437213541666666 0.6930541666666667 0.009994270833333334 0.019441666666666666
