2 0.5215901041666666 0.5824856481481481 0.9567218749999999 0.8353416666666666
1 0.5379059895833334 0.21675277777777777 0.014353645833333335 0.03906111111111111
1 0.49692369791666663 0.4278240740740741 0.0167640625 0.031574074074074074
1 0.48640703124999995 0.6324384259259259 0.017605729166666664 0.016728703703703704
1 0.6192606770833333 0.5449532407407407 0.0124796875 0.034350925925925924
1 0.7574677083333333 0.2619287037037037 0.014935416666666666 0.044227777777777776
1 0.7140619791666667 0.29402083333333334 0.008332291666666667 0.015819444444444445
1 0.17713307291666666 0.6638879629629629 0.004266145833333334 0.011109259259259258
1 0.4414239583333333 0.8704342592592592 0.005764583333333333 0.007535185185185185
1 0.5934661458333333 0.8833481481481481 0.010890625 0.018548148148148147
1 0.5903138020833333 0.8296685185185185 0.011877604166666667 0.02044814814814815
1 0.5739578125 0.7508842592592593 0.006248958333333333 0.01473148148148148
1 0.8236794270833333 0.9736101851851852 0.004650520833333334 0.010183333333333332
1 0.9728705729166667 0.6083879629629629 0.0071994791666666665 0.02418333333333333
1 0.5367044270833333 0.2591851851851852 0.007783854166666667 0.01651851851851852
1 0.5294309895833333 0.36302685185185185 0.008861979166666667 0.011238888888888889
1 0.5409122395833333 0.3513550925925926 0.004741145833333333 0.01937685185185185
1 0.5174567708333334 0.32308287037037037 0.004705208333333334 0.009128703703703703
1 0.6474 0.425925 0.004175 0.009257407407407407
1 0.6892901041666666 0.432024537037037 0.011913541666666666 0.012197222222222222
1 0.48722578125 0.23377175925925925 0.0036182291666666667 0.0064324074074074075
1 0.88295546875 0.31173194444444446 0.03257760416666667 0.08087129629629629
