1 0.5 0.4909805555555556 1.0 0.9819611111111112
1 0.5 0.4914555555555556 1.0 0.9829111111111112
1 0.5 0.4919398148148148 1.0 0.9838796296296296
1 0.5033643229166667 0.6698541666666666 0.9931869791666668 0.3600787037037037
1 0.5030252604166666 0.6697361111111112 0.9935505208333333 0.3561388888888889
1 0.03652838541666667 0.6198643518518518 0.023056770833333334 0.06195092592592592
1 0.3840145833333333 0.402025462962963 0.0326125 0.054050925925925926
1 0.9589541666666667 0.009659722222222222 0.017908333333333335 0.019319444444444445
1 0.7051216145833333 0.062073611111111114 0.0217015625 0.03896203703703704
1 0.77959921875 0.043599537037037034 0.008156770833333334 0.013125000000000001
1 0.7783036458333333 0.02624212962962963 0.005565625 0.006187962962962963
1 0.8435005208333333 0.09341481481481483 0.022417708333333335 0.04794074074074074
1 0.8851552083333334 0.1944 0.020310416666666668 0.06287407407407407
1 0.08152291666666667 0.14175000000000001 0.0047125 0.011277777777777777
1 0.12006484375 0.10231805555555555 0.0088796875 0.015747222222222225
1 0.11592656250000001 0.16735740740740743 0.011019791666666667 0.025455555555555558
1 0.2089390625 0.5582925925925926 0.019961458333333335 0.03325185185185185
1 0.3025002604166667 0.035397685185185185 0.006042187500000001 0.011536111111111112
1 0.2977205729166667 0.10743888888888888 0.006899479166666667 0.0371
1 0.3648528645833334 0.0769462962962963 0.011997395833333334 0.02055925925925926
1 0.380021875 0.12152453703703703 0.018377083333333332 0.017123148148148148
1 0.50955859375 0.4340587962962963 0.007658854166666667 0.023673148148148148
1 0.6025606770833334 0.48689907407407407 0.010329687499999999 0.025650000000000003
1 0.7212986979166666 0.5144004629629629 0.0155140625 0.03991203703703704
1 0.58176953125 0.4993421296296296 0.011455729166666668 0.01905462962962963
1 0.5919864583333333 0.6979083333333334 0.01105625 0.010631481481481481
1 0.6852841145833334 0.7443439814814814 0.010151562499999999 0.029428703703703703
1 0.7826807291666668 0.7398356481481482 0.002861458333333333 0.005597222222222222
1 0.7866018229166667 0.739075925925926 0.004453645833333334 0.005929629629629629
1 0.6869429687499999 0.7897439814814815 0.010344270833333334 0.03133981481481481
1 0.2332890625 0.9462226851851852 0.004078125 0.0072601851851851855
1 0.23771588541666666 0.9406916666666667 0.006681770833333334 0.011012962962962962
1 0.06863984375 0.6925699074074074 0.011238020833333334 0.018473148148148148
1 0.16109505208333333 0.7542541666666667 0.009690104166666666 0.01591574074074074
1 0.03751484375 0.734212037037037 0.007321354166666667 0.03879444444444445
1 0.82753671875 0.06225694444444444 0.006115104166666666 0.013402777777777777
1 0.8675770833333334 0.04976064814814815 0.009112499999999999 0.029150925925925927
1 0.09575078125 0.1993259259259259 0.012334895833333333 0.024577777777777778
1 0.17432526041666666 0.06867314814814815 0.011150520833333333 0.024383333333333333
1 0.41563932291666666 0.33175185185185185 0.03752864583333334 0.03572592592592593
1 0.18812630208333334 0.19279398148148147 0.007502604166666666 0.020773148148148148
1 0.22190494791666668 0.2837148148148148 0.005268229166666667 0.013725925925925926
1 0.24052526041666666 0.16902453703703704 0.0070921875 0.017678703703703703
1 0.23425677083333335 0.19449768518518518 0.002888541666666667 0.00936574074074074
1 0.39054088541666665 0.19419305555555555 0.009206770833333332 0.012460185185185185
1 0.2981528645833333 0.565637962962963 0.0108890625 0.03127592592592592
1 0.85438125 0.23542546296296296 0.007720833333333333 0.015295370370370369
1 0.17900859375 0.7260226851851852 0.010100520833333333 0.018712037037037037
1 0.14509140625 0.4122361111111111 0.004766145833333333 0.004101851851851851
1 0.1474453125 0.4086351851851852 0.0042656249999999995 0.008011111111111111
1 0.26058567708333336 0.8837791666666667 0.0107546875 0.013854629629629628
1 0.45369270833333336 0.9111185185185185 0.0063437499999999996 0.020385185185185183
