2 0.5 0.4494958333333333 1.0 0.8989916666666666
1 0.6397544270833334 0.5805694444444445 0.0128421875 0.022250000000000002
1 0.6027554687500001 0.6458736111111111 0.016969270833333334 0.04545092592592593
1 0.6335565104166666 0.4449842592592592 0.0306546875 0.039968518518518514
1 0.625728125 0.4778111111111111 0.02020625 0.027844444444444442
1 0.9461890625 0.5644277777777778 0.018419791666666668 0.05107777777777778
1 0.9436554687500001 0.6225976851851851 0.008144270833333333 0.021121296296296298
1 0.9307763020833334 0.505337962962963 0.010510937500000001 0.02549074074074074
1 0.8565083333333334 0.4542949074074074 0.0151 0.030812037037037037
1 0.8489575520833333 0.5175685185185186 0.013540104166666667 0.03884074074074074
1 0.7013015625 0.5287060185185186 0.01718645833333333 0.042597222222222224
1 0.70558671875 0.7560106481481481 0.0111734375 0.019428703703703705
1 0.6606856770833333 0.7644912037037037 0.009913020833333334 0.03638981481481482
1 0.720046875 0.775411111111111 0.009885416666666667 0.013785185185185185
1 0.6375322916666666 0.3838884259259259 0.030272916666666667 0.05111018518518518
1 0.56855625 0.30538425925925927 0.023570833333333333 0.04780555555555556
1 0.20731953125 0.7002444444444444 0.015680729166666667 0.030118518518518517
1 0.41934140625 0.13078518518518517 0.0261828125 0.08379259259259259
1 0.45287942708333334 0.202325 0.013050520833333332 0.023168518518518515
1 0.10971093750000001 0.4797324074074074 0.015255208333333332 0.07427962962962963
1 0.4154390625 0.537187962962963 0.014211458333333335 0.022524074074074075
