2 0.5 0.5395782407407408 1.0 0.9217490740740741
1 0.9294479166666666 0.7467384259259259 0.024520833333333332 0.06384722222222222
1 0.7689591145833333 0.2773115740740741 0.016043229166666666 0.04536388888888889
1 0.7226372395833334 0.30269537037037036 0.011941145833333333 0.022057407407407408
1 0.7330354166666667 0.6342731481481482 0.015029166666666668 0.02965740740740741
1 0.7013651041666668 0.694036574074074 0.006896875 0.01770277777777778
1 0.7505557291666667 0.8255972222222222 0.019861458333333335 0.04008333333333333
1 0.71974453125 0.8785375000000001 0.022822395833333335 0.02929722222222222
1 0.7014747395833333 0.9358884259259259 0.017532812499999998 0.031036111111111108
1 0.46570989583333333 0.8749407407407408 0.019961458333333335 0.033214814814814815
1 0.10566354166666667 0.6282453703703703 0.00924375 0.043527777777777776
1 0.33335911458333334 0.1217888888888889 0.02088489583333333 0.032466666666666665
1 0.2078119791666667 0.2231388888888889 0.006248958333333333 0.012944444444444444
1 0.20735494791666667 0.16388703703703703 0.0063765625 0.022218518518518516
1 0.7279458333333333 0.19420324074074075 0.0236 0.09211018518518518
1 0.055463541666666664 0.35601666666666665 0.008843750000000001 0.024996296296296294
1 0.11439505208333332 0.8407717592592593 0.006915104166666667 0.018580555555555555
1 0.48647890625 0.8325717592592593 0.0292078125 0.06884722222222223
1 0.4670369791666667 0.9560680555555555 0.01844895833333333 0.02324722222222222
1 0.49267786458333335 0.9681699074074074 0.012439062499999999 0.03448796296296296
1 0.4607893229166667 0.9914138888888889 0.026786979166666666 0.016161111111111112
