2 0.4923783854166667 0.4801657407407407 0.9847567708333334 0.9603314814814814
1 0.2453971354166667 0.6860884259259259 0.015794270833333332 0.033287962962962964
1 0.22551770833333334 0.6858060185185185 0.026035416666666665 0.05309351851851852
1 0.29316328125 0.6213101851851852 0.019659895833333333 0.044472222222222225
1 0.6491890625 0.7928259259259259 0.006711458333333333 0.04861481481481481
1 0.46596484375 0.7905819444444444 0.029846354166666665 0.08116388888888888
1 0.4174114583333333 0.6471037037037036 0.01503125 0.031244444444444443
1 0.3381265625 0.8902898148148148 0.006461458333333334 0.017616666666666666
1 0.6345591145833333 0.5286398148148148 0.0118265625 0.022094444444444444
1 0.8046526041666666 0.39218703703703706 0.009305208333333334 0.025114814814814812
1 0.7621252604166667 0.49655138888888883 0.007583854166666667 0.01717685185185185
1 0.7990630208333334 0.7793773148148148 0.006459375 0.014310185185185184
1 0.6840955729166667 0.899624537037037 0.0077744791666666665 0.01406388888888889
1 0.2545791666666667 0.3413805555555555 0.018533333333333336 0.025353703703703705
1 0.6352859375000001 0.6684652777777778 0.029946874999999998 0.012856481481481481
1 0.7090802083333333 0.16399398148148148 0.011910416666666666 0.020580555555555557
1 0.80755859375 0.4468662037037037 0.0119921875 0.017806481481481482
1 0.6438234375 0.4054944444444445 0.010563541666666667 0.05358148148148149
1 0.2469231770833333 0.20656805555555557 0.009471354166666666 0.014987962962962963
1 0.089678125 0.7506689814814814 0.021022916666666665 0.023560185185185184
1 0.049200781250000006 0.6108935185185185 0.0077765625 0.031046296296296298
1 0.12717421874999998 0.45748379629629626 0.008515104166666667 0.029782407407407407
1 0.026765104166666668 0.6790601851851852 0.004571875 0.013675925925925925
1 0.052915104166666664 0.16419166666666665 0.005830208333333334 0.020975925925925926
