2 0.5 0.5141277777777779 1.0 0.9708481481481482
1 0.7134057291666667 0.6600259259259259 0.015353125 0.04412592592592592
1 0.6867023437499999 0.6526611111111111 0.03798802083333333 0.09606296296296296
1 0.8673119791666667 0.4468486111111111 0.012748958333333334 0.03628981481481481
1 0.7381460937500001 0.2314138888888889 0.0200421875 0.0387537037037037
1 0.16909479166666666 0.6094921296296296 0.021522916666666666 0.061576851851851855
1 0.24706796875 0.7999861111111112 0.0128859375 0.02775
1 0.1938408854166667 0.6822138888888889 0.017890104166666664 0.014427777777777779
1 0.26028333333333337 0.33936064814814815 0.012233333333333334 0.02316574074074074
1 0.31062994791666665 0.49916805555555555 0.008759895833333333 0.02055833333333333
1 0.30939374999999997 0.40806296296296296 0.0125375 0.055014814814814815
1 0.24990729166666667 0.4969490740740741 0.015439583333333333 0.043898148148148144
1 0.20870989583333335 0.41691805555555556 0.018461458333333333 0.04309537037037037
1 0.33324973958333337 0.39570277777777774 0.014416145833333333 0.02659074074074074
1 0.39761901041666664 0.38095092592592594 0.006696354166666666 0.013753703703703704
1 0.17047421875 0.4819069444444445 0.011781770833333333 0.019369444444444446
1 0.21994583333333334 0.7778569444444444 0.0076 0.020528703703703702
1 0.19146692708333332 0.32907222222222227 0.0100171875 0.019255555555555554
1 0.17728802083333334 0.6725888888888889 0.008742708333333333 0.021103703703703704
1 0.36118958333333334 0.7341407407407406 0.0057125 0.02568888888888889
1 0.21250833333333335 0.9491833333333333 0.01980833333333333 0.026144444444444446
1 0.15160963541666667 0.7415537037037038 0.005302604166666666 0.04792222222222222
1 0.04889739583333333 0.5662185185185185 0.012378124999999999 0.02502962962962963
1 0.2727682291666667 0.2690800925925926 0.0069947916666666665 0.01964166666666667
1 0.4922372395833333 0.19408888888888887 0.010516145833333332 0.03262222222222222
1 0.5863109375000001 0.3253875 0.017413541666666664 0.043367592592592596
1 0.7965302083333333 0.12825694444444447 0.009727083333333332 0.023180555555555555
1 0.7721861979166668 0.8984726851851852 0.006872395833333334 0.04138981481481482
1 0.8984786458333333 0.6297328703703704 0.007373958333333333 0.018725
1 0.8117109374999999 0.48023935185185185 0.009880208333333333 0.021589814814814815
1 0.5926020833333333 0.5463694444444444 0.013329166666666666 0.027924074074074077
1 0.78466328125 0.2117652777777778 0.005784895833333333 0.04204907407407407
1 0.85832734375 0.1081425925925926 0.0135296875 0.04035925925925926
1 0.82726171875 0.3736601851851852 0.0232734375 0.019542592592592594
1 0.14695234375000002 0.35690694444444443 0.007446354166666667 0.019369444444444446
1 0.23979401041666665 0.5938671296296296 0.006671354166666667 0.024771296296296295
