2 0.5080380208333334 0.5197333333333334 0.983784375 0.959837037037037
1 0.361340625 0.3461587962962963 0.027889583333333336 0.046021296296296296
1 0.2696161458333333 0.20200555555555555 0.009023958333333333 0.026233333333333334
1 0.73853046875 0.7837763888888889 0.007269270833333333 0.011997222222222223
1 0.7573802083333334 0.7574194444444444 0.00746875 0.012987037037037037
1 0.806225 0.7797282407407408 0.011408333333333333 0.04834537037037037
1 0.8063283854166666 0.7651583333333333 0.011615104166666666 0.021057407407407407
1 0.8347421875 0.8611078703703703 0.008026041666666667 0.01110462962962963
1 0.4898138020833333 0.06792037037037037 0.008794270833333334 0.019174074074074073
1 0.4151283854166667 0.06922916666666666 0.010465104166666666 0.01623611111111111
1 0.2904450520833333 0.19041805555555555 0.0048484374999999994 0.01787314814814815
1 0.5393026041666666 0.25203842592592596 0.018188541666666665 0.05778055555555556
1 0.5375078125 0.16840092592592593 0.004182291666666667 0.01457962962962963
1 0.5165632812500001 0.24972685185185184 0.011251562500000001 0.014268518518518519
1 0.34382135416666665 0.2828671296296297 0.004309375 0.010178703703703704
1 0.3361888020833333 0.2974375 0.01925260416666667 0.035615740740740746
1 0.48433020833333335 0.9427842592592592 0.028035416666666667 0.04112407407407408
1 0.6346684895833333 0.8726638888888889 0.011003645833333332 0.01755
1 0.6080625000000001 0.803238888888889 0.004666666666666667 0.0064777777777777785
1 0.6156059895833333 0.8023462962962963 0.0030869791666666663 0.002840740740740741
1 0.6132533854166666 0.8171430555555556 0.0015067708333333333 0.008360185185185186
1 0.5825869791666667 0.7921754629629629 0.004757291666666667 0.008425
1 0.5829890624999999 0.7407046296296297 0.0066031250000000005 0.01289074074074074
1 0.5482882812500001 0.6834342592592593 0.022618229166666667 0.02057222222222222
1 0.5506294270833333 0.6092851851851852 0.0314671875 0.020422222222222224
1 0.476728125 0.49004768518518516 0.012831249999999999 0.031947222222222224
1 0.3378981770833333 0.5312365740740741 0.014338020833333333 0.027287962962962962
1 0.3156666666666667 0.5977273148148148 0.012583333333333334 0.021380555555555555
1 0.20173723958333334 0.7612648148148149 0.012849479166666667 0.026233333333333334
1 0.4541427083333333 0.617163425925926 0.018702083333333334 0.013956481481481481
1 0.48181432291666665 0.5403222222222223 0.006336979166666667 0.013977777777777778
1 0.6453640625 0.7599203703703704 0.009478125 0.019840740740740742
1 0.32768463541666665 0.5227958333333333 0.004327604166666666 0.00855462962962963
1 0.3744705729166667 0.9197240740740741 0.01769114583333333 0.037596296296296294
1 0.4122361979166667 0.9876087962962964 0.010930729166666665 0.01410648148148148
1 0.5577002604166666 0.9469472222222222 0.0101921875 0.01982037037037037
1 0.5681302083333333 0.8704101851851852 0.007093749999999999 0.027857407407407407
1 0.7173455729166667 0.8667277777777778 0.0076078125 0.011233333333333333
1 0.9362585937500001 0.9115509259259259 0.0100171875 0.023101851851851853
1 0.98008046875 0.9875962962962963 0.012244270833333333 0.025192592592592593
1 0.8505213541666666 0.9987990740740741 0.006251041666666667 0.0031537037037037037
1 0.7511033854166667 0.8430194444444444 0.0063734375 0.011964814814814815
1 0.6646544270833333 0.7065592592592592 0.005350520833333333 0.009414814814814813
1 0.8000309895833334 0.6089930555555555 0.0177703125 0.02539351851851852
1 0.788315625 0.902775 0.006839583333333333 0.009253703703703703
1 0.6884382812500001 0.9959550925925925 0.011251562500000001 0.008576851851851851
1 0.5663236979166667 0.9184 0.012855729166666666 0.018281481481481482
1 0.5851986979166667 0.8992749999999999 0.009980729166666667 0.011512962962962963
1 0.5200299479166667 0.5244268518518518 0.0129765625 0.009964814814814815
1 0.5899145833333334 0.5648106481481482 0.005870833333333334 0.01295462962962963
1 0.6202190104166667 0.7506694444444444 0.008146354166666666 0.01245
1 0.9088799479166667 0.8753319444444445 0.0052598958333333334 0.006219444444444444
1 0.2726002604166667 0.9301069444444444 0.004575520833333333 0.006510185185185185
1 0.3628869791666667 0.9763675925925926 0.0028572916666666664 0.01755
1 0.2916065104166667 0.9818180555555555 0.0186296875 0.009932407407407407
1 0.45993098958333334 0.9613402777777778 0.019861979166666665 0.07082870370370371
1 0.28382838541666666 0.3588824074074074 0.027031770833333336 0.056653703703703706
