2 0.49973958333333335 0.5296296296296297 0.9994791666666667 0.9388888888888889
1 0.178125 0.1412037037037037 0.016666666666666666 0.03796296296296296
1 0.24583333333333332 0.17453703703703705 0.019791666666666666 0.03611111111111111
1 0.090625 0.48564814814814816 0.029166666666666667 0.05092592592592592
1 0.11119791666666666 0.5856481481481481 0.019270833333333334 0.030555555555555555
1 0.065625 0.7416666666666667 0.01875 0.046296296296296294
1 0.13151041666666666 0.6768518518518518 0.013020833333333334 0.016666666666666666
1 0.17291666666666666 0.8981481481481481 0.009375 0.016666666666666666
1 0.14973958333333334 0.8763888888888889 0.015104166666666667 0.008333333333333333
1 0.22005208333333334 0.9037037037037037 0.0067708333333333336 0.011111111111111112
1 0.28203125 0.7513888888888889 0.03802083333333333 0.11018518518518519
1 0.23723958333333334 0.6462962962962963 0.011979166666666667 0.020370370370370372
1 0.296875 0.5708333333333333 0.0125 0.026851851851851852
1 0.3333333333333333 0.13148148148148148 0.007291666666666667 0.011111111111111112
1 0.37265625 0.10833333333333334 0.008854166666666666 0.016666666666666666
1 0.390625 0.1361111111111111 0.015625 0.025925925925925925
1 0.38776041666666666 0.10231481481481482 0.008854166666666666 0.017592592592592594
1 0.4010416666666667 0.12407407407407407 0.009375 0.016666666666666666
1 0.3932291666666667 0.3476851851851852 0.014583333333333334 0.032407407407407406
1 0.3885416666666667 0.5259259259259259 0.019791666666666666 0.06111111111111111
1 0.3966145833333333 0.5925925925925926 0.0234375 0.027777777777777776
1 0.39401041666666664 0.6504629629629629 0.0109375 0.021296296296296296
1 0.42630208333333336 0.7518518518518519 0.03802083333333333 0.03888888888888889
1 0.478125 0.7916666666666666 0.015625 0.018518518518518517
1 0.57578125 0.0912037037037037 0.016145833333333335 0.028703703703703703
1 0.5895833333333333 0.11064814814814815 0.007291666666666667 0.012037037037037037
1 0.5971354166666667 0.09259259259259259 0.013020833333333334 0.012962962962962963
1 0.5552083333333333 0.22546296296296298 0.016666666666666666 0.019444444444444445
1 0.665625 0.20787037037037037 0.015625 0.030555555555555555
1 0.6515625 0.38101851851851853 0.020833333333333332 0.03611111111111111
1 0.6669270833333333 0.3236111111111111 0.005729166666666666 0.030555555555555555
1 0.5763020833333333 0.4166666666666667 0.011979166666666667 0.025925925925925925
1 0.60703125 0.5231481481481481 0.0109375 0.04259259259259259
1 0.6786458333333333 0.7226851851851852 0.009375 0.01574074074074074
1 0.7135416666666666 0.8569444444444444 0.016666666666666666 0.026851851851851852
1 0.75234375 0.7652777777777777 0.0109375 0.026851851851851852
1 0.7307291666666667 0.5898148148148148 0.005208333333333333 0.009259259259259259
1 0.7393229166666667 0.5935185185185186 0.008854166666666666 0.014814814814814815
1 0.6169270833333333 0.5944444444444444 0.011979166666666667 0.022222222222222223
1 0.8861979166666667 0.7268518518518519 0.022395833333333334 0.025925925925925925
1 0.9 0.9087962962962963 0.008333333333333333 0.019444444444444445
1 0.95625 0.9703703703703703 0.021875 0.037037037037037035
1 0.7596354166666667 0.9148148148148149 0.008854166666666666 0.012962962962962963
1 0.8354166666666667 0.875 0.008333333333333333 0.018518518518518517
