1 0.5 0.5045921296296296 1.0 0.9906657407407409
2 0.5 0.5040870370370371 1.0 0.9915074074074074
1 0.014294531249999999 0.725887037037037 0.004630729166666667 0.02029259259259259
1 0.0020713541666666667 0.7829041666666667 0.004142708333333333 0.019512037037037036
1 0.18649635416666666 0.7398939814814816 0.012576041666666668 0.04645462962962963
1 0.2488546875 0.5572935185185185 0.013334375 0.029401851851851853
1 0.15997057291666666 0.41106157407407407 0.013691145833333333 0.02582685185185185
1 0.32225390625 0.7272097222222221 0.0163828125 0.024789814814814813
1 0.35128046874999996 0.7908666666666666 0.012977604166666667 0.028029629629629627
1 0.27179895833333334 0.8123032407407408 0.0040145833333333335 0.009791666666666666
1 0.2598916666666667 0.871836574074074 0.0072833333333333335 0.014043518518518518
1 0.22094479166666667 0.8337736111111111 0.006472916666666667 0.011991666666666668
1 0.4515109375 0.8414893518518518 0.008230208333333332 0.02001574074074074
1 0.34463177083333335 0.9385472222222222 0.012180208333333333 0.01227962962962963
1 0.11398776041666667 0.0903574074074074 0.018600520833333335 0.04923333333333333
1 0.18325833333333333 0.30818749999999995 0.015475 0.04600462962962963
1 0.23524895833333334 0.42084027777777777 0.005914583333333333 0.017606481481481483
1 0.15696692708333335 0.3376722222222222 0.0097671875 0.006825925925925925
1 0.39821927083333336 0.20796481481481482 0.006855208333333334 0.014077777777777778
1 0.456640625 0.21621944444444444 0.015364583333333333 0.02503148148148148
1 0.49292552083333335 0.32294814814814815 0.005642708333333333 0.01071111111111111
1 0.9024468750000001 0.3483935185185185 0.009060416666666666 0.03197222222222222
1 0.86881796875 0.6235074074074074 0.005344270833333333 0.01182962962962963
1 0.62393125 0.6874402777777778 0.012445833333333333 0.03413981481481482
1 0.9145557291666666 0.9010148148148148 0.009319791666666665 0.026103703703703705
1 0.9574367187499999 0.9313185185185184 0.007581770833333334 0.012637037037037037
1 0.6280903645833333 0.5100291666666666 0.006180729166666667 0.008947222222222223
