2 0.5 0.4633203703703704 1.0 0.9266407407407408
1 0.49159401041666667 0.2927666666666667 0.021729687499999997 0.04664444444444444
1 0.5951893229166667 0.28485416666666663 0.026836979166666667 0.0437824074074074
1 0.70321640625 0.4870569444444444 0.028307812499999998 0.040780555555555556
1 0.14675364583333333 0.25098333333333334 0.010173958333333333 0.024188888888888888
1 0.49689791666666666 0.0963050925925926 0.014629166666666667 0.024091666666666664
1 0.7336796875 0.005416666666666666 0.017359375 0.010833333333333332
1 0.7639356770833333 0.7619337962962963 0.009121354166666668 0.02016388888888889
1 0.12747760416666667 0.7124939814814815 0.008080208333333333 0.019432407407407405
1 0.767759375 0.5841472222222223 0.030310416666666666 0.034961111111111116
1 0.8592031250000001 0.3930513888888889 0.007989583333333333 0.013880555555555556
