2 0.5 0.46949120370370373 1.0 0.9389824074074075
1 0.7863049479166667 0.2924717592592593 0.012193229166666668 0.046054629629629626
1 0.7179833333333333 0.24656805555555555 0.019299999999999998 0.05054351851851852
1 0.4468473958333333 0.04767962962962963 0.027028125 0.04165555555555556
1 0.5249421875 0.5672981481481482 0.01759270833333333 0.04755925925925926
1 0.5334494791666666 0.7946435185185186 0.013773958333333334 0.02262037037037037
1 0.7136726562500001 0.35515231481481485 0.007553645833333333 0.030674999999999997
1 0.5003578125 0.2879773148148148 0.024673958333333336 0.03336203703703704
1 0.52559609375 0.3235138888888889 0.008483854166666667 0.026657407407407407
1 0.8540635416666666 0.657525925925926 0.014377083333333334 0.03542222222222222
1 0.04701041666666667 0.5334699074074074 0.015895833333333335 0.03175462962962963
1 0.7898807291666666 0.481200462962963 0.009969791666666667 0.017956481481481483
