2 0.48912942708333335 0.4790162037037037 0.9782588541666667 0.9580324074074074
2 0.395309375 0.022152314814814812 0.04061875 0.03689722222222222
1 0.5368979166666666 0.32130694444444446 0.03525416666666667 0.07039166666666666
1 0.31517526041666666 0.3236 0.020975520833333334 0.04164444444444444
1 0.20711588541666667 0.8241601851851852 0.021523437500000003 0.03535740740740741
1 0.32941171875 0.8042944444444444 0.0213234375 0.021551851851851853
1 0.6184106770833334 0.5061361111111111 0.0201546875 0.04560555555555555
1 0.4117877604166667 0.46070092592592593 0.007950520833333334 0.051031481481481476
1 0.2322135416666667 0.2713347222222222 0.011302083333333332 0.024150925925925923
1 0.5707908854166667 0.9136101851851851 0.019706770833333335 0.021664814814814814
