2 0.48961744791666667 0.4793134259259259 0.9792348958333333 0.9586268518518518
1 0.73989609375 0.7936759259259258 0.006875520833333333 0.013277777777777777
1 0.7506216145833334 0.6310912037037036 0.01686822916666667 0.02699722222222222
1 0.7566346354166666 0.2218837962962963 0.010144270833333333 0.015989814814814814
1 0.6728307291666666 0.04001944444444445 0.013369791666666667 0.01892777777777778
1 0.6677330729166666 0.07067916666666667 0.0083828125 0.028395370370370373
1 0.60379140625 0.08638425925925926 0.019041145833333332 0.05795370370370371
1 0.67872109375 0.2166912037037037 0.0105671875 0.025975
1 0.68413125 0.3236087962962963 0.004720833333333333 0.008328703703703703
1 0.6528268229166667 0.36843564814814816 0.004611979166666667 0.007241666666666666
1 0.5751932291666667 0.07857777777777779 0.011844791666666667 0.04234074074074074
1 0.4785786458333333 0.05962777777777777 0.022782291666666666 0.04518148148148148
1 0.43715546875 0.028349074074074075 0.007644270833333333 0.01595740740740741
1 0.47774218749999997 0.12211851851851853 0.013817708333333335 0.022014814814814813
1 0.40570677083333334 0.10593009259259259 0.013496875 0.02482314814814815
1 0.39092604166666667 0.10227546296296296 0.016227083333333333 0.023069444444444445
1 0.3717020833333333 0.1013875 0.0298625 0.02314537037037037
1 0.5409205729166667 0.1939800925925926 0.003716145833333333 0.004626851851851852
1 0.5119643229166667 0.20292870370370372 0.0187203125 0.03548703703703704
1 0.3393669270833334 0.023721759259259262 0.004775520833333334 0.00855462962962963
1 0.5093354166666667 0.3492467592592593 0.0103375 0.017012037037037037
1 0.5208380208333333 0.41193425925925925 0.014592708333333334 0.01831296296296296
1 0.4041236979166667 0.3050703703703704 0.0217890625 0.0194
1 0.4497177083333333 0.3129912037037037 0.011935416666666667 0.013019444444444445
1 0.42483645833333333 0.3383865740740741 0.010089583333333334 0.023069444444444445
1 0.47846380208333333 0.3290462962962963 0.011094270833333333 0.022907407407407408
1 0.4759919270833333 0.46367175925925924 0.024900520833333332 0.04215833333333333
1 0.5574611979166666 0.6307421296296296 0.010755729166666667 0.02444722222222222
1 0.7133013020833334 0.5249842592592592 0.004727604166666666 0.05182037037037037
1 0.6033213541666667 0.5969731481481482 0.011851041666666668 0.021724074074074073
1 0.5979682291666666 0.6040319444444445 0.009478125 0.017323148148148147
1 0.601175 0.6493847222222222 0.0211 0.07469537037037037
1 0.5623390625 0.8091462962962963 0.031969791666666664 0.05162592592592593
1 0.5803013020833333 0.9292189814814815 0.0126859375 0.039919444444444445
1 0.5784757812500001 0.8799217592592593 0.0100765625 0.048732407407407405
1 0.5317130208333334 0.8645282407407407 0.021759375 0.03831574074074074
1 0.5107364583333334 0.7218546296296295 0.03293125 0.058524074074074076
1 0.5015138020833334 0.7574018518518518 0.010319270833333333 0.018507407407407406
1 0.5453783854166667 0.8851763888888888 0.011590104166666667 0.029612037037037037
1 0.4460002604166667 0.6453814814814814 0.0086671875 0.01668888888888889
1 0.4486966145833333 0.6916129629629629 0.004684895833333333 0.01655925925925926
1 0.420753125 0.5317875000000001 0.01650625 0.056167592592592595
1 0.39400859374999997 0.8107425925925925 0.005725520833333333 0.008522222222222223
1 0.36304973958333336 0.8276226851851851 0.013599479166666668 0.031171296296296294
1 0.2873744791666667 0.9188263888888889 0.023707291666666668 0.03209722222222222
1 0.2724036458333333 0.8411833333333333 0.004182291666666667 0.013848148148148148
1 0.228515625 0.7962023148148148 0.020572916666666666 0.042404629629629625
1 0.3311296875 0.6370958333333333 0.007051041666666666 0.01863611111111111
1 0.28145078125 0.5728560185185185 0.017068229166666667 0.023489814814814814
1 0.25180234375 0.6299861111111111 0.010896354166666667 0.0840462962962963
1 0.37629114583333334 0.48374490740740733 0.005707291666666667 0.010082407407407406
1 0.35058255208333333 0.5029314814814815 0.0063734375 0.026233333333333334
1 0.3395002604166667 0.4708462962962963 0.004000520833333333 0.010211111111111112
1 0.3330614583333333 0.21153472222222222 0.007789583333333333 0.023069444444444445
1 0.2851799479166666 0.10984537037037037 0.0120265625 0.019690740740740738
1 0.2929479166666667 0.1536824074074074 0.008812500000000001 0.016624074074074076
1 0.2605705729166667 0.21272175925925926 0.0128078125 0.04951759259259259
1 0.18646458333333332 0.3344564814814815 0.0093875 0.022616666666666667
1 0.14635546875 0.4142125 0.006252604166666667 0.0321287037037037
1 0.08385234375 0.7077939814814815 0.016663020833333334 0.03781018518518518
1 0.04064635416666666 0.6484546296296296 0.011501041666666666 0.08950185185185186
1 0.045228124999999994 0.7148365740740741 0.008164583333333333 0.0352287037037037
1 0.00911484375 0.7064384259259259 0.009896354166666668 0.035099074074074074
1 0.04885 0.5683662037037037 0.008116666666666666 0.021917592592592593
1 0.09431510416666668 0.5678018518518518 0.014671875000000001 0.037455555555555554
1 0.22423333333333334 0.3673990740740741 0.012008333333333334 0.01813148148148148
1 0.04493958333333334 0.3845263888888889 0.010712500000000002 0.024608333333333336
1 0.0601 0.3450175925925926 0.005616666666666667 0.010405555555555555
1 0.0338640625 0.23111944444444446 0.027103125 0.04001666666666667
1 0.017736979166666667 0.23091712962962962 0.014640624999999999 0.03405648148148148
1 0.06175338541666667 0.17683009259259258 0.0057984375 0.018475
1 0.061390364583333336 0.05256574074074074 0.014447395833333333 0.025501851851851852
1 0.0401015625 0.03259907407407407 0.008328125 0.0077907407407407404
1 0.17517526041666667 0.06227592592592592 0.010767187499999999 0.011588888888888888
1 0.30989453125 0.6699217592592592 0.0041640625 0.006510185185185185
1 0.30048255208333335 0.7519935185185186 0.0061734375 0.013246296296296296
1 0.2583315104166667 0.2517666666666667 0.0062463541666666665 0.014644444444444444
1 0.6068513020833334 0.16236805555555556 0.004327604166666666 0.008069444444444445
1 0.5727096354166666 0.21064629629629628 0.0037526041666666667 0.0064777777777777785
1 0.5338432291666667 0.13182824074074076 0.006228125 0.00995277777777778
1 0.39326354166666666 0.19872175925925925 0.00631875 0.00855462962962963
1 0.38049401041666664 0.3783513888888889 0.0068213541666666665 0.00855462962962963
1 0.3470328125 0.4157032407407407 0.008648958333333335 0.016591666666666668
1 0.4593552083333333 0.40003055555555556 0.00516875 0.0056166666666666665
1 0.5568236979166666 0.5792773148148148 0.005314062499999999 0.00855462962962963
