2 0.5 0.5 1.0 1.0
1 0.205653125 0.14057546296296297 0.015472916666666666 0.021891666666666667
1 0.15812421875 0.5884435185185185 0.011040104166666667 0.021331481481481483
1 0.24240572916666667 0.7443000000000001 0.019186458333333333 0.04415555555555556
1 0.4946643229166667 0.5862078703703704 0.013286979166666666 0.04648981481481482
1 0.47202161458333336 0.810948611111111 0.018001562500000002 0.04782314814814815
1 0.6277200520833334 0.6997 0.01794010416666667 0.04014074074074074
1 0.60204765625 0.5407796296296297 0.023886979166666666 0.02415185185185185
1 0.5054997395833333 0.3921953703703704 0.023499479166666667 0.038094444444444445
1 0.44159479166666665 0.2557481481481481 0.026939583333333333 0.04482962962962963
1 0.34125703124999995 0.31288472222222224 0.0137640625 0.027621296296296297
1 0.19970572916666668 0.2790990740740741 0.007744791666666666 0.013753703703703704
1 0.11303255208333333 0.736574074074074 0.012523437500000002 0.025
1 0.28022994791666667 0.9384921296296297 0.0271265625 0.02883611111111111
1 0.65117890625 0.6938449074074073 0.015899479166666668 0.02472685185185185
1 0.63076953125 0.6366472222222221 0.008414062500000001 0.023294444444444444
1 0.94289609375 0.532237962962963 0.022250520833333332 0.032994444444444444
1 0.862084375 0.834975 0.007502083333333334 0.016246296296296297
1 0.8384572916666666 0.9207388888888889 0.007122916666666667 0.019255555555555554
1 0.31877083333333334 0.7498740740740741 0.0115 0.025674074074074075
1 0.24372395833333332 0.8291212962962963 0.009322916666666665 0.03416851851851852
1 0.09781380208333333 0.7963828703703704 0.006044270833333334 0.02054351851851852
1 0.44927083333333334 0.5831726851851852 0.018333333333333333 0.031160185185185183
1 0.3283018229166667 0.45472685185185185 0.017020312500000002 0.03167592592592593
1 0.3498421875 0.5183564814814815 0.024684374999999998 0.018194444444444444
1 0.37602890625 0.5466287037037038 0.016641145833333332 0.02659074074074074
1 0.49434062500000003 0.10954398148148149 0.014722916666666667 0.009828703703703704
1 0.51850703125 0.09341018518518518 0.0213890625 0.04237592592592592
1 0.7769518229166666 0.5754912037037037 0.010153645833333334 0.017649074074074074
