2 0.5 0.4821231481481481 1.0 0.9642462962962962
1 0.42606640625000003 0.4124296296296296 0.018799479166666667 0.03597037037037037
1 0.5142661458333333 0.22002685185185183 0.023323958333333332 0.06227592592592592
1 0.700646875 0.46050555555555556 0.03566875 0.05804814814814815
1 0.2921138020833334 0.5006166666666667 0.029019270833333333 0.05678888888888889
1 0.5944338541666667 0.6606148148148148 0.043034375 0.07863703703703703
1 0.43443671875 0.3622898148148148 0.0126234375 0.041246296296296295
1 0.4838692708333333 0.053624074074074074 0.016696875 0.02947037037037037
1 0.46366875 0.05358518518518519 0.0179625 0.02568888888888889
1 0.7108026041666666 0.2240615740740741 0.017438541666666665 0.020345370370370368
1 0.7292669270833334 0.32028009259259255 0.008533854166666667 0.018337962962962962
1 0.6736997395833334 0.03281342592592593 0.009899479166666668 0.03970092592592593
