2 0.5059895833333333 0.5486111111111112 0.9869791666666666 0.9009259259259259
1 0.30026041666666664 0.3685185185185185 0.03697916666666667 0.11666666666666667
1 0.4393229166666667 0.3851851851851852 0.016145833333333335 0.025925925925925925
1 0.40546875 0.2712962962962963 0.008854166666666666 0.016666666666666666
1 0.28880208333333335 0.5361111111111111 0.009895833333333333 0.025925925925925925
1 0.3 0.5231481481481481 0.013541666666666667 0.027777777777777776
1 0.275 0.47685185185185186 0.007291666666666667 0.014814814814814815
1 0.428125 0.5944444444444444 0.016666666666666666 0.037037037037037035
1 0.24921875 0.8416666666666667 0.005729166666666666 0.05
1 0.28984375 0.9518518518518518 0.0140625 0.027777777777777776
1 0.38333333333333336 0.9888888888888889 0.010416666666666666 0.020370370370370372
1 0.4205729166666667 0.33240740740740743 0.0109375 0.022222222222222223
1 0.48984375 0.7074074074074074 0.0078125 0.012962962962962963
1 0.4783854166666667 0.7861111111111111 0.0067708333333333336 0.009259259259259259
1 0.80234375 0.899537037037037 0.015104166666666667 0.032407407407407406
1 0.7645833333333333 0.8203703703703704 0.017708333333333333 0.05555555555555555
1 0.6953125 0.6625 0.017708333333333333 0.028703703703703703
1 0.7809895833333333 0.9944444444444445 0.03177083333333333 0.009259259259259259
1 0.7638020833333333 0.9555555555555556 0.0078125 0.014814814814814815
1 0.79296875 0.7092592592592593 0.011979166666666667 0.022222222222222223
1 0.8252604166666667 0.4824074074074074 0.022395833333333334 0.06296296296296296
1 0.8153645833333333 0.6509259259259259 0.0109375 0.025925925925925925
1 0.85078125 0.7194444444444444 0.0140625 0.027777777777777776
1 0.8213541666666667 0.6736111111111112 0.00625 0.019444444444444445
1 0.9921875 0.8578703703703704 0.014583333333333334 0.06574074074074074
1 0.9955729166666667 0.6694444444444444 0.0078125 0.016666666666666666
1 0.9796875 0.6060185185185185 0.014583333333333334 0.032407407407407406
1 0.9791666666666666 0.3578703703703704 0.008333333333333333 0.028703703703703703
1 0.8088541666666667 0.8648148148148148 0.007291666666666667 0.05
