2 0.49973958333333335 0.5444444444444444 0.9994791666666667 0.9092592592592592
1 0.6078125 0.549074074074074 0.026041666666666668 0.05
1 0.3372395833333333 0.5037037037037037 0.03802083333333333 0.05925925925925926
1 0.2911458333333333 0.4685185185185185 0.015625 0.03518518518518519
1 0.240625 0.16944444444444445 0.016666666666666666 0.024074074074074074
1 0.6526041666666667 0.462037037037037 0.0125 0.022222222222222223
1 0.7018229166666666 0.500462962962963 0.0296875 0.030555555555555555
1 0.8161458333333333 0.5773148148148148 0.015625 0.03425925925925926
1 0.06953125 0.7342592592592593 0.0234375 0.025925925925925925
1 0.9135416666666667 0.5916666666666667 0.016666666666666666 0.06666666666666667
1 0.73359375 0.8569444444444444 0.03177083333333333 0.03796296296296296
1 0.6260416666666667 0.3194444444444444 0.013541666666666667 0.03888888888888889
1 0.8645833333333334 0.8458333333333333 0.008333333333333333 0.021296296296296296
1 0.9161458333333333 0.7379629629629629 0.0125 0.016666666666666666
1 0.8528645833333334 0.6912037037037037 0.0067708333333333336 0.013888888888888888
1 0.8341145833333333 0.6333333333333333 0.0067708333333333336 0.011111111111111112
1 0.7518229166666667 0.5287037037037037 0.0078125 0.016666666666666666
1 0.9166666666666666 0.5023148148148148 0.005208333333333333 0.017592592592592594
1 0.4375 0.1726851851851852 0.00625 0.01574074074074074
1 0.36171875 0.6125 0.009895833333333333 0.01574074074074074
