1 0.5 0.5392361111111111 1.0 0.9222222222222223
2 0.4998046875 0.590625 0.999609375 0.8166666666666667
1 0.4998046875 0.6600694444444444 0.999609375 0.6777777777777777
1 0.4556640625 0.8715277777777778 0.0109375 0.03125
1 0.0849609375 0.3612847222222222 0.03125 0.050694444444444445
1 0.1556640625 0.7880208333333333 0.026171875 0.10208333333333333
1 0.151953125 0.6368055555555556 0.020703125 0.03402777777777778
1 0.27138671875 0.3782986111111111 0.033984375 0.043055555555555555
1 0.78251953125 0.32326388888888885 0.01328125 0.021527777777777778
1 0.68525390625 0.6765625 0.02578125 0.03194444444444444
1 0.682421875 0.6753472222222222 0.011328125 0.017361111111111112
1 0.102734375 0.49374999999999997 0.01015625 0.015277777777777779
1 0.81005859375 0.29010416666666666 0.01953125 0.03333333333333333
1 0.82861328125 0.9347222222222222 0.01171875 0.03958333333333333
1 0.824609375 0.9402777777777778 0.006640625 0.02638888888888889
1 0.73212890625 0.5668402777777778 0.00625 0.013888888888888888
1 0.84111328125 0.5366319444444445 0.00546875 0.0125
1 0.8326171875 0.9680555555555556 0.005078125 0.01597222222222222
1 0.698046875 0.4538194444444444 0.009375 0.018750000000000003
