2 0.5 0.5354518518518518 1.0 0.9283111111111111
1 0.5401648437500001 0.1919685185185185 0.02928802083333333 0.028381481481481483
1 0.7657705729166667 0.541175462962963 0.028416145833333333 0.0601287037037037
1 0.7723171875 0.6388504629629629 0.019634375 0.03140462962962963
1 0.7974934895833333 0.3925675925925926 0.0095703125 0.02032037037037037
1 0.6897033854166666 0.6595069444444445 0.0210734375 0.035680555555555556
1 0.89252421875 0.6625851851851852 0.012131770833333333 0.017762962962962963
1 0.24238125000000002 0.9063222222222223 0.05455416666666667 0.09597777777777779
1 0.27951510416666664 0.6112689814814815 0.006946875 0.011426851851851851
1 0.30577473958333334 0.5914819444444445 0.0073828125000000005 0.010741666666666667
1 0.17781458333333333 0.8827777777777778 0.006670833333333333 0.022962962962962963
1 0.9476815104166667 0.741410648148148 0.004738020833333333 0.01615462962962963
1 0.8733598958333334 0.7330916666666667 0.014428125000000002 0.012479629629629629
1 0.7699083333333333 0.7017949074074074 0.0044 0.02025648148148148
