2 0.5 0.48138472222222217 1.0 0.9627694444444443
1 0.7427716145833333 0.6170444444444445 0.07095989583333333 0.1377925925925926
1 0.8562953125 0.7765092592592593 0.010507291666666667 0.02338888888888889
1 0.6854315104166666 0.8398199074074074 0.0125296875 0.03149166666666667
1 0.827634375 0.5899037037037037 0.012560416666666666 0.03721481481481481
1 0.9368080729166667 0.5737157407407408 0.010074479166666667 0.01409814814814815
1 0.9186388020833333 0.5304796296296297 0.0049859375 0.020218518518518518
1 0.9052559895833333 0.40617685185185187 0.010511979166666666 0.02902037037037037
1 0.9824080729166667 0.4321763888888889 0.010649479166666666 0.053241666666666666
1 0.9644145833333333 0.2233162037037037 0.010079166666666667 0.039225
1 0.9568544270833333 0.2509837962962963 0.008500520833333334 0.026041666666666668
1 0.9289763020833333 0.050895833333333335 0.008994270833333333 0.020310185185185185
1 0.8406874999999999 0.05133425925925926 0.025125 0.032298148148148145
1 0.7504572916666666 0.3789782407407407 0.015497916666666667 0.04128981481481482
1 0.79222890625 0.10146342592592593 0.011541145833333332 0.03070462962962963
1 0.7772765625000001 0.014784722222222223 0.008719791666666667 0.012902777777777779
1 0.7370372395833333 0.07132731481481482 0.008449479166666666 0.014876851851851851
1 0.59002734375 0.06838194444444444 0.012346354166666665 0.01824537037037037
1 0.6322083333333333 0.13381018518518517 0.011291666666666667 0.017620370370370373
1 0.5339872395833333 0.04845740740740741 0.013807812499999999 0.01358148148148148
1 0.54127265625 0.2719300925925926 0.008586979166666666 0.051267592592592594
1 0.32804817708333334 0.5028777777777778 0.012346354166666665 0.04279259259259259
1 0.8646244791666666 0.39532546296296295 0.019873958333333334 0.03509537037037037
1 0.08675208333333333 0.1581324074074074 0.0162125 0.029227777777777776
1 0.01324609375 0.40324305555555556 0.005658854166666667 0.019449074074074073
1 0.0030723958333333332 0.39300833333333335 0.0061447916666666665 0.015646296296296297
1 0.21989921875000001 0.7637064814814815 0.0116734375 0.02185740740740741
1 0.28862187499999997 0.8077814814814814 0.025160416666666668 0.04148888888888889
1 0.21263151041666667 0.6431763888888888 0.008596354166666665 0.0548712962962963
1 0.17947161458333336 0.6530226851851851 0.0110265625 0.04308240740740741
1 0.16380989583333333 0.6528550925925926 0.014078125 0.04274722222222222
