2 0.5020833333333333 0.5486111111111112 0.9947916666666666 0.9009259259259259
1 0.23229166666666667 0.9319444444444445 0.03958333333333333 0.11018518518518519
1 0.2265625 0.7393518518518518 0.010416666666666666 0.021296296296296296
1 0.25078125 0.8444444444444444 0.005729166666666666 0.016666666666666666
1 0.24192708333333332 0.7731481481481481 0.016145833333333335 0.08518518518518518
1 0.28541666666666665 0.8824074074074074 0.010416666666666666 0.022222222222222223
1 0.28619791666666666 0.7666666666666667 0.0203125 0.03888888888888889
1 0.2708333333333333 0.6925925925925925 0.01875 0.025925925925925925
1 0.21666666666666667 0.6453703703703704 0.007291666666666667 0.012962962962962963
1 0.2559895833333333 0.5949074074074074 0.0067708333333333336 0.008333333333333333
1 0.26276041666666666 0.6027777777777777 0.0015625 0.003703703703703704
1 0.26197916666666665 0.5990740740740741 0.00625 0.012962962962962963
1 0.2390625 0.5486111111111112 0.009375 0.012037037037037037
1 0.5518229166666667 0.950925925925926 0.0265625 0.06296296296296296
1 0.50390625 0.8550925925925926 0.025520833333333333 0.062037037037037036
1 0.5046875 0.8722222222222222 0.016666666666666666 0.027777777777777776
1 0.47552083333333334 0.8291666666666667 0.01875 0.017592592592592594
1 0.37109375 0.9125 0.0140625 0.03796296296296296
1 0.36796875 0.9231481481481482 0.008854166666666666 0.018518518518518517
1 0.40625 0.6759259259259259 0.011458333333333333 0.005555555555555556
1 0.48098958333333336 0.6666666666666666 0.021354166666666667 0.020370370370370372
1 0.37916666666666665 0.5652777777777778 0.019791666666666666 0.03611111111111111
1 0.3625 0.4949074074074074 0.035416666666666666 0.05648148148148148
1 0.31354166666666666 0.44907407407407407 0.007291666666666667 0.012962962962962963
1 0.4036458333333333 0.3648148148148148 0.023958333333333335 0.05185185185185185
1 0.72265625 0.8939814814814815 0.011979166666666667 0.019444444444444445
1 0.7111979166666667 0.9712962962962963 0.0046875 0.009259259259259259
1 0.32109375 0.1574074074074074 0.0067708333333333336 0.009259259259259259
1 0.32109375 0.30833333333333335 0.015104166666666667 0.022222222222222223
1 0.25807291666666665 0.30324074074074076 0.0036458333333333334 0.012037037037037037
1 0.3140625 0.24212962962962964 0.004166666666666667 0.010185185185185186
1 0.5513020833333333 0.2537037037037037 0.0067708333333333336 0.007407407407407408
1 0.5888020833333333 0.22453703703703703 0.009895833333333333 0.019444444444444445
1 0.6411458333333333 0.1287037037037037 0.009375 0.012962962962962963
1 0.6875 0.1712962962962963 0.013541666666666667 0.037037037037037035
1 0.6880208333333333 0.2763888888888889 0.011458333333333333 0.017592592592592594
1 0.8294270833333334 0.4847222222222222 0.34010416666666665 0.15092592592592594
1 0.8184895833333333 0.8810185185185185 0.0109375 0.017592592592592594
1 0.8122395833333333 0.8532407407407407 0.0046875 0.012037037037037037
1 0.74296875 0.5675925925925925 0.0067708333333333336 0.011111111111111112
1 0.9109375 0.6032407407407407 0.009375 0.021296296296296296
1 0.9588541666666667 0.6944444444444444 0.008333333333333333 0.027777777777777776
1 0.6302083333333334 0.4263888888888889 0.008333333333333333 0.019444444444444445
1 0.5791666666666667 0.33564814814814814 0.00625 0.013888888888888888
1 0.33098958333333334 0.14583333333333334 0.005729166666666666 0.013888888888888888
1 0.35520833333333335 0.14305555555555555 0.004166666666666667 0.006481481481481481
1 0.23723958333333334 0.26990740740740743 0.0067708333333333336 0.013888888888888888
