2 0.5 0.48361435185185186 1.0 0.9672287037037037
1 0.9850393229166666 0.32757731481481484 0.011745312499999999 0.06811759259259259
1 0.8282390625 0.18272037037037037 0.012728125 0.03210740740740741
1 0.53844609375 0.39382500000000004 0.0268921875 0.0728351851851852
1 0.8900598958333333 0.8081166666666666 0.014494791666666666 0.038455555555555555
1 0.9938880208333334 0.4117675925925926 0.011734375 0.055016666666666665
1 0.5227885416666667 0.04908935185185185 0.016410416666666667 0.016697222222222224
1 0.38674817708333337 0.018537962962962964 0.008913020833333334 0.020409259259259262
1 0.37182838541666663 0.05110555555555556 0.0165734375 0.03369259259259259
1 0.31896458333333333 0.014583333333333334 0.016054166666666668 0.029166666666666667
1 0.17149661458333335 0.04929212962962963 0.030493229166666667 0.03562129629629629
1 0.15279322916666666 0.07391435185185186 0.009753125 0.025606481481481484
1 0.07171484374999999 0.059625 0.017388020833333333 0.026657407407407407
1 0.25249739583333336 0.19529444444444444 0.019578125000000002 0.02392222222222222
1 0.12177317708333332 0.2944643518518519 0.019588020833333334 0.06300277777777778
1 0.12127760416666668 0.4092074074074074 0.030055208333333337 0.044340740740740736
1 0.10022578125 0.39462824074074077 0.012951562500000001 0.04851574074074074
1 0.27880703125 0.34511574074074075 0.0076140625 0.02912037037037037
1 0.05237083333333333 0.7007587962962962 0.008908333333333332 0.03855462962962963
1 0.09356197916666667 0.5938467592592593 0.015248958333333333 0.05250833333333334
1 0.04819114583333333 0.642174537037037 0.010965625 0.03620092592592593
1 0.012427083333333333 0.6745930555555556 0.0113125 0.030667592592592594
1 0.14576328125 0.7541842592592592 0.024859895833333333 0.03244259259259259
1 0.253384375 0.7161263888888889 0.008852083333333333 0.032252777777777776
1 0.23656588541666668 0.7458203703703704 0.013756770833333333 0.013862962962962962
1 0.25361848958333333 0.6313449074074073 0.011403645833333333 0.021949074074074072
1 0.14870963541666665 0.4377847222222222 0.008877604166666667 0.036680555555555557
1 0.12244348958333333 0.4462773148148148 0.014678645833333333 0.025887962962962963
1 0.13669453125 0.48110046296296294 0.0108890625 0.01775648148148148
1 0.10367421874999999 0.48070509259259264 0.021931770833333333 0.039187962962962966
1 0.30516588541666667 0.4450277777777778 0.009290104166666667 0.019685185185185188
1 0.23516875 0.26378287037037035 0.012004166666666666 0.036825000000000004
1 0.18723567708333333 0.34257037037037036 0.0390546875 0.04995555555555555
1 0.2929234375 0.47804398148148153 0.023346875 0.03016203703703704
1 0.1092359375 0.7350296296296296 0.009096875 0.033022222222222224
1 0.07466848958333333 0.7710736111111112 0.0357953125 0.04585092592592593
1 0.200684375 0.14225370370370372 0.009702083333333333 0.03450740740740741
1 0.13025833333333334 0.20146342592592592 0.01885 0.03440833333333333
1 0.305615625 0.3731791666666667 0.0049812500000000004 0.014876851851851851
1 0.2591822916666667 0.4411791666666667 0.00690625 0.011987962962962962
