2 0.5 0.5 1.0 1.0
2 0.9111401041666666 0.9469685185185185 0.11394687499999999 0.1069
1 0.22984817708333333 0.11766157407407407 0.014904687500000001 0.029767592592592592
1 0.30166484375 0.3753888888888889 0.024163020833333333 0.0767037037037037
1 0.42659557291666667 0.16225787037037037 0.011524479166666666 0.02081203703703704
1 0.70529921875 0.38831342592592594 0.0137234375 0.0673675925925926
1 0.3087520833333333 0.867000462962963 0.03312916666666667 0.03400092592592592
1 0.5817924479166667 0.6233393518518519 0.018793229166666665 0.06334537037037037
1 0.60121796875 0.762375462962963 0.012852604166666667 0.02660277777777778
1 0.7679200520833334 0.4240328703703704 0.018131770833333335 0.03695462962962963
1 0.7396028645833332 0.2616537037037037 0.007330729166666666 0.021455555555555558
1 0.6802119791666666 0.7319328703703704 0.009382291666666666 0.015717592592592596
1 0.6168833333333333 0.725598611111111 0.007725 0.014160185185185184
1 0.61750078125 0.7910402777777777 0.008959895833333334 0.024673148148148145
