2 0.49973958333333335 0.549074074074074 0.9994791666666667 0.9
1 0.4109375 0.5587962962962963 0.025 0.03611111111111111
1 0.4109375 0.5583333333333333 0.023958333333333335 0.03518518518518519
1 0.32083333333333336 0.5921296296296297 0.029166666666666667 0.05277777777777778
1 0.4075520833333333 0.6439814814814815 0.0203125 0.04537037037037037
1 0.43671875 0.5680555555555555 0.016145833333333335 0.019444444444444445
1 0.88125 0.324537037037037 0.010416666666666666 0.041666666666666664
1 0.8908854166666667 0.30092592592592593 0.008854166666666666 0.022222222222222223
1 0.8973958333333333 0.2712962962962963 0.016666666666666666 0.04259259259259259
1 0.4197916666666667 0.26296296296296295 0.013541666666666667 0.03148148148148148
1 0.94921875 0.9018518518518519 0.011979166666666667 0.020370370370370372
1 0.9424479166666667 0.8462962962962963 0.011979166666666667 0.024074074074074074
1 0.8643229166666667 0.6546296296296297 0.013020833333333334 0.03148148148148148
1 0.8408854166666667 0.46574074074074073 0.008854166666666666 0.025925925925925925
1 0.6072916666666667 0.3148148148148148 0.017708333333333333 0.03148148148148148
1 0.24765625 0.7930555555555555 0.016145833333333335 0.03981481481481482
1 0.5171875 0.9523148148148148 0.015625 0.019444444444444445
1 0.3736979166666667 0.5425925925925926 0.022395833333333334 0.020370370370370372
1 0.3125 0.29814814814814816 0.011458333333333333 0.05
1 0.28671875 0.9564814814814815 0.0078125 0.016666666666666666
1 0.6119791666666666 0.5847222222222223 0.008333333333333333 0.017592592592592594
1 0.88046875 0.625 0.008854166666666666 0.022222222222222223
1 0.5877604166666667 0.2972222222222222 0.0234375 0.020370370370370372
1 0.53125 0.20277777777777778 0.010416666666666666 0.03148148148148148
1 0.3455729166666667 0.8800925925925925 0.0078125 0.023148148148148147
1 0.5369791666666667 0.7791666666666667 0.016666666666666666 0.03796296296296296
1 0.9020833333333333 0.6143518518518518 0.014583333333333334 0.006481481481481481
1 0.76171875 0.3574074074074074 0.0046875 0.05
1 0.75390625 0.29953703703703705 0.018229166666666668 0.012037037037037037
1 0.30755208333333334 0.4837962962962963 0.009895833333333333 0.021296296296296296
1 0.84453125 0.5356481481481481 0.008854166666666666 0.01574074074074074
1 0.375 0.9458333333333333 0.00625 0.013888888888888888
