2 0.5168859375 0.5888907407407407 0.9660635416666667 0.8222259259259259
1 0.42905598958333335 0.5299347222222223 0.0101953125 0.019128703703703703
1 0.8471830729166666 0.706025462962963 0.019366145833333334 0.05093981481481481
1 0.9888130208333333 0.6869912037037037 0.007834375 0.023982407407407407
1 0.8452513020833333 0.6834907407407407 0.0082109375 0.011425925925925926
1 0.6687489583333334 0.7294787037037037 0.012497916666666666 0.027475925925925924
1 0.4013098958333333 0.9378768518518519 0.007828125 0.014642592592592592
1 0.5133424479166666 0.9954222222222222 0.013143229166666666 0.009362962962962964
1 0.06178489583333333 0.36325416666666666 0.007944791666666666 0.017249074074074076
1 0.07997057291666666 0.35673935185185185 0.006816145833333333 0.013478703703703705
1 0.3717447916666667 0.23377777777777778 0.02890625 0.024962962962962965
1 0.3222888020833333 0.8393222222222222 0.0185359375 0.03975555555555556
