2 0.49973958333333335 0.5375 0.9994791666666667 0.9231481481481482
1 0.04609375 0.23148148148148148 0.0265625 0.0962962962962963
1 0.03333333333333333 0.22175925925925927 0.007291666666666667 0.026851851851851852
1 0.09739583333333333 0.49398148148148147 0.020833333333333332 0.030555555555555555
1 0.41041666666666665 0.2884259259259259 0.030208333333333334 0.03425925925925926
1 0.3848958333333333 0.19675925925925927 0.023958333333333335 0.049074074074074076
1 0.5630208333333333 0.2828703703703704 0.01875 0.03981481481481482
1 0.46953125 0.3972222222222222 0.022395833333333334 0.05555555555555555
1 0.5166666666666667 0.649537037037037 0.021875 0.04537037037037037
1 0.3234375 0.5856481481481481 0.016666666666666666 0.025
1 0.3875 0.47314814814814815 0.01875 0.037037037037037035
1 0.38359375 0.7939814814814815 0.0203125 0.030555555555555555
1 0.16171875 0.7606481481481482 0.016145833333333335 0.025
1 0.8111979166666666 0.9828703703703704 0.027604166666666666 0.032407407407407406
1 0.6533854166666667 0.4078703703703704 0.025520833333333333 0.04722222222222222
1 0.7796875 0.33240740740740743 0.027083333333333334 0.040740740740740744
1 0.5466145833333333 0.49398148148148147 0.019270833333333334 0.017592592592592594
1 0.4947916666666667 0.4777777777777778 0.021875 0.053703703703703705
1 0.49635416666666665 0.49583333333333335 0.015625 0.01574074074074074
1 0.49609375 0.2462962962962963 0.011979166666666667 0.012962962962962963
1 0.49114583333333334 0.2273148148148148 0.010416666666666666 0.019444444444444445
1 0.540625 0.4287037037037037 0.016666666666666666 0.022222222222222223
1 0.7309895833333333 0.11574074074074074 0.009895833333333333 0.018518518518518517
1 0.52109375 0.3537037037037037 0.013020833333333334 0.012962962962962963
1 0.29010416666666666 0.36342592592592593 0.013541666666666667 0.021296296296296296
1 0.29244791666666664 0.3439814814814815 0.013020833333333334 0.026851851851851852
1 0.45729166666666665 0.3013888888888889 0.014583333333333334 0.03611111111111111
1 0.58359375 0.46620370370370373 0.018229166666666668 0.021296296296296296
1 0.42630208333333336 0.3958333333333333 0.011979166666666667 0.017592592592592594
1 0.06822916666666666 0.9222222222222223 0.007291666666666667 0.014814814814814815
1 0.02890625 0.9606481481481481 0.0078125 0.01574074074074074
1 0.05859375 0.7898148148148149 0.005729166666666666 0.020370370370370372
1 0.31588541666666664 0.34305555555555556 0.013020833333333334 0.041666666666666664
1 0.6783854166666666 0.412962962962963 0.013020833333333334 0.024074074074074074
1 0.0546875 0.6652777777777777 0.00625 0.028703703703703703
1 0.3302083333333333 0.8060185185185185 0.014583333333333334 0.021296296296296296
