2 0.5201705729166667 0.5757712962962964 0.9601328124999999 0.8478388888888889
1 0.5460559895833333 0.2201810185185185 0.015028645833333333 0.03851018518518519
1 0.49909869791666667 0.4276712962962963 0.016947395833333333 0.03126851851851852
1 0.4823861979166667 0.631411574074074 0.017897395833333333 0.01652685185185185
1 0.61772265625 0.5559111111111111 0.012528645833333333 0.03404444444444445
1 0.7642244791666666 0.2863074074074074 0.013865625 0.044837037037037036
1 0.7198617187499999 0.31426620370370373 0.008473437499999998 0.015569444444444445
1 0.1724671875 0.6333300925925925 0.004309375 0.01110462962962963
1 0.4304307291666667 0.8646833333333332 0.005653124999999999 0.007144444444444445
1 0.5820734375 0.8916287037037036 0.011021874999999999 0.01844259259259259
1 0.5805651041666666 0.8378759259259259 0.012171875 0.0201962962962963
1 0.56666484375 0.7574837962962963 0.0062463541666666665 0.014967592592592591
1 0.969359375 0.6526574074074074 0.00746875 0.02383333333333333
1 0.5435145833333334 0.26310324074074076 0.0078625 0.016947222222222225
1 0.53358203125 0.3657856481481481 0.008830729166666666 0.011200925925925925
1 0.54516875 0.35515138888888886 0.0049208333333333335 0.019562037037037038
1 0.5227002604166667 0.3251263888888889 0.004775520833333334 0.009512037037037038
1 0.6490388020833334 0.4399087962962963 0.004327604166666666 0.009447222222222221
1 0.6909453125 0.44937175925925926 0.012098958333333333 0.011706481481481483
1 0.495078125 0.2329166666666667 0.0036979166666666666 0.006574074074074073
1 0.8877200520833333 0.34872129629629633 0.03169010416666666 0.08262777777777777
