2 0.5 0.5 1.0 1.0
1 0.752570556640625 0.8860551215277778 0.00904736328125 0.016901909722222223
1 0.522065185546875 0.5687035590277777 0.01092724609375 0.0193515625
1 0.434208984375 0.07406770833333333 0.01392578125 0.031815972222222225
1 0.242085693359375 0.6071506076388888 0.02811669921875 0.0615234375
1 0.361814453125 0.19531119791666668 0.01659765625 0.031247395833333334
1 0.294319091796875 0.9035789930555556 0.01148974609375 0.03458854166666667
1 0.690583740234375 0.9711857638888889 0.01397998046875 0.018760416666666665
1 0.765090087890625 0.26504774305555556 0.01064892578125 0.02141493055555556
1 0.136122314453125 0.7590455729166666 0.01150244140625 0.021563368055555556
1 0.30257177734375 0.6535295138888889 0.0094404296875 0.025809027777777778
1 0.431325439453125 0.8765920138888889 0.01011181640625 0.017072916666666667
