1 0.49973958333333335 0.5314814814814814 0.9994791666666667 0.9351851851851852
2 0.49973958333333335 0.5300925925925926 0.9994791666666667 0.937962962962963
1 0.725 0.8842592592592593 0.014583333333333334 0.02962962962962963
1 0.70078125 0.7814814814814814 0.0046875 0.005555555555555556
1 0.6739583333333333 0.8824074074074074 0.015625 0.020370370370370372
1 0.721875 0.18333333333333332 0.004166666666666667 0.007407407407407408
1 0.018489583333333334 0.26990740740740743 0.009895833333333333 0.012037037037037037
1 0.14817708333333332 0.5375 0.0067708333333333336 0.01574074074074074
1 0.13098958333333333 0.21851851851851853 0.0067708333333333336 0.007407407407407408
1 0.196875 0.3060185185185185 0.005208333333333333 0.010185185185185186
1 0.14296875 0.7458333333333333 0.0067708333333333336 0.010185185185185186
1 0.19166666666666668 0.9060185185185186 0.010416666666666666 0.012037037037037037
1 0.19322916666666667 0.8782407407407408 0.015625 0.04537037037037037
1 0.16979166666666667 0.8768518518518519 0.007291666666666667 0.016666666666666666
1 0.4895833333333333 0.8731481481481481 0.008333333333333333 0.024074074074074074
1 0.2838541666666667 0.5967592592592592 0.014583333333333334 0.012037037037037037
1 0.46875 0.5703703703703704 0.004166666666666667 0.011111111111111112
1 0.3802083333333333 0.5930555555555556 0.008333333333333333 0.028703703703703703
1 0.15651041666666668 0.8 0.009895833333333333 0.025925925925925925
1 0.9145833333333333 0.9629629629629629 0.009375 0.02962962962962963
