1 0.5 0.5 1.0 1.0
1 0.5982802083333334 0.5650990740740741 0.01426875 0.03390185185185185
1 0.5021393229166666 0.5577907407407408 0.030320312500000002 0.04891481481481482
1 0.45126614583333335 0.5832393518518518 0.06607395833333334 0.10351574074074074
1 0.49108124999999997 0.475163425925926 0.012370833333333333 0.028104629629629632
1 0.6336575520833333 0.8665162037037036 0.6641901041666666 0.26636574074074076
1 0.6477934895833334 0.9003194444444444 0.006003645833333333 0.008046296296296296
1 0.5468635416666667 0.8709222222222223 0.029143750000000003 0.03443703703703704
1 0.85519296875 0.8953763888888888 0.019760937500000002 0.0592712962962963
1 0.8611520833333334 0.8590393518518519 0.0118875 0.010671296296296297
1 0.97958203125 0.40817314814814815 0.017497395833333332 0.07005
1 0.8772609374999999 0.5083092592592593 0.026396875 0.06661851851851851
1 0.5410440104166666 0.9798791666666667 0.0112546875 0.013462037037037036
1 0.4904002604166667 0.9463027777777777 0.015175520833333334 0.016679629629629628
1 0.9173872395833332 0.957625 0.0118578125 0.02821296296296296
1 0.8153953125 0.44399305555555557 0.009957291666666666 0.023171296296296294
1 0.7280877604166667 0.4869564814814815 0.018675520833333334 0.03872777777777778
1 0.9024544270833333 0.3307481481481481 0.019492187499999997 0.055940740740740735
1 0.9353895833333333 0.3910388888888889 0.011404166666666667 0.02467037037037037
1 0.9954916666666667 0.5415171296296296 0.008691666666666665 0.045997222222222224
1 0.9969187500000001 0.5411810185185185 0.006337499999999999 0.03791759259259259
1 0.6148346354166667 0.35725 0.034877604166666666 0.05894444444444444
1 0.6252677083333332 0.10761574074074073 0.015118749999999999 0.05041666666666667
1 0.12829166666666666 0.03439768518518519 0.03783333333333334 0.06879537037037038
1 0.21994661458333334 0.23677777777777778 0.009684895833333334 0.012444444444444444
1 0.12924817708333333 0.6690782407407407 0.25849635416666666 0.27334166666666665
1 0.25334296875 0.7614569444444445 0.02335260416666667 0.04328425925925926
1 0.16742239583333335 0.7068574074074073 0.019219791666666666 0.03593703703703704
1 0.46634140625 0.18619675925925927 0.06809947916666667 0.13720833333333335
1 0.37308515625 0.2800476851851852 0.013878645833333333 0.03046574074074074
1 0.8340309895833333 0.29510694444444446 0.010770312499999999 0.023547222222222223
1 0.35859817708333336 0.04009583333333333 0.021363020833333336 0.03389537037037037
1 0.5149942708333334 0.7466921296296296 0.012280208333333332 0.019310185185185187
1 0.88498671875 0.16727083333333334 0.022056770833333333 0.030837962962962963
1 0.9446533854166667 0.572349074074074 0.008056770833333332 0.01877222222222222
1 0.9381002604166666 0.6106328703703704 0.009533854166666666 0.023117592592592592
