2 0.48908203125 0.4232671296296296 0.9781640625 0.8465342592592592
1 0.7056539062499999 0.1547 0.0144328125 0.022362962962962963
1 0.5316315104166667 0.2310462962962963 0.025763020833333334 0.026907407407407408
1 0.38560625000000004 0.33624537037037033 0.023295833333333335 0.046564814814814816
1 0.5122333333333333 0.4584037037037037 0.0328 0.02791851851851852
1 0.038987499999999994 0.005019907407407408 0.009225 0.010039814814814816
1 0.03714270833333333 0.03080416666666667 0.009702083333333333 0.017163888888888888
1 0.03218541666666667 0.061764351851851855 0.004995833333333334 0.014269444444444444
1 0.08655026041666666 0.08634305555555556 0.0085171875 0.03379722222222222
1 0.08894114583333333 0.025384722222222225 0.008090625 0.01743611111111111
1 0.28745442708333335 0.49113009259259255 0.009283854166666666 0.02670462962962963
1 0.28666302083333334 0.4281416666666667 0.017076041666666666 0.03035740740740741
1 0.1798609375 0.534150925925926 0.015971875 0.022005555555555553
1 0.3353325520833333 0.5679444444444445 0.03629010416666667 0.07662962962962963
1 0.17662942708333332 0.43962546296296295 0.014717187500000001 0.058880555555555554
1 0.19938385416666668 0.3490125 0.010226041666666666 0.02580277777777778
1 0.04040911458333333 0.587212037037037 0.0141515625 0.0540537037037037
1 0.15103046875 0.4832583333333333 0.0114359375 0.023924074074074073
1 0.5738916666666667 0.7920212962962964 0.017575 0.026635185185185182
1 0.635190625 0.057025000000000006 0.016214583333333334 0.02330925925925926
