2 0.5111979166666667 0.5208333333333334 0.9765625 0.9564814814814815
1 0.26588541666666665 0.19166666666666668 0.0067708333333333336 0.012962962962962963
1 0.25234375 0.35324074074074074 0.0171875 0.026851851851851852
1 0.23828125 0.7615740740740741 0.009895833333333333 0.01574074074074074
1 0.3182291666666667 0.9490740740740741 0.013541666666666667 0.018518518518518517
1 0.32395833333333335 0.9189814814814815 0.008333333333333333 0.028703703703703703
1 0.38828125 0.9064814814814814 0.019270833333333334 0.05740740740740741
1 0.31588541666666664 0.7722222222222223 0.0109375 0.025925925925925925
1 0.31223958333333335 0.6652777777777777 0.0046875 0.008333333333333333
1 0.34453125 0.6222222222222222 0.0046875 0.007407407407407408
1 0.41692708333333334 0.9166666666666666 0.011979166666666667 0.04259259259259259
1 0.5127604166666667 0.9412037037037037 0.022395833333333334 0.04537037037037037
1 0.5533854166666666 0.975462962962963 0.0078125 0.01574074074074074
1 0.51484375 0.8787037037037037 0.0140625 0.022222222222222223
1 0.5864583333333333 0.899537037037037 0.013541666666666667 0.025
1 0.6013020833333333 0.9041666666666667 0.016145833333333335 0.023148148148148147
1 0.6203125 0.9055555555555556 0.030208333333333334 0.022222222222222223
1 0.45286458333333335 0.8032407407407407 0.0036458333333333334 0.004629629629629629
1 0.4822916666666667 0.7962962962962963 0.01875 0.03518518518518519
1 0.6513020833333333 0.9856481481481482 0.0046875 0.008333333333333333
1 0.4875 0.65 0.010416666666666666 0.016666666666666666
1 0.47760416666666666 0.587037037037037 0.014583333333333334 0.018518518518518517
1 0.5921875 0.7013888888888888 0.021875 0.019444444444444445
1 0.5466145833333333 0.6898148148148148 0.011979166666666667 0.012962962962962963
1 0.5721354166666667 0.6662037037037037 0.009895833333333333 0.023148148148148147
1 0.51796875 0.6717592592592593 0.0109375 0.023148148148148147
1 0.5231770833333333 0.5375 0.024479166666666666 0.041666666666666664
1 0.4453125 0.36574074074074076 0.010416666666666666 0.024074074074074074
1 0.2872395833333333 0.462037037037037 0.0046875 0.05185185185185185
1 0.3984375 0.3972222222222222 0.011458333333333333 0.022222222222222223
1 0.4041666666666667 0.3902777777777778 0.009375 0.017592592592592594
1 0.40182291666666664 0.3439814814814815 0.0203125 0.075
1 0.4440104166666667 0.18703703703703703 0.03177083333333333 0.05185185185185185
1 0.4278645833333333 0.06620370370370371 0.013020833333333334 0.03981481481481482
1 0.42890625 0.11574074074074074 0.0109375 0.04814814814814815
1 0.4752604166666667 0.13333333333333333 0.021354166666666667 0.03888888888888889
1 0.49375 0.27824074074074073 0.03333333333333333 0.058333333333333334
1 0.5036458333333333 0.24259259259259258 0.010416666666666666 0.018518518518518517
1 0.4622395833333333 0.11203703703703703 0.011979166666666667 0.02962962962962963
1 0.55703125 0.35833333333333334 0.008854166666666666 0.016666666666666666
1 0.5549479166666667 0.31203703703703706 0.0046875 0.016666666666666666
1 0.5799479166666667 0.47314814814814815 0.016145833333333335 0.05555555555555555
1 0.6122395833333333 0.19583333333333333 0.005729166666666666 0.008333333333333333
1 0.6434895833333333 0.1814814814814815 0.0140625 0.03148148148148148
1 0.7208333333333333 0.09490740740740741 0.023958333333333335 0.032407407407407406
1 0.734375 0.1726851851851852 0.004166666666666667 0.013888888888888888
1 0.77734375 0.22037037037037038 0.0203125 0.04259259259259259
1 0.6713541666666667 0.3731481481481482 0.007291666666666667 0.018518518518518517
1 0.7200520833333334 0.44027777777777777 0.0171875 0.023148148148148147
1 0.7505208333333333 0.38564814814814813 0.009375 0.08425925925925926
1 0.6231770833333333 0.5236111111111111 0.005729166666666666 0.010185185185185186
1 0.6494791666666667 0.5064814814814815 0.00625 0.025925925925925925
1 0.6598958333333333 0.5393518518518519 0.004166666666666667 0.010185185185185186
1 0.6611979166666667 0.7986111111111112 0.0078125 0.023148148148148147
1 0.70703125 0.9032407407407408 0.011979166666666667 0.019444444444444445
1 0.7002604166666667 0.8583333333333333 0.008854166666666666 0.016666666666666666
1 0.73359375 0.8018518518518518 0.011979166666666667 0.05
1 0.8098958333333334 0.6847222222222222 0.009375 0.023148148148148147
1 0.8515625 0.6078703703703704 0.00625 0.032407407407407406
1 0.9200520833333333 0.31805555555555554 0.016145833333333335 0.03796296296296296
1 0.9625 0.3800925925925926 0.010416666666666666 0.08981481481481482
1 0.9583333333333334 0.3138888888888889 0.008333333333333333 0.03518518518518519
1 0.9947916666666666 0.32407407407407407 0.009375 0.03518518518518519
1 0.95234375 0.45925925925925926 0.0078125 0.022222222222222223
1 0.90703125 0.45787037037037037 0.0140625 0.03796296296296296
1 0.7731770833333333 0.649537037037037 0.011979166666666667 0.017592592592592594
1 0.95234375 0.6435185185185185 0.0109375 0.024074074074074074
1 0.93671875 0.6819444444444445 0.005729166666666666 0.010185185185185186
1 0.9604166666666667 0.7976851851851852 0.027083333333333334 0.03981481481481482
1 0.9768229166666667 0.799074074074074 0.015104166666666667 0.03333333333333333
1 0.9315104166666667 0.85 0.005729166666666666 0.018518518518518517
1 0.9296875 0.9745370370370371 0.014583333333333334 0.025
1 0.9505208333333334 0.9953703703703703 0.008333333333333333 0.007407407407407408
1 0.8158854166666667 0.9574074074074074 0.0109375 0.011111111111111112
1 0.6932291666666667 0.3421296296296296 0.004166666666666667 0.006481481481481481
1 0.7041666666666667 0.2601851851851852 0.00625 0.012962962962962963
1 0.7369791666666666 0.762962962962963 0.00625 0.014814814814814815
1 0.38645833333333335 0.8310185185185185 0.004166666666666667 0.008333333333333333
1 0.42161458333333335 0.7847222222222222 0.0036458333333333334 0.006481481481481481
1 0.4588541666666667 0.8662037037037037 0.00625 0.010185185185185186
1 0.6010416666666667 0.8078703703703703 0.00625 0.008333333333333333
1 0.6169270833333333 0.6291666666666667 0.0067708333333333336 0.008333333333333333
1 0.6513020833333333 0.5935185185185186 0.008854166666666666 0.016666666666666666
1 0.5385416666666667 0.6018518518518519 0.005208333333333333 0.005555555555555556
1 0.44479166666666664 0.41712962962962963 0.005208333333333333 0.008333333333333333
