2 0.5 0.5232800925925927 1.0 0.9539675925925927
1 0.6472260416666666 0.39626944444444445 0.03611875 0.06846481481481481
1 0.5075723958333334 0.2735013888888889 0.03701979166666667 0.021076851851851854
1 0.6466510416666666 0.727225 0.018302083333333333 0.08037592592592592
1 0.12410130208333332 0.44917361111111115 0.008619270833333333 0.020569444444444446
1 0.13455963541666666 0.5594518518518519 0.0055776041666666665 0.02631111111111111
1 0.15502057291666665 0.8108217592592593 0.013166145833333334 0.036458333333333336
1 0.22115572916666668 0.910311574074074 0.015228125 0.009512037037037038
1 0.27022864583333334 0.8704805555555556 0.008165625000000001 0.015035185185185184
1 0.0837625 0.8907421296296296 0.007108333333333333 0.020373148148148147
1 0.017690625 0.8919175925925925 0.00413125 0.01716851851851852
1 0.1508671875 0.7612111111111111 0.0027760416666666667 0.01131111111111111
1 0.19656927083333334 0.8230759259259259 0.006680208333333334 0.016522222222222223
1 0.056378124999999994 0.6379819444444444 0.004422916666666667 0.011149074074074075
1 0.13358281249999998 0.6295944444444445 0.005707291666666667 0.018448148148148148
1 0.20263958333333332 0.5369722222222222 0.005279166666666666 0.012833333333333332
1 0.394921875 0.7718680555555555 0.0033854166666666668 0.006699074074074074
1 0.6185455729166667 0.6271587962962963 0.018341145833333336 0.030243518518518517
1 0.61828828125 0.6317115740740741 0.01678489583333333 0.018978703703703702
1 0.6671419270833333 0.6590856481481482 0.005117187499999999 0.018171296296296297
1 0.6072552083333334 0.5922787037037036 0.0072187499999999995 0.006779629629629629
1 0.5707020833333334 0.8020796296296296 0.003904166666666667 0.007862962962962964
1 0.7347242187499999 0.9399777777777778 0.007990104166666666 0.020696296296296296
1 0.9295572916666667 0.6242981481481481 0.01015625 0.01896666666666667
1 0.6420109375 0.22754444444444444 0.003813541666666667 0.006940740740740741
1 0.7338283854166666 0.4745069444444444 0.013490104166666666 0.015680555555555555
1 0.34364531249999997 0.15471898148148147 0.007082291666666667 0.01684537037037037
