2 0.49973958333333335 0.5375 0.9994791666666667 0.9231481481481482
1 0.05078125 0.5361111111111111 0.022395833333333334 0.05185185185185185
1 0.1875 0.4101851851851852 0.010416666666666666 0.03888888888888889
1 0.12057291666666667 0.8222222222222222 0.0171875 0.04814814814814815
1 0.121875 0.7796296296296297 0.016666666666666666 0.03518518518518519
1 0.05572916666666667 0.8935185185185185 0.014583333333333334 0.025925925925925925
1 0.017447916666666667 0.812962962962963 0.0078125 0.03333333333333333
1 0.09947916666666666 0.8875 0.008333333333333333 0.01574074074074074
1 0.12057291666666667 0.8810185185185185 0.0203125 0.03425925925925926
1 0.18098958333333334 0.7273148148148149 0.0203125 0.05648148148148148
1 0.17473958333333334 0.5708333333333333 0.009895833333333333 0.023148148148148147
1 0.19505208333333332 0.6560185185185186 0.013020833333333334 0.026851851851851852
1 0.22786458333333334 0.7569444444444444 0.009895833333333333 0.032407407407407406
1 0.13385416666666666 0.8518518518518519 0.00625 0.03333333333333333
1 0.284375 0.7962962962962963 0.0125 0.02962962962962963
1 0.25338541666666664 0.9180555555555555 0.0109375 0.017592592592592594
1 0.0078125 0.9361111111111111 0.005208333333333333 0.012962962962962963
1 0.012760416666666666 0.9884259259259259 0.005729166666666666 0.021296296296296296
1 0.12630208333333334 0.6981481481481482 0.015104166666666667 0.012962962962962963
1 0.31536458333333334 0.6439814814814815 0.0203125 0.03796296296296296
1 0.35859375 0.6606481481481481 0.013020833333333334 0.021296296296296296
1 0.37161458333333336 0.6171296296296296 0.013020833333333334 0.023148148148148147
1 0.3971354166666667 0.35648148148148145 0.009895833333333333 0.012962962962962963
1 0.40572916666666664 0.7939814814814815 0.028125 0.028703703703703703
1 0.41432291666666665 0.7648148148148148 0.013020833333333334 0.018518518518518517
1 0.3924479166666667 0.7513888888888889 0.0078125 0.025
1 0.3263020833333333 0.8958333333333334 0.009895833333333333 0.021296296296296296
1 0.3796875 0.8694444444444445 0.007291666666666667 0.022222222222222223
1 0.5065104166666666 0.9342592592592592 0.09114583333333333 0.07407407407407407
1 0.47317708333333336 0.9407407407407408 0.022395833333333334 0.025925925925925925
1 0.5221354166666666 0.9685185185185186 0.015104166666666667 0.022222222222222223
1 0.5565104166666667 0.9101851851851852 0.0171875 0.020370370370370372
1 0.525 0.725 0.011458333333333333 0.018518518518518517
1 0.5661458333333333 0.6347222222222222 0.011458333333333333 0.01574074074074074
1 0.44375 0.7379629629629629 0.009375 0.016666666666666666
1 0.46953125 0.7171296296296297 0.0067708333333333336 0.01574074074074074
1 0.009895833333333333 0.2986111111111111 0.007291666666666667 0.01574074074074074
1 0.05755208333333333 0.24074074074074073 0.005729166666666666 0.012962962962962963
1 0.13151041666666666 0.3023148148148148 0.008854166666666666 0.01574074074074074
1 0.3106770833333333 0.2152777777777778 0.0046875 0.01574074074074074
1 0.5614583333333333 0.5361111111111111 0.00625 0.025925925925925925
1 0.7330729166666666 0.16064814814814815 0.025520833333333333 0.041666666666666664
1 0.6916666666666667 0.4263888888888889 0.03958333333333333 0.03611111111111111
1 0.740625 0.6277777777777778 0.008333333333333333 0.012962962962962963
1 0.76875 0.6199074074074075 0.021875 0.041666666666666664
1 0.740625 0.5592592592592592 0.015625 0.025925925925925925
1 0.6682291666666667 0.7486111111111111 0.01875 0.03981481481481482
1 0.7330729166666666 0.775 0.009895833333333333 0.014814814814814815
1 0.7328125 0.8388888888888889 0.008333333333333333 0.024074074074074074
1 0.7619791666666667 0.8435185185185186 0.0125 0.020370370370370372
1 0.7583333333333333 0.8023148148148148 0.007291666666666667 0.013888888888888888
1 0.7614583333333333 0.7689814814814815 0.011458333333333333 0.026851851851851852
1 0.7794270833333333 0.7388888888888889 0.015104166666666667 0.02962962962962963
1 0.778125 0.22361111111111112 0.011458333333333333 0.030555555555555555
1 0.7078125 0.20324074074074075 0.0125 0.017592592592592594
1 0.78671875 0.4148148148148148 0.0171875 0.025925925925925925
1 0.8416666666666667 0.39537037037037037 0.022916666666666665 0.02962962962962963
1 0.828125 0.33796296296296297 0.009375 0.016666666666666666
1 0.8291666666666667 0.5847222222222223 0.01875 0.026851851851851852
1 0.78828125 0.5648148148148148 0.009895833333333333 0.018518518518518517
1 0.7947916666666667 0.8157407407407408 0.019791666666666666 0.05555555555555555
1 0.9471354166666667 0.7935185185185185 0.0078125 0.022222222222222223
1 0.9354166666666667 0.7310185185185185 0.008333333333333333 0.019444444444444445
1 0.9518229166666666 0.725 0.008854166666666666 0.025925925925925925
1 0.95859375 0.6717592592592593 0.0078125 0.021296296296296296
1 0.9786458333333333 0.6074074074074074 0.007291666666666667 0.024074074074074074
1 0.77890625 0.1675925925925926 0.0109375 0.007407407407407408
1 0.5005208333333333 0.22268518518518518 0.03333333333333333 0.023148148148148147
1 0.8677083333333333 0.8555555555555555 0.017708333333333333 0.037037037037037035
1 0.9833333333333333 0.875 0.010416666666666666 0.024074074074074074
1 0.6291666666666667 0.9310185185185185 0.00625 0.026851851851851852
1 0.6994791666666667 0.30694444444444446 0.005208333333333333 0.021296296296296296
1 0.7322916666666667 0.12777777777777777 0.004166666666666667 0.012962962962962963
