2 0.5 0.4917236111111111 1.0 0.9834472222222223
1 0.3165247395833333 0.7364074074074074 0.0288828125 0.039481481481481485
1 0.25930651041666664 0.3692324074074074 0.031113020833333335 0.0625388888888889
1 0.5160875 0.13583796296296294 0.025925 0.043898148148148144
1 0.41994479166666665 0.3360736111111111 0.016972916666666667 0.02955462962962963
1 0.32869036458333334 0.4891810185185186 0.019880729166666666 0.03021388888888889
1 0.4930966145833333 0.2306064814814815 0.011193229166666667 0.02787962962962963
1 0.56811953125 0.020902314814814815 0.0206140625 0.01958240740740741
1 0.5544486979166667 0.06258657407407409 0.0130640625 0.030728703703703703
1 0.43372343750000003 0.014723148148148148 0.009113541666666667 0.020187037037037038
1 0.42230989583333334 0.04707824074074074 0.009203125000000001 0.014526851851851852
1 0.41269374999999997 0.0901351851851852 0.011845833333333333 0.017307407407407407
1 0.45521484375000004 0.15016157407407407 0.013554687499999999 0.016989814814814815
1 0.5402708333333333 0.11870416666666667 0.010750000000000001 0.01518611111111111
1 0.5296111979166667 0.8148518518518518 0.0290140625 0.06118518518518518
1 0.3905625 0.8450032407407407 0.014458333333333333 0.02889537037037037
1 0.41669270833333333 0.8356194444444445 0.01046875 0.017535185185185185
1 0.53636953125 0.8919717592592593 0.020655729166666668 0.052462037037037036
1 0.4175859375 0.8773939814814815 0.009130208333333334 0.010343518518518518
1 0.44175390625 0.9119541666666666 0.022049479166666667 0.038723148148148145
1 0.51037109375 0.9263694444444445 0.009283854166666666 0.01570185185185185
1 0.3270739583333333 0.4207583333333333 0.00935625 0.013738888888888887
1 0.3101122395833333 0.77015 0.018141145833333334 0.025485185185185187
1 0.3970213541666666 0.9068407407407407 0.023209374999999997 0.03590370370370371
