2 0.5 0.47774675925925925 1.0 0.9554935185185185
1 0.08374427083333333 0.005430555555555556 0.009155208333333333 0.010861111111111111
1 0.06899661458333334 0.028386111111111112 0.009868229166666666 0.017883333333333334
1 0.15950677083333334 0.12668703703703704 0.016930208333333332 0.0330037037037037
1 0.06590442708333334 0.14296851851851852 0.007850520833333334 0.022974074074074074
1 0.11826901041666667 0.1542865740740741 0.010496354166666666 0.027091666666666667
1 0.12046979166666666 0.16266064814814815 0.007606249999999999 0.012358333333333332
1 0.12651588541666667 0.1963486111111111 0.021781770833333332 0.016771296296296295
1 0.17723411458333332 0.19972731481481482 0.009676562500000001 0.019825000000000002
1 0.2860200520833333 0.022489814814814817 0.06474843749999999 0.04497962962962963
1 0.05027447916666667 0.23933750000000004 0.009923958333333333 0.013860185185185185
1 0.11891536458333334 0.3668768518518518 0.0149140625 0.05597592592592593
1 0.03911015625 0.35267870370370374 0.007386979166666667 0.018320370370370372
1 0.1761953125 0.35786064814814816 0.008640625 0.021276851851851852
1 0.20952864583333333 0.3323365740740741 0.008640625 0.02578425925925926
1 0.09739192708333334 0.4044625 0.0062421874999999995 0.016332407407407407
1 0.1113828125 0.41234490740740737 0.012348958333333333 0.02098611111111111
1 0.13301875 0.3943759259259259 0.004579166666666666 0.007270370370370371
1 0.10300911458333334 0.48116388888888895 0.012268229166666667 0.017883333333333334
1 0.13900937500000002 0.49419768518518525 0.023852083333333333 0.03654351851851852
1 0.102753125 0.5277601851851852 0.00550625 0.024038888888888887
1 0.10492942708333333 0.5709453703703703 0.006733854166666667 0.012261111111111112
1 0.17514036458333332 0.5262421296296296 0.013822395833333334 0.026558333333333333
1 0.12171614583333333 0.6432537037037037 0.008015625 0.0253962962962963
1 0.14729609375 0.6351472222222222 0.011258854166666667 0.031405555555555555
1 0.13251067708333333 0.6877013888888889 0.015021354166666667 0.032810185185185185
1 0.09588671875 0.6989018518518518 0.005315104166666667 0.018174074074074075
1 0.1445971354166667 0.7105268518518518 0.0058609375 0.01735
1 0.16271640625 0.6786560185185185 0.010849479166666667 0.025830555555555555
1 0.1841479166666667 0.7079643518518518 0.018295833333333334 0.062225
1 0.1553328125 0.7630962962962963 0.009623958333333333 0.01322962962962963
1 0.1292471354166667 0.7909319444444445 0.010577604166666667 0.018900925925925925
1 0.18092942708333334 0.774899074074074 0.011858854166666665 0.027575925925925927
1 0.19081979166666668 0.7625736111111111 0.013931250000000001 0.017739814814814812
1 0.2139296875 0.8846773148148148 0.013276041666666665 0.024910185185185185
1 0.20467604166666667 0.7698111111111111 0.00414375 0.00814074074074074
1 0.21592708333333333 0.7773986111111111 0.0047708333333333335 0.01405648148148148
1 0.28234869791666667 0.7376912037037037 0.02928072916666667 0.045752777777777774
1 0.26772786458333336 0.6113287037037037 0.0125390625 0.03562037037037037
1 0.30851432291666664 0.7957643518518519 0.0243203125 0.13967685185185186
1 0.30731197916666664 0.7441976851851853 0.012540625 0.03654351851851852
1 0.2620005208333333 0.8680856481481481 0.027126041666666666 0.03246759259259259
1 0.2992427083333334 0.8963120370370371 0.005777083333333334 0.02966111111111111
1 0.4175953125 0.6536231481481481 0.011232291666666666 0.02020925925925926
1 0.3612255208333333 0.6813439814814815 0.004742708333333333 0.014539814814814814
1 0.38416953125000003 0.7949861111111112 0.004797395833333333 0.01589814814814815
1 0.44509843750000005 0.672287962962963 0.007905208333333334 0.02050185185185185
1 0.3932013020833333 0.09245277777777779 0.019735937500000002 0.0330537037037037
1 0.4105880208333333 0.10807824074074075 0.017009375 0.030971296296296295
1 0.49130520833333335 0.15456342592592592 0.01594375 0.0683861111111111
1 0.38917135416666665 0.3308407407407407 0.009592708333333333 0.04686666666666667
1 0.399709375 0.39585555555555557 0.025460416666666666 0.04541481481481482
1 0.548834375 0.23576527777777778 0.029960416666666666 0.054863888888888886
1 0.5296393229166667 0.08937037037037036 0.012403645833333334 0.01948148148148148
1 0.57045234375 0.12519444444444444 0.0190296875 0.026314814814814815
1 0.6192463541666666 0.09355185185185186 0.033284375 0.05006666666666667
1 0.6143604166666666 0.09379490740740741 0.02559583333333333 0.05055277777777778
1 0.62615625 0.19249212962962964 0.02314583333333333 0.018317592592592594
1 0.6190651041666667 0.18923055555555557 0.010005208333333333 0.01735
1 0.63595546875 0.1587287037037037 0.018785937500000002 0.05079074074074074
1 0.5501229166666667 0.35007453703703706 0.03462083333333333 0.04459351851851852
1 0.5246065104166667 0.4129689814814815 0.008588020833333333 0.024086111111111114
1 0.6212252604166667 0.23975462962962962 0.007033854166666667 0.012842592592592591
1 0.6448359375 0.05586157407407408 0.018838541666666667 0.030241666666666667
1 0.6729986979166667 0.27033240740740744 0.014747395833333335 0.031405555555555555
1 0.6906018229166667 0.15672962962962964 0.0134953125 0.02457037037037037
1 0.6154520833333332 0.3814458333333333 0.0079875 0.012891666666666666
1 0.6453497395833333 0.3551078703703704 0.006324479166666667 0.012067592592592592
1 0.6746583333333334 0.3262342592592593 0.004525 0.011727777777777778
1 0.69606953125 0.3030759259259259 0.008805729166666667 0.01541111111111111
1 0.6685388020833333 0.0375537037037037 0.006869270833333333 0.01584814814814815
1 0.7276057291666667 0.06485601851851852 0.009378125 0.020452777777777778
1 0.7189192708333334 0.09261851851851853 0.018046875 0.02597777777777778
1 0.7616075520833333 0.1172949074074074 0.0409234375 0.053108333333333334
1 0.7250341145833333 0.15551805555555553 0.012568229166666667 0.022147222222222224
1 0.75295625 0.18738564814814815 0.0371625 0.10254907407407407
1 0.75088515625 0.1838027777777778 0.0330203125 0.09353148148148148
1 0.7476903645833333 0.1594449074074074 0.027672395833333332 0.046667592592592594
1 0.73140546875 0.20379074074074074 0.012810937500000001 0.039062962962962966
1 0.8823296875000001 0.2516199074074074 0.23549270833333333 0.4087953703703704
1 0.7589554687500001 0.21006574074074075 0.023119270833333334 0.0423537037037037
1 0.728303125 0.2680425925925926 0.02535625 0.06571481481481481
1 0.72703671875 0.2541162037037037 0.021781770833333332 0.03601018518518519
1 0.723046875 0.28688240740740745 0.007552083333333333 0.02932037037037037
1 0.75765 0.29919675925925926 0.00905 0.026171296296296297
1 0.7353632812500001 0.3677449074074074 0.019684895833333334 0.04104537037037037
1 0.7120791666666667 0.42544861111111115 0.008533333333333334 0.013860185185185185
1 0.7271458333333333 0.4103796296296296 0.007416666666666667 0.026314814814814815
1 0.9581161458333334 0.15245462962962963 0.083940625 0.11787222222222223
1 0.9313268229166667 0.17511898148148147 0.04911197916666667 0.20208981481481483
1 0.7149989583333334 0.45757824074074077 0.008122916666666667 0.026267592592592592
1 0.7498052083333333 0.45459212962962964 0.011068749999999999 0.022147222222222224
1 0.7602416666666667 0.4727851851851852 0.009025 0.0252
1 0.7427989583333333 0.5165824074074074 0.011639583333333333 0.022053703703703704
1 0.7686989583333333 0.5168527777777778 0.013439583333333333 0.020742592592592594
1 0.77796328125 0.48697175925925923 0.0090515625 0.01468425925925926
1 0.7317638020833334 0.5419694444444444 0.012485937499999999 0.022827777777777777
1 0.7239145833333333 0.5634939814814814 0.011370833333333333 0.04550648148148148
1 0.7801648437500001 0.5373583333333333 0.006163020833333334 0.024716666666666665
1 0.7971390625 0.5345023148148148 0.008861458333333332 0.026412037037037036
1 0.7424921875 0.6086648148148147 0.008942708333333334 0.021033333333333334
1 0.78008046875 0.5946634259259259 0.011202604166666666 0.03562314814814815
1 0.9020572916666667 0.0794662037037037 0.014531249999999999 0.014487962962962963
1 0.828840625 0.6330625 0.013931250000000001 0.02723611111111111
1 0.8556138020833333 0.6792527777777777 0.017477604166666667 0.0918388888888889
1 0.8529114583333333 0.651924074074074 0.013114583333333334 0.03532962962962963
1 0.7638096354166667 0.742536574074074 0.011994270833333332 0.020258333333333333
1 0.7722682291666667 0.767349074074074 0.0059947916666666665 0.0439574074074074
1 0.698165625 0.8496421296296297 0.019247916666666667 0.023358333333333335
1 0.71609765625 0.8283606481481481 0.012403645833333334 0.027091666666666667
1 0.7283520833333333 0.858274537037037 0.022329166666666667 0.048030555555555556
1 0.80976796875 0.803363425925926 0.011202604166666666 0.04376388888888889
1 0.7875505208333333 0.8240717592592592 0.006351041666666667 0.01851388888888889
1 0.8601502604166666 0.7140875 0.013008854166666667 0.10410092592592593
1 0.85568671875 0.8041134259259259 0.010331770833333333 0.019337962962962963
1 0.8523158854166667 0.8238597222222223 0.009840104166666667 0.01623796296296296
1 0.8518848958333333 0.8570898148148148 0.012103125 0.017883333333333334
1 0.8484447916666666 0.8563143518518518 0.00730625 0.016332407407407407
1 0.8925484375 0.877361111111111 0.013221875 0.0362037037037037
1 0.7997614583333333 0.8643037037037037 0.006814583333333333 0.017496296296296298
1 0.88177265625 0.8123787037037037 0.0041703124999999995 0.01735
1 0.8471799479166666 0.6889703703703703 0.0037348958333333336 0.005718518518518519
1 0.8538736979166667 0.7166541666666666 0.006705729166666666 0.022197222222222222
1 0.8639815104166666 0.8878587962962964 0.009213020833333333 0.020162037037037037
