2 0.49973958333333335 0.5486111111111112 0.9994791666666667 0.9009259259259259
1 0.4630208333333333 0.6648148148148149 0.015625 0.037037037037037035
1 0.40598958333333335 0.9125 0.009895833333333333 0.023148148148148147
1 0.23255208333333333 0.25 0.0078125 0.016666666666666666
1 0.6052083333333333 0.23657407407407408 0.00625 0.01574074074074074
1 0.4513020833333333 0.7361111111111112 0.008854166666666666 0.018518518518518517
1 0.48020833333333335 0.7847222222222222 0.019791666666666666 0.026851851851851852
1 0.7161458333333334 0.4097222222222222 0.025 0.019444444444444445
1 0.99609375 0.537962962962963 0.0067708333333333336 0.027777777777777776
1 0.7557291666666667 0.24953703703703703 0.008333333333333333 0.01574074074074074
1 0.002864583333333333 0.2759259259259259 0.005729166666666666 0.03518518518518519
1 0.7515625 0.2273148148148148 0.011458333333333333 0.025
