2 0.49973958333333335 0.5157407407407407 0.9994791666666667 0.9666666666666667
2 0.5268229166666667 0.9472222222222222 0.05260416666666667 0.1037037037037037
1 0.6010416666666667 0.26990740740740743 0.026041666666666668 0.04351851851851852
1 0.54921875 0.42685185185185187 0.030729166666666665 0.06851851851851852
1 0.44947916666666665 0.8490740740740741 0.028125 0.018518518518518517
1 0.47890625 0.8185185185185185 0.0067708333333333336 0.018518518518518517
1 0.47994791666666664 0.7953703703703704 0.016145833333333335 0.025925925925925925
1 0.4921875 0.7532407407407408 0.035416666666666666 0.04351851851851852
1 0.46119791666666665 0.75 0.0109375 0.012962962962962963
1 0.47734375 0.7384259259259259 0.013020833333333334 0.023148148148148147
1 0.6315104166666666 0.5925925925925926 0.009895833333333333 0.018518518518518517
1 0.32838541666666665 0.04583333333333333 0.0109375 0.021296296296296296
1 0.6359375 0.10092592592592593 0.0125 0.027777777777777776
1 0.15026041666666667 0.41712962962962963 0.0067708333333333336 0.012037037037037037
1 0.15703125 0.4203703703703704 0.0036458333333333334 0.003703703703703704
1 0.36640625 0.35185185185185186 0.015104166666666667 0.018518518518518517
1 0.4484375 0.9814814814814815 0.010416666666666666 0.020370370370370372
1 0.46822916666666664 0.9611111111111111 0.021875 0.040740740740740744
1 0.5161458333333333 0.9194444444444444 0.020833333333333332 0.04814814814814815
1 0.15755208333333334 0.8828703703703704 0.011979166666666667 0.019444444444444445
1 0.17682291666666666 0.8467592592592592 0.0171875 0.028703703703703703
1 0.184375 0.9222222222222223 0.019791666666666666 0.03888888888888889
1 0.75859375 0.12314814814814815 0.0140625 0.02962962962962963
1 0.5940104166666667 0.06620370370370371 0.016145833333333335 0.019444444444444445
1 0.04635416666666667 0.32546296296296295 0.011458333333333333 0.019444444444444445
1 0.02734375 0.8662037037037037 0.011979166666666667 0.019444444444444445
1 0.3221354166666667 0.9638888888888889 0.0078125 0.012962962962962963
1 0.35442708333333334 0.9611111111111111 0.008854166666666666 0.025925925925925925
1 0.4625 0.6888888888888889 0.011458333333333333 0.022222222222222223
1 0.5953125 0.9069444444444444 0.010416666666666666 0.021296296296296296
1 0.453125 0.9425925925925925 0.015625 0.018518518518518517
1 0.6002604166666666 0.20324074074074075 0.015104166666666667 0.019444444444444445
1 0.63359375 0.47962962962962963 0.0140625 0.018518518518518517
1 0.44036458333333334 0.625462962962963 0.0067708333333333336 0.013888888888888888
1 0.41067708333333336 0.5763888888888888 0.005729166666666666 0.012037037037037037
1 0.4171875 0.44583333333333336 0.005208333333333333 0.025
1 0.40963541666666664 0.43287037037037035 0.0046875 0.006481481481481481
1 0.34921875 0.4837962962962963 0.008854166666666666 0.013888888888888888
1 0.49635416666666665 0.562962962962963 0.004166666666666667 0.007407407407407408
1 0.3145833333333333 0.9384259259259259 0.007291666666666667 0.021296296296296296
1 0.37864583333333335 0.6805555555555556 0.007291666666666667 0.014814814814814815
1 0.48333333333333334 0.7125 0.005208333333333333 0.01574074074074074
1 0.4518229166666667 0.8018518518518518 0.009895833333333333 0.020370370370370372
1 0.41692708333333334 0.7828703703703703 0.009895833333333333 0.01574074074074074
1 0.4401041666666667 0.7814814814814814 0.00625 0.005555555555555556
1 0.43307291666666664 0.7726851851851851 0.005729166666666666 0.008333333333333333
1 0.3645833333333333 0.9300925925925926 0.010416666666666666 0.019444444444444445
1 0.5619791666666667 0.749537037037037 0.009375 0.019444444444444445
1 0.58671875 0.4305555555555556 0.009895833333333333 0.022222222222222223
1 0.8315104166666667 0.8277777777777777 0.0067708333333333336 0.011111111111111112
1 0.36822916666666666 0.325 0.016666666666666666 0.014814814814814815
1 0.0036458333333333334 0.7847222222222222 0.007291666666666667 0.017592592592592594
1 0.037760416666666664 0.7532407407407408 0.005729166666666666 0.019444444444444445
1 0.08411458333333334 0.9708333333333333 0.0046875 0.013888888888888888
1 0.07005208333333333 0.9199074074074074 0.0046875 0.010185185185185186
1 0.14192708333333334 0.7583333333333333 0.016145833333333335 0.07592592592592592
1 0.13307291666666668 0.8388888888888889 0.008854166666666666 0.03333333333333333
