2 0.5 0.44727734375 1.0 0.8945546875
1 0.918185546875 0.3004904513888889 0.00726953125 0.021119791666666665
1 0.732358154296875 0.06653862847222222 0.00475537109375 0.015021701388888888
1 0.895061767578125 0.4484500868055556 0.00887353515625 0.011483506944444444
1 0.85914453125 0.6385021701388889 0.0229765625 0.04957378472222222
1 0.651510986328125 0.5831336805555556 0.02860791015625 0.030850694444444444
1 0.91274609375 0.8030503472222222 0.0051796875 0.010614583333333334
1 0.966413818359375 0.7366197916666667 0.00899951171875 0.014906250000000001
1 0.818680908203125 0.8327834201388888 0.00454931640625 0.009316840277777778
1 0.486127197265625 0.80328125 0.00741064453125 0.016284722222222225
1 0.45324755859375 0.6758311631944445 0.0119638671875 0.023537326388888887
1 0.468614013671875 0.7806649305555555 0.00461083984375 0.007510416666666666
1 0.49216357421875 0.746033420138889 0.0038583984375 0.0059557291666666665
1 0.351860107421875 0.7189405381944445 0.00840771484375 0.010797743055555555
1 0.34455029296875 0.5185295138888889 0.0045302734375 0.007545138888888889
1 0.514108154296875 0.5578424479166667 0.01845068359375 0.03755989583333333
1 0.527852783203125 0.39001432291666666 0.01078369140625 0.014403645833333333
1 0.44240673828125 0.6805108506944444 0.0068837890625 0.008591145833333334
1 0.145377685546875 0.5006888020833333 0.01048193359375 0.015266493055555556
1 0.151980224609375 0.4255876736111111 0.02075732421875 0.054300347222222226
1 0.1076728515625 0.42685850694444444 0.004408203125 0.008230902777777778
1 0.17938671875 0.30371918402777776 0.006234375 0.011952256944444444
1 0.18294384765625 0.1897048611111111 0.0231142578125 0.05475694444444444
1 0.147576904296875 0.19963932291666667 0.00804443359375 0.0346953125
1 0.323339111328125 0.0551171875 0.00800634765625 0.023428819444444443
1 0.128026611328125 0.049871093750000005 0.00507666015625 0.007728298611111111
1 0.451902099609375 0.15351779513888889 0.00536669921875 0.02057725694444444
1 0.010920654296875 0.3470833333333333 0.00719287109375 0.015347222222222222
