2 0.49973958333333335 0.5375 0.9994791666666667 0.9231481481481482
2 0.9067708333333333 0.14953703703703702 0.03229166666666667 0.026851851851851852
1 0.84140625 0.40046296296296297 0.015104166666666667 0.03981481481481482
1 0.93125 0.35694444444444445 0.007291666666666667 0.013888888888888888
1 0.9 0.49953703703703706 0.009375 0.03425925925925926
1 0.9606770833333333 0.6449074074074074 0.0078125 0.017592592592592594
1 0.9065104166666667 0.5796296296296296 0.008854166666666666 0.027777777777777776
1 0.8919270833333334 0.7652777777777777 0.009895833333333333 0.025
1 0.953125 0.8662037037037037 0.0125 0.03611111111111111
1 0.9549479166666667 0.9638888888888889 0.008854166666666666 0.025925925925925925
1 0.9317708333333333 0.9115740740740741 0.008333333333333333 0.017592592592592594
1 0.83671875 0.9907407407407407 0.016145833333333335 0.016666666666666666
1 0.6239583333333333 0.9222222222222223 0.026041666666666668 0.022222222222222223
1 0.011979166666666667 0.9435185185185185 0.005208333333333333 0.022222222222222223
1 0.040625 0.9449074074074074 0.008333333333333333 0.021296296296296296
1 0.14427083333333332 0.9263888888888889 0.015625 0.06388888888888888
1 0.24010416666666667 0.7337962962962963 0.010416666666666666 0.03796296296296296
1 0.25494791666666666 0.7717592592592593 0.0140625 0.026851851851851852
1 0.171875 0.6680555555555555 0.014583333333333334 0.021296296296296296
1 0.07604166666666666 0.7587962962962963 0.0125 0.025
1 0.171875 0.44351851851851853 0.021875 0.02962962962962963
1 0.11119791666666666 0.3453703703703704 0.008854166666666666 0.027777777777777776
1 0.30833333333333335 0.1638888888888889 0.01875 0.027777777777777776
1 0.33229166666666665 0.43657407407407406 0.020833333333333332 0.041666666666666664
1 0.34609375 0.5236111111111111 0.030729166666666665 0.05277777777777778
1 0.21822916666666667 0.9680555555555556 0.0125 0.032407407407407406
1 0.2713541666666667 0.725925925925926 0.010416666666666666 0.018518518518518517
1 0.5263020833333333 0.7462962962962963 0.009895833333333333 0.012962962962962963
1 0.6486979166666667 0.5893518518518519 0.0046875 0.008333333333333333
1 0.5828125 0.6333333333333333 0.00625 0.011111111111111112
1 0.6114583333333333 0.6865740740740741 0.007291666666666667 0.008333333333333333
1 0.6184895833333334 0.3675925925925926 0.0234375 0.06481481481481481
1 0.6502604166666667 0.29074074074074074 0.03177083333333333 0.04814814814814815
1 0.6247395833333333 0.23287037037037037 0.0078125 0.019444444444444445
1 0.5966145833333333 0.10185185185185185 0.0109375 0.02962962962962963
1 0.53046875 0.15324074074074073 0.0036458333333333334 0.006481481481481481
