2 0.49973958333333335 0.513425925925926 0.9994791666666667 0.9694444444444444
2 0.07222552083333333 0.10674444444444445 0.016326041666666666 0.015340740740740742
2 0.08958333333333333 0.10094722222222222 0.013541666666666667 0.02596851851851852
1 0.175 0.09212962962962963 0.005208333333333333 0.010185185185185186
1 0.17552083333333332 0.1439814814814815 0.010416666666666666 0.032407407407407406
1 0.23880208333333333 0.2564814814814815 0.015104166666666667 0.07592592592592592
1 0.24713541666666666 0.5652777777777778 0.009895833333333333 0.017592592592592594
1 0.041666666666666664 0.6722222222222223 0.009375 0.025925925925925925
1 0.05546875 0.8402777777777778 0.0109375 0.025
1 0.06796875 0.8944444444444445 0.008854166666666666 0.016666666666666666
1 0.0953125 0.9462962962962963 0.007291666666666667 0.018518518518518517
1 0.10911458333333333 0.9842592592592593 0.0067708333333333336 0.011111111111111112
1 0.11354166666666667 0.9402777777777778 0.010416666666666666 0.028703703703703703
1 0.18723958333333332 0.8166666666666667 0.013020833333333334 0.03333333333333333
1 0.31302083333333336 0.862037037037037 0.010416666666666666 0.022222222222222223
1 0.2984375 0.8689814814814815 0.017708333333333333 0.03796296296296296
1 0.28203125 0.8555555555555555 0.0078125 0.016666666666666666
1 0.2890625 0.9518518518518518 0.03125 0.03888888888888889
1 0.24583333333333332 0.9212962962962963 0.004166666666666667 0.005555555555555556
1 0.37265625 0.9430555555555555 0.0078125 0.026851851851851852
1 0.36015625 0.8268518518518518 0.0078125 0.014814814814814815
1 0.47552083333333334 0.7537037037037037 0.0125 0.012962962962962963
1 0.7895833333333333 0.5981481481481481 0.005208333333333333 0.009259259259259259
1 0.99765625 0.37824074074074077 0.0046875 0.006481481481481481
1 0.8072916666666666 0.8097222222222222 0.007291666666666667 0.03425925925925926
1 0.8140625 0.8763888888888889 0.008333333333333333 0.023148148148148147
1 0.8427083333333333 0.9064814814814814 0.00625 0.018518518518518517
1 0.7403645833333333 0.8958333333333334 0.018229166666666668 0.03981481481481482
1 0.73984375 0.8861111111111111 0.0171875 0.018518518518518517
1 0.36484375 0.6518518518518519 0.009895833333333333 0.007407407407407408
1 0.35182291666666665 0.6546296296296297 0.0078125 0.016666666666666666
1 0.4010416666666667 0.23842592592592593 0.017708333333333333 0.017592592592592594
1 0.40598958333333335 0.300462962962963 0.027604166666666666 0.05462962962962963
1 0.39348958333333334 0.25972222222222224 0.0046875 0.008333333333333333
1 0.5515625 0.38564814814814813 0.008333333333333333 0.041666666666666664
1 0.6145833333333334 0.4828703703703704 0.01875 0.03611111111111111
1 0.64453125 0.49444444444444446 0.0328125 0.05555555555555555
1 0.6239583333333333 0.4476851851851852 0.010416666666666666 0.019444444444444445
1 0.7669270833333334 0.6925925925925925 0.018229166666666668 0.025925925925925925
1 0.9526041666666667 0.8601851851851852 0.009375 0.03518518518518519
1 0.9768229166666667 0.8138888888888889 0.013020833333333334 0.03148148148148148
1 0.978125 0.7620370370370371 0.017708333333333333 0.037037037037037035
1 0.9450520833333333 0.7398148148148148 0.005729166666666666 0.018518518518518517
1 0.9697916666666667 0.5615740740740741 0.00625 0.013888888888888888
1 0.9533854166666667 0.3199074074074074 0.009895833333333333 0.021296296296296296
1 0.87890625 0.3189814814814815 0.009895833333333333 0.023148148148148147
1 0.17239583333333333 0.6416666666666667 0.020833333333333332 0.037037037037037035
