2 0.4737036458333333 0.5833671296296296 0.9474072916666666 0.833400925925926
1 0.4331625 0.4822689814814815 0.030908333333333333 0.023797222222222223
1 0.15562369791666666 0.7210523148148148 0.0122890625 0.03469722222222222
1 0.022244270833333336 0.6386069444444444 0.011155208333333333 0.025362037037037037
1 0.16387265625 0.9090912037037037 0.007953645833333333 0.027441666666666666
1 0.22653776041666665 0.8584361111111111 0.011408854166666668 0.03539074074074074
1 0.20050520833333335 0.284287962962963 0.004135416666666667 0.007464814814814814
1 0.48383098958333337 0.3096703703703704 0.006203645833333333 0.013785185185185185
1 0.4630809895833333 0.6476069444444444 0.0094953125 0.022991666666666667
1 0.49525286458333334 0.3968287037037037 0.006130729166666667 0.014027777777777778
1 0.6310989583333334 0.8842166666666667 0.00490625 0.009174074074074074
1 0.3768268229166667 0.9663856481481482 0.0171953125 0.01425277777777778
1 0.6819859375 0.9513796296296296 0.010846875 0.017574074074074075
