2 0.49973958333333335 0.5481481481481482 0.9994791666666667 0.9018518518518519
1 0.050520833333333334 0.6314814814814815 0.013541666666666667 0.025925925925925925
1 0.22109375 0.6101851851851852 0.025520833333333333 0.07222222222222222
1 0.36276041666666664 0.1986111111111111 0.015104166666666667 0.041666666666666664
1 0.321875 0.2125 0.007291666666666667 0.023148148148148147
1 0.4934895833333333 0.799537037037037 0.03177083333333333 0.04351851851851852
1 0.4765625 0.29814814814814816 0.019791666666666666 0.020370370370370372
1 0.37734375 0.17314814814814813 0.0171875 0.022222222222222223
1 0.5924479166666666 0.513425925925926 0.015104166666666667 0.025
1 0.6341145833333334 0.7226851851851852 0.015104166666666667 0.03981481481481482
1 0.57265625 0.7569444444444444 0.019270833333333334 0.028703703703703703
1 0.57734375 0.3263888888888889 0.0171875 0.05462962962962963
1 0.6096354166666667 0.49953703703703706 0.0109375 0.03611111111111111
1 0.9645833333333333 0.4824074074074074 0.014583333333333334 0.03888888888888889
1 0.8635416666666667 0.7324074074074074 0.020833333333333332 0.06296296296296296
1 0.9635416666666666 0.5939814814814814 0.010416666666666666 0.025
1 0.8763020833333334 0.861574074074074 0.024479166666666666 0.03611111111111111
1 0.85 0.9268518518518518 0.010416666666666666 0.024074074074074074
1 0.85234375 0.9 0.0109375 0.025925925925925925
1 0.9286458333333333 0.5421296296296296 0.007291666666666667 0.019444444444444445
1 0.9557291666666666 0.5611111111111111 0.005208333333333333 0.020370370370370372
1 0.8138020833333334 0.48842592592592593 0.013020833333333334 0.017592592592592594
1 0.04479166666666667 0.8412037037037037 0.019791666666666666 0.04351851851851852
1 0.06692708333333333 0.9587962962962963 0.0078125 0.01574074074074074
1 0.115625 0.950462962962963 0.00625 0.017592592592592594
1 0.0796875 0.6527777777777778 0.007291666666666667 0.014814814814814815
1 0.5091145833333334 0.8106481481481481 0.008854166666666666 0.023148148148148147
1 0.5796875 0.9111111111111111 0.023958333333333335 0.03888888888888889
1 0.4161458333333333 0.9875 0.013541666666666667 0.023148148148148147
1 0.5169471354166667 0.9279916666666667 0.09014427083333333 0.11894629629629629
1 0.5299479166666666 0.9689814814814814 0.0140625 0.01574074074074074
1 0.5947916666666667 0.14305555555555555 0.016666666666666666 0.03425925925925926
1 0.4140625 0.26851851851851855 0.011458333333333333 0.037037037037037035
1 0.08098958333333334 0.3587962962962963 0.0036458333333333334 0.012037037037037037
1 0.14401041666666667 0.8208333333333333 0.0265625 0.05277777777777778
1 0.7518229166666667 0.36064814814814816 0.0078125 0.01574074074074074
1 0.925 0.9013888888888889 0.010416666666666666 0.028703703703703703
1 0.9901041666666667 0.7037037037037037 0.005208333333333333 0.025925925925925925
1 0.5570513020833334 0.31453009259259257 0.02764427083333333 0.06980092592592593
