2 0.5 0.4694421296296296 1.0 0.9388842592592592
1 0.415309375 0.8096888888888889 0.007702083333333333 0.015674074074074076
1 0.09249687499999999 0.2486 0.015202083333333333 0.03794074074074074
1 0.08982473958333334 0.35085925925925926 0.0098578125 0.027644444444444447
1 0.9885408854166666 0.3990402777777778 0.0093734375 0.020302777777777777
1 0.4455674479166667 0.5346643518518519 0.010926562499999999 0.01747685185185185
1 0.9748763020833333 0.74695 0.0143359375 0.0439
1 0.6763604166666667 0.639349074074074 0.0100125 0.0342537037037037
1 0.18595885416666666 0.7421833333333333 0.016709375000000002 0.03807037037037037
1 0.44166614583333336 0.1023949074074074 0.007290624999999999 0.006641666666666666
1 0.7562533854166666 0.04034074074074074 0.013548437500000001 0.023274074074074072
