2 0.5 0.4959050925925926 1.0 0.9918101851851852
1 0.4807575520833333 0.6673694444444445 0.0167234375 0.029183333333333335
1 0.25541692708333336 0.6341782407407408 0.0222921875 0.025763888888888888
1 0.16088567708333334 0.21524814814814813 0.011354687499999998 0.023088888888888888
1 0.30296953125 0.17085416666666667 0.012189062499999999 0.039856481481481486
1 0.28345963541666663 0.1527148148148148 0.0210859375 0.04061481481481481
1 0.5393192708333333 0.34653240740740743 0.019263541666666665 0.04306481481481481
1 0.7226557291666666 0.18292083333333334 0.01718645833333333 0.01028611111111111
1 0.8091276041666667 0.5208083333333333 0.02450520833333333 0.04346851851851852
1 0.63140625 0.7137333333333333 0.010729166666666668 0.008948148148148148
1 0.5826901041666667 0.17385416666666664 0.007046874999999999 0.008819444444444444
1 0.404846875 0.2323523148148148 0.008652083333333333 0.01470462962962963
1 0.4422036458333333 0.3524037037037037 0.004198958333333333 0.00665925925925926
1 0.5438658854166667 0.3193962962962963 0.011690104166666666 0.012866666666666667
1 0.17380338541666665 0.564787037037037 0.0059401041666666664 0.0073518518518518525
