2 0.5 0.5179541666666666 1.0 0.963686111111111
1 0.15464661458333331 0.21202314814814816 0.009293229166666667 0.037009259259259256
1 0.017712500000000003 0.26786574074074077 0.0073 0.02462037037037037
1 0.010866666666666667 0.33725462962962965 0.00715 0.02821296296296296
1 0.212209375 0.2975337962962963 0.031710416666666665 0.06543796296296296
1 0.21178880208333334 0.21632175925925926 0.011077604166666666 0.09745833333333333
1 0.20289244791666666 0.4686930555555555 0.0162015625 0.03738611111111111
1 0.08595104166666667 0.5758490740740742 0.026068749999999998 0.05910555555555556
1 0.15661015625000002 0.5664842592592593 0.0069703125 0.020005555555555558
1 0.11184713541666666 0.7312337962962963 0.0091109375 0.01802314814814815
1 0.2776802083333333 0.5751222222222222 0.017860416666666667 0.03357777777777778
1 0.2956643229166667 0.6805037037037037 0.005911979166666667 0.031377777777777775
1 0.6520921875 0.8144208333333333 0.014601041666666667 0.05106388888888889
1 0.6847770833333333 0.8607842592592593 0.03309583333333333 0.04934629629629629
1 0.7886500000000001 0.740862037037037 0.013758333333333334 0.033575925925925926
1 0.7293822916666667 0.7811907407407408 0.009806249999999999 0.023492592592592593
1 0.8134575520833334 0.7956037037037037 0.005040104166666667 0.02268888888888889
1 0.8172434895833334 0.6786412037037037 0.010528645833333333 0.025800925925925925
1 0.8193216145833334 0.7397828703703704 0.005309895833333333 0.014750925925925926
1 0.8400411458333333 0.6633347222222222 0.006123958333333333 0.01185462962962963
1 0.8933169270833333 0.6559495370370371 0.008508854166666666 0.023010185185185186
1 0.8182994791666667 0.5332407407407407 0.012640624999999999 0.03314814814814815
1 0.79959375 0.47546990740740747 0.014812500000000001 0.03797685185185185
1 0.73862421875 0.43275416666666666 0.018915104166666665 0.04698981481481482
1 0.6502138020833333 0.18627222222222223 0.013969270833333334 0.035507407407407404
1 0.7980049479166667 0.37934305555555553 0.0064265625 0.012389814814814815
1 0.8326653645833333 0.45231435185185187 0.011164062499999999 0.017591666666666665
1 0.8313755208333333 0.498049537037037 0.007542708333333333 0.01276574074074074
1 0.8797981770833334 0.9451087962962963 0.007513020833333333 0.01984722222222222
