2 0.50115703125 0.5276842592592592 0.9981473958333333 0.9442574074074074
1 0.5853270833333333 0.4096078703703704 0.03732083333333334 0.08588240740740741
1 0.5578786458333334 0.38657546296296297 0.025132291666666664 0.06203981481481481
1 0.5810260416666666 0.3045231481481481 0.021427083333333333 0.038675925925925926
1 0.6045302083333334 0.33696712962962966 0.018435416666666666 0.051712037037037036
1 0.5269328125 0.2677685185185185 0.010115625 0.024425925925925924
1 0.6312018229166667 0.24226481481481482 0.012403645833333334 0.021566666666666668
1 0.5691361979166667 0.24124259259259256 0.009105729166666666 0.012114814814814814
1 0.7830427083333333 0.3502569444444445 0.041085416666666666 0.08384722222222223
1 0.8848374999999999 0.8300898148148148 0.015508333333333334 0.045364814814814816
1 0.3697635416666667 0.6952685185185185 0.02494375 0.06275925925925926
1 0.442628125 0.17621851851851852 0.009214583333333333 0.026511111111111114
1 0.37284687499999997 0.13182453703703703 0.010277083333333333 0.017352777777777776
1 0.4872588541666667 0.820787037037037 0.012017708333333333 0.05268518518518518
1 0.3950260416666667 0.9156574074074074 0.023385416666666665 0.09242592592592593
1 0.6183609375 0.952374537037037 0.016930208333333332 0.03993425925925926
1 0.6652419270833333 0.8763939814814815 0.009650520833333334 0.015750925925925925
1 0.38988802083333335 0.8012291666666667 0.008942708333333334 0.013569444444444443
1 0.474115625 0.5632027777777778 0.007606249999999999 0.01899814814814815
1 0.41746666666666665 0.5918393518518519 0.013058333333333333 0.017012037037037037
1 0.23001380208333336 0.6317796296296296 0.0058609375 0.01541111111111111
1 0.6032369791666666 0.4467092592592593 0.018973958333333332 0.026751851851851853
