2 0.5 0.5105069444444444 1.0 0.9784212962962963
1 0.43309375 0.15892314814814815 0.010979166666666667 0.027105555555555556
1 0.3058838541666667 0.4850425925925926 0.011767708333333333 0.031196296296296295
1 0.27777864583333334 0.4518111111111111 0.024307291666666668 0.023992592592592593
1 0.5768523437499999 0.8405425925925927 0.015163020833333334 0.03849259259259259
1 0.7825776041666667 0.7993967592592592 0.022446874999999998 0.024719444444444443
1 0.7776153645833334 0.32897638888888886 0.018772395833333334 0.06536018518518519
1 0.4371625 0.8251532407407407 0.012866666666666667 0.024380555555555555
1 0.33425 0.9371185185185185 0.021625000000000002 0.022385185185185185
1 0.242721875 0.43911944444444445 0.01669375 0.056016666666666666
1 0.32769375 0.2944291666666667 0.008512500000000001 0.022191666666666665
1 0.3112973958333333 0.2519259259259259 0.014261458333333334 0.03348148148148148
1 0.23457343749999998 0.25047916666666664 0.010813541666666667 0.012069444444444445
1 0.85444453125 0.25560046296296296 0.010972395833333334 0.04083055555555556
1 0.8372736979166666 0.5308296296296297 0.0099640625 0.024622222222222222
1 0.7702075520833334 0.6998629629629629 0.012290104166666668 0.020096296296296296
1 0.7745981770833333 0.5675555555555556 0.005446354166666667 0.018444444444444447
1 0.9313005208333334 0.8580458333333333 0.007392708333333334 0.02720277777777778
1 0.8986614583333333 0.7426814814814815 0.01190625 0.014992592592592592
1 0.89122109375 0.2740870370370371 0.009525520833333334 0.016692592592592592
1 0.8139828125 0.16420833333333335 0.016507291666666667 0.03212037037037037
1 0.8904682291666667 0.20460046296296297 0.004894791666666666 0.04253425925925926
1 0.5932981770833333 0.23070555555555555 0.018888020833333335 0.03178148148148148
1 0.9215260416666666 0.2555861111111111 0.00971875 0.025987037037037038
1 0.93801796875 0.22131435185185186 0.0041609375 0.00929537037037037
1 0.8017346354166667 0.08039768518518518 0.0076359374999999995 0.018202777777777776
