2 0.5 0.533124074074074 1.0 0.9329148148148149
2 0.078528125 0.21297361111111113 0.031014583333333335 0.027799074074074073
1 0.9767658854166666 0.33795046296296294 0.0076984375 0.027752777777777776
1 0.8190507812500001 0.31451296296296294 0.007893229166666666 0.021618518518518516
1 0.6497747395833334 0.2141976851851852 0.022466145833333333 0.04135833333333334
1 0.5490489583333333 0.1701152777777778 0.024139583333333332 0.03652685185185185
1 0.46773880208333335 0.32010370370370367 0.014644270833333334 0.036503703703703705
1 0.4823736979166667 0.23574444444444442 0.011622395833333334 0.03445185185185185
1 0.30263671875 0.4812902777777778 0.013606770833333334 0.02739537037037037
1 0.18244166666666667 0.5473606481481481 0.011758333333333334 0.024350925925925925
1 0.14483411458333334 0.418474537037037 0.0136265625 0.04435648148148148
1 0.19516119791666667 0.42226759259259256 0.011155729166666666 0.05194259259259259
1 0.19185911458333335 0.5736652777777778 0.006634895833333334 0.013997222222222223
1 0.347490625 0.9468097222222221 0.01685625 0.025100925925925926
1 0.4088729166666667 0.9778546296296297 0.020870833333333335 0.020524074074074073
1 0.39163593750000003 0.984125925925926 0.021813541666666665 0.031214814814814817
1 0.6436588541666667 0.8359199074074074 0.015442708333333333 0.05146944444444445
1 0.9462247395833334 0.6807555555555556 0.008074479166666667 0.02262222222222222
1 0.8393364583333334 0.8945124999999999 0.01513125 0.027913888888888887
1 0.45830651041666665 0.40442638888888893 0.007238020833333333 0.012556481481481481
1 0.44841015624999997 0.4360583333333333 0.0041119791666666666 0.027672222222222223
1 0.43455651041666665 0.5096273148148148 0.005571354166666666 0.019254629629629632
1 0.49001640625 0.29054444444444444 0.0050328125 0.008866666666666667
1 0.2696265625 0.7235185185185184 0.026753125 0.021111111111111112
1 0.01433046875 0.41989074074074073 0.018244270833333336 0.06015185185185185
