2 0.521875 0.5930555555555556 0.9552083333333333 0.812037037037037
1 0.13229166666666667 0.43333333333333335 0.016666666666666666 0.05185185185185185
1 0.40234375 0.2847222222222222 0.008854166666666666 0.012037037037037037
1 0.42942708333333335 0.23055555555555557 0.024479166666666666 0.06481481481481481
1 0.42421875 0.24583333333333332 0.011979166666666667 0.032407407407407406
1 0.4671875 0.3523148148148148 0.042708333333333334 0.0712962962962963
1 0.47942708333333334 0.4115740740740741 0.0328125 0.07685185185185185
1 0.471875 0.4199074074074074 0.019791666666666666 0.026851851851851852
1 0.48932291666666666 0.39675925925925926 0.011979166666666667 0.04722222222222222
1 0.465625 0.5166666666666667 0.007291666666666667 0.016666666666666666
1 0.4934895833333333 0.4615740740740741 0.009895833333333333 0.03796296296296296
1 0.5221354166666666 0.5180555555555556 0.009895833333333333 0.019444444444444445
1 0.5052083333333334 0.45555555555555555 0.008333333333333333 0.03148148148148148
1 0.5486979166666667 0.4222222222222222 0.008854166666666666 0.05
1 0.5924479166666666 0.4787037037037037 0.009895833333333333 0.011111111111111112
1 0.5583333333333333 0.562037037037037 0.004166666666666667 0.007407407407407408
1 0.5622395833333333 0.5356481481481481 0.0036458333333333334 0.006481481481481481
1 0.7018229166666666 0.5097222222222222 0.027604166666666666 0.06018518518518518
1 0.6875 0.5023148148148148 0.011458333333333333 0.023148148148148147
1 0.7013020833333333 0.43703703703703706 0.0109375 0.025925925925925925
1 0.72421875 0.4023148148148148 0.0171875 0.05092592592592592
1 0.6953125 0.26990740740740743 0.008333333333333333 0.013888888888888888
1 0.7244791666666667 0.2662037037037037 0.0125 0.03425925925925926
1 0.74921875 0.23703703703703705 0.0109375 0.037037037037037035
1 0.7252604166666666 0.5856481481481481 0.015104166666666667 0.03611111111111111
1 0.8234375 0.637962962962963 0.013541666666666667 0.03148148148148148
1 0.8354166666666667 0.5740740740740741 0.0125 0.04259259259259259
1 0.7072916666666667 0.9791666666666666 0.01875 0.03981481481481482
1 0.6919270833333333 0.987037037037037 0.0046875 0.011111111111111112
1 0.6932291666666667 0.9837962962962963 0.009375 0.017592592592592594
1 0.86796875 0.7189814814814814 0.009895833333333333 0.017592592592592594
1 0.9734375 0.8907407407407407 0.007291666666666667 0.014814814814814815
1 0.871875 0.8944444444444445 0.00625 0.012962962962962963
1 0.9901041666666667 0.8430555555555556 0.007291666666666667 0.023148148148148147
1 0.9942708333333333 0.8046296296296296 0.005208333333333333 0.012962962962962963
1 0.9963541666666667 0.7282407407407407 0.00625 0.032407407407407406
1 0.97734375 0.65 0.0171875 0.10185185185185185
1 0.97578125 0.6819444444444445 0.0140625 0.03981481481481482
1 0.9822916666666667 0.6087962962962963 0.007291666666666667 0.019444444444444445
1 0.946875 0.5712962962962963 0.008333333333333333 0.027777777777777776
1 0.97890625 0.5851851851851851 0.009895833333333333 0.02962962962962963
1 0.9544270833333334 0.5226851851851851 0.0046875 0.021296296296296296
1 0.9763020833333333 0.5319444444444444 0.0078125 0.017592592592592594
1 0.9901041666666667 0.48518518518518516 0.008333333333333333 0.03333333333333333
1 0.9653645833333333 0.462037037037037 0.0036458333333333334 0.012962962962962963
1 0.9385416666666667 0.4398148148148148 0.004166666666666667 0.007407407407407408
1 0.93671875 0.38101851851851853 0.0078125 0.01574074074074074
1 0.96171875 0.38657407407407407 0.008854166666666666 0.030555555555555555
1 0.90546875 0.3458333333333333 0.005729166666666666 0.01574074074074074
1 0.9268072916666666 0.35739490740740737 0.005697916666666666 0.014789814814814815
1 0.9276041666666667 0.2967592592592593 0.005208333333333333 0.013888888888888888
