2 0.5 0.49955925925925926 1.0 0.9991185185185185
1 0.6015 0.15082962962962965 0.017583333333333333 0.034992592592592596
1 0.5350106770833333 0.03873425925925926 0.017938020833333335 0.02932037037037037
1 0.3397234375 0.20905555555555555 0.023196875 0.04774074074074074
1 0.3591479166666666 0.27997083333333334 0.027670833333333332 0.02660833333333333
1 0.4075734375 0.10118425925925925 0.026605208333333335 0.039405555555555555
1 0.19977109375 0.14796296296296296 0.03287552083333333 0.04962962962962963
1 0.12590807291666667 0.055563425925925926 0.05389947916666667 0.11112685185185185
1 0.22090807291666667 0.34320277777777775 0.022024479166666666 0.05307222222222222
1 0.207325 0.37805 0.012566666666666667 0.03387777777777778
1 0.3389684895833333 0.35639953703703703 0.028978645833333334 0.02020648148148148
1 0.38077083333333334 0.4633222222222222 0.014666666666666666 0.028496296296296297
1 0.25005078125 0.5486467592592592 0.026143229166666667 0.021367592592592594
1 0.48538411458333336 0.6475412037037037 0.0166015625 0.04323055555555556
1 0.36563984375 0.7970074074074074 0.0344046875 0.042162962962962965
1 0.44609661458333333 0.6532208333333334 0.008859895833333332 0.024960185185185186
1 0.4229716145833333 0.759411574074074 0.014693229166666665 0.024378703703703705
1 0.44318749999999996 0.8959430555555556 0.010333333333333333 0.030775
1 0.40809609375 0.008027314814814814 0.0161921875 0.016054629629629627
