1 0.49973958333333335 0.5462962962962963 0.9994791666666667 0.9055555555555556
1 0.8536458333333333 0.6578703703703703 0.01875 0.03611111111111111
1 0.9260416666666667 0.7148148148148148 0.010416666666666666 0.03518518518518519
1 0.93203125 0.6435185185185185 0.009895833333333333 0.018518518518518517
1 0.96796875 0.6208333333333333 0.018229166666666668 0.032407407407407406
1 0.21041666666666667 0.5773148148148148 0.021875 0.032407407407407406
1 0.36953125 0.5953703703703703 0.0234375 0.037037037037037035
1 0.29140625 0.7847222222222222 0.0203125 0.032407407407407406
1 0.3690104166666667 0.9199074074074074 0.0046875 0.010185185185185186
1 0.85390625 0.46296296296296297 0.0067708333333333336 0.020370370370370372
1 0.9567708333333333 0.3611111111111111 0.011458333333333333 0.02962962962962963
1 0.9057291666666667 0.2962962962962963 0.013541666666666667 0.014814814814814815
1 0.8567708333333334 0.5884013888888888 0.008333333333333333 0.013839814814814813
1 0.9184895833333333 0.5847222222222223 0.0140625 0.021296296296296296
1 0.9721354166666667 0.5925925925925926 0.009895833333333333 0.02962962962962963
1 0.9854166666666667 0.48055555555555557 0.009375 0.020370370370370372
1 0.603125 0.5092592592592593 0.034375 0.05555555555555555
1 0.91484375 0.8717592592592592 0.0067708333333333336 0.013888888888888888
1 0.9549479166666667 0.9356481481481481 0.005729166666666666 0.008333333333333333
1 0.95859375 0.8199074074074074 0.005729166666666666 0.012037037037037037
1 0.9791666666666666 0.9046296296296297 0.005208333333333333 0.011111111111111112
1 0.9572916666666667 0.28194444444444444 0.005208333333333333 0.013888888888888888
1 0.6921875 0.8111111111111111 0.004166666666666667 0.007407407407407408
1 0.63671875 0.7513888888888889 0.0046875 0.01574074074074074
1 0.41692708333333334 0.3060185185185185 0.0390625 0.13425925925925927
1 0.43723958333333335 0.4537037037037037 0.0078125 0.024074074074074074
