2 0.5 0.5231259259259259 1.0 0.9536592592592592
1 0.9460302083333333 0.3599865740740741 0.01289375 0.04219537037037037
1 0.8292666666666667 0.17626712962962962 0.036658333333333334 0.06549722222222222
1 0.7963864583333333 0.4205462962962963 0.012564583333333332 0.02627777777777778
1 0.84770390625 0.42769861111111107 0.009991145833333333 0.009100925925925927
1 0.7305734375 0.3714546296296296 0.008021875 0.016983333333333333
1 0.8097682291666667 0.3072777777777778 0.007036458333333333 0.009000000000000001
1 0.5907312499999999 0.7574662037037037 0.024170833333333332 0.02048796296296296
1 0.9070408854166666 0.3818583333333333 0.0057484375 0.019272222222222222
1 0.9612908854166666 0.18072916666666666 0.006956770833333333 0.029976851851851852
1 0.6433763020833333 0.13531527777777777 0.027377604166666666 0.08729722222222223
1 0.17101171874999999 0.4504620370370371 0.017023437500000002 0.03981296296296296
1 0.21532838541666666 0.5632791666666667 0.0129484375 0.03396574074074074
1 0.21439895833333333 0.5260791666666667 0.010047916666666667 0.024380555555555555
1 0.1710591145833333 0.6376824074074074 0.010868229166666667 0.01980925925925926
1 0.09033098958333333 0.5342638888888889 0.0108703125 0.025935185185185186
1 0.17979296875 0.5667546296296296 0.005419270833333333 0.01313888888888889
1 0.16452109374999999 0.5401898148148148 0.011333854166666666 0.019268518518518518
1 0.19304635416666666 0.501912962962963 0.007967708333333334 0.01678888888888889
1 0.15622708333333335 0.3009134259259259 0.013495833333333334 0.018493518518518517
1 0.09115546875000001 0.867425462962963 0.05835260416666667 0.1941101851851852
1 0.13571249999999999 0.942800462962963 0.007883333333333332 0.015230555555555556
1 0.11712578124999999 0.9154351851851852 0.010293229166666668 0.017907407407407407
1 0.29731796875 0.9706004629629629 0.012344270833333334 0.020830555555555557
1 0.4175291666666666 0.8660481481481481 0.022558333333333333 0.04691111111111111
1 0.19903359375 0.9419930555555556 0.009525520833333334 0.019171296296296294
1 0.6709997395833334 0.8787606481481481 0.015957812499999998 0.026039814814814814
1 0.5844330729166667 0.8684865740740741 0.014699479166666666 0.011047222222222222
1 0.6941377604166666 0.9808828703703704 0.013275520833333334 0.021025000000000002
1 0.5968520833333333 0.995387037037037 0.013495833333333334 0.009292592592592592
1 0.7478861979166667 0.559 0.006189062499999999 0.021703703703703704
1 0.6292401041666668 0.6048546296296297 0.010563541666666667 0.02822777777777778
1 0.6510338541666666 0.9420666666666667 0.011442708333333333 0.02117037037037037
1 0.640221875 0.8580305555555555 0.0075270833333333335 0.01420925925925926
1 0.31827734375 0.8842814814814814 0.012596354166666665 0.03522962962962963
1 0.5225080729166667 0.9059101851851852 0.016891145833333333 0.013672222222222223
1 0.05859427083333334 0.3628171296296296 0.11198020833333334 0.09415277777777778
