2 0.5200520833333333 0.5805555555555556 0.9588541666666667 0.837037037037037
1 0.196875 0.6407407407407407 0.010416666666666666 0.037037037037037035
1 0.3065104166666667 0.5328703703703703 0.0078125 0.030555555555555555
1 0.6260416666666667 0.3861111111111111 0.019791666666666666 0.02962962962962963
1 0.8622395833333333 0.6212962962962963 0.009895833333333333 0.05
1 0.6192708333333333 0.5768518518518518 0.019791666666666666 0.03888888888888889
1 0.7791666666666667 0.8921296296296296 0.015625 0.021296296296296296
1 0.5791666666666667 0.6791666666666667 0.00625 0.03425925925925926
1 0.44583333333333336 0.8629629629629629 0.011458333333333333 0.018518518518518517
1 0.48802083333333335 0.32222222222222224 0.00625 0.007407407407407408
