2 0.5 0.4570898148148148 1.0 0.9141796296296296
1 0.6577338541666666 0.6484546296296296 0.018592708333333333 0.020983333333333333
1 0.647696875 0.6915189814814815 0.009977083333333333 0.018223148148148148
1 0.6297893229166667 0.6509453703703704 0.012703645833333332 0.01115
1 0.6876395833333333 0.643563425925926 0.013820833333333334 0.037126851851851855
1 0.61110859375 0.5613254629629629 0.0128421875 0.02820648148148148
1 0.61558046875 0.5945726851851852 0.011369270833333334 0.015071296296296298
1 0.6723091145833333 0.3612152777777778 0.011284895833333334 0.02428240740740741
1 0.6646377604166667 0.36778518518518516 0.02510885416666667 0.03557037037037037
1 0.714975 0.3823111111111111 0.012241666666666668 0.034992592592592596
1 0.7079390624999999 0.29216759259259256 0.008586458333333333 0.030631481481481482
1 0.7028346354166667 0.3031388888888889 0.010877604166666667 0.019240740740740742
1 0.7771419270833333 0.20458703703703704 0.013658854166666668 0.02398888888888889
1 0.6231986979166667 0.07663055555555555 0.012022395833333333 0.027335185185185185
1 0.48408203125 0.07881851851851851 0.006705729166666666 0.01134074074074074
1 0.29655156250000003 0.04814259259259259 0.018103125 0.027766666666666665
1 0.14664375 0.20598842592592592 0.014120833333333332 0.028643518518518516
1 0.0767359375 0.2088013888888889 0.006596875 0.015750925925925925
1 0.17055598958333332 0.33515277777777774 0.016111979166666665 0.020305555555555556
1 0.49565755208333334 0.4066342592592593 0.0090234375 0.015120370370370369
1 0.18314609375 0.6595652777777778 0.0131671875 0.030241666666666667
1 0.16466067708333335 0.42565 0.016821354166666667 0.02907777777777778
1 0.14131067708333334 0.5008601851851852 0.0097046875 0.02394259259259259
1 0.13693203125 0.39321064814814816 0.007197395833333333 0.023458333333333335
1 0.04226614583333333 0.40601666666666664 0.006407291666666666 0.026848148148148145
