2 0.5 0.508762962962963 1.0 0.9823407407407408
2 0.10507786458333333 0.022778703703703704 0.0122390625 0.012224074074074075
2 0.06302994791666666 0.032808796296296294 0.025018229166666666 0.030432407407407405
1 0.3125109375 0.3202222222222222 0.009396875 0.023777777777777776
1 0.5523859375 0.2911523148148148 0.013105208333333333 0.011934259259259259
1 0.3087963541666667 0.7288796296296297 0.009259374999999999 0.015166666666666665
1 0.6597309895833334 0.6477712962962963 0.011128645833333334 0.017764814814814813
1 0.5970937500000001 0.8935226851851852 0.004604166666666667 0.007415740740740741
1 0.8381518229166667 0.9093129629629629 0.0054703125 0.014922222222222222
1 0.9332971354166666 0.9682212962962964 0.006177604166666667 0.016072222222222224
1 0.9463778645833333 0.9848314814814815 0.007339062499999999 0.014107407407407409
1 0.9317497395833333 0.5771837962962963 0.0124578125 0.02473796296296296
1 0.4280200520833333 0.9290657407407407 0.0081234375 0.00813148148148148
1 0.15570989583333333 0.4278087962962963 0.007253125 0.014876851851851851
