2 0.5 0.5341143518518519 1.0 0.9311916666666666
1 0.91773046875 0.20603148148148148 0.009419270833333333 0.04354444444444444
1 0.9455994791666666 0.25825185185185184 0.007865625 0.010948148148148148
1 0.9216505208333333 0.36348148148148146 0.004759375 0.015851851851851853
1 0.8057968750000001 0.2675912037037037 0.006385416666666667 0.018515740740740742
1 0.7471606770833333 0.17640972222222223 0.026613020833333334 0.04726388888888889
1 0.6615791666666666 0.10815185185185186 0.0242 0.05148888888888888
1 0.7019763020833333 0.30413148148148145 0.014369270833333333 0.03974444444444444
1 0.7069229166666666 0.4458736111111111 0.004470833333333333 0.03989537037037037
1 0.7052846354166667 0.4115152777777778 0.012652604166666666 0.03228981481481481
1 0.7450653645833333 0.36163796296296297 0.0047140625 0.00846111111111111
1 0.6072760416666667 0.29600787037037035 0.024968749999999998 0.04016388888888889
1 0.6425015625 0.34453935185185186 0.011044791666666666 0.026115740740740738
1 0.60443046875 0.371675 0.015110937500000001 0.04335
1 0.65648125 0.496049074074074 0.023379166666666666 0.03098703703703704
1 0.5706447916666666 0.5022648148148149 0.011081249999999999 0.021196296296296296
1 0.55883125 0.42500601851851855 0.0020375 0.025937962962962965
1 0.546065625 0.41904444444444444 0.009839583333333334 0.01957037037037037
1 0.4789421875 0.3277115740740741 0.004759375 0.01838611111111111
1 0.5007893229166667 0.6244064814814815 0.014078645833333332 0.017331481481481482
1 0.5591184895833333 0.6420962962962964 0.008861979166666667 0.015674074074074076
1 0.43901510416666667 0.9065273148148147 0.023863541666666665 0.0371287037037037
1 0.4409255208333333 0.9680620370370371 0.011017708333333332 0.021309259259259257
1 0.044515885416666665 0.9289189814814814 0.0463234375 0.1022824074074074
1 0.18674531249999998 0.9717504629629631 0.008907291666666668 0.012019444444444444
1 0.06359583333333334 0.6088356481481482 0.004275 0.015819444444444445
1 0.05137447916666667 0.6111175925925926 0.0058739583333333335 0.020383333333333333
1 0.24217265625 0.16625787037037038 0.016636979166666666 0.03436759259259259
1 0.32322552083333334 0.14676527777777776 0.020409375 0.026863888888888892
1 0.38587265625 0.2597291666666667 0.014453645833333334 0.013902777777777778
1 0.5635458333333333 0.21111064814814817 0.005216666666666666 0.007406481481481481
1 0.5834416666666667 0.24765046296296295 0.011675 0.03418981481481481
1 0.6825510416666667 0.257975 0.013018749999999999 0.008542592592592593
1 0.6684619791666666 0.5657953703703703 0.003590625 0.02418333333333333
1 0.6400903645833333 0.5990976851851851 0.0030973958333333335 0.00745462962962963
1 0.9703299479166667 0.5495916666666666 0.0104515625 0.023257407407407407
1 0.9402911458333333 0.4920712962962963 0.007665625 0.021179629629629628
1 0.9508171875 0.44395555555555555 0.005801041666666667 0.021244444444444444
1 0.037820052083333326 0.258475462962963 0.008973437499999999 0.041025
