1 0.5 0.5 1.0 1.0
1 0.5991903645833333 0.43750231481481483 0.014005729166666666 0.03426388888888889
1 0.5030916666666667 0.44185879629629626 0.030141666666666667 0.048532407407407406
1 0.45173125 0.4153550925925926 0.0659625 0.1029324074074074
1 0.49060156250000003 0.5250731481481481 0.012453125 0.027924074074074077
1 0.63751796875 0.13047824074074074 0.6646192708333333 0.2609564814814815
1 0.6514296875 0.10404305555555556 0.005984375 0.008086111111111112
1 0.5503994791666666 0.13028935185185186 0.028923958333333333 0.034652777777777775
1 0.8587755208333333 0.11583333333333333 0.019634375 0.059444444444444446
1 0.8642898437500001 0.1524013888888889 0.011913020833333334 0.010358333333333332
1 0.9784682291666668 0.6062925925925926 0.017353125 0.06999259259259259
1 0.8770778645833333 0.5037277777777778 0.026030729166666666 0.06671481481481482
1 0.5452546875 0.02148333333333333 0.011342708333333333 0.013337037037037036
1 0.49454765625 0.05362824074074074 0.015136979166666667 0.01651574074074074
1 0.9221151041666666 0.05479814814814815 0.011938541666666667 0.028114814814814815
1 0.8149307291666666 0.5661833333333333 0.010069791666666666 0.023107407407407406
1 0.7275575520833333 0.5203708333333333 0.018656770833333332 0.038889814814814815
1 0.9010244791666667 0.6814601851851851 0.019757291666666666 0.055512962962962965
1 0.9343322916666666 0.6223680555555556 0.011372916666666667 0.024365740740740743
1 0.9958661458333334 0.47436990740740737 0.008398958333333335 0.04503611111111112
1 0.9972528645833333 0.47512638888888886 0.005964062500000001 0.03728981481481482
1 0.61324453125 0.645962962962963 0.03482239583333333 0.05859259259259259
1 0.6212940104166667 0.8963319444444444 0.0155046875 0.050071296296296294
1 0.125846875 0.9597666666666667 0.04127708333333333 0.08064444444444445
1 0.21733359375 0.7544050925925926 0.0096671875 0.012513888888888889
1 0.13025182291666665 0.31877685185185184 0.2605036458333333 0.26718333333333333
1 0.25544661458333334 0.2317986111111111 0.023393229166666665 0.04322685185185186
1 0.16954765624999998 0.2827703703703704 0.019303645833333334 0.03591111111111111
1 0.4629442708333333 0.8123481481481482 0.06859687499999999 0.13765925925925926
1 0.37099453125 0.716137962962963 0.0138640625 0.030424074074074072
1 0.8318848958333334 0.7155199074074073 0.010644791666666665 0.023632407407407408
1 0.35402968749999997 0.9555990740740741 0.021601041666666664 0.03342037037037037
1 0.5176442708333333 0.25411944444444445 0.012371875000000001 0.01935
1 0.8819723958333333 0.8448231481481482 0.022278125 0.030387037037037035
1 0.94524609375 0.44174722222222224 0.008200520833333332 0.01867962962962963
1 0.9391143229166666 0.40324305555555556 0.009478645833333334 0.023152777777777776
