1 0.49973958333333335 0.6162037037037037 0.9994791666666667 0.7657407407407407
1 0.49973958333333335 0.6208333333333333 0.9994791666666667 0.7564814814814815
1 0.49973958333333335 0.5606481481481481 0.9994791666666667 0.8768518518518519
1 0.6927083333333334 0.5092592592592593 0.057291666666666664 0.10925925925925926
1 0.5505208333333333 0.24305555555555555 0.8979166666666667 0.30092592592592593
1 0.4171875 0.4027777777777778 0.005208333333333333 0.012962962962962963
1 0.44244791666666666 0.3296296296296296 0.0067708333333333336 0.027777777777777776
1 0.20963541666666666 0.26666666666666666 0.0078125 0.024074074074074074
1 0.10052083333333334 0.6037037037037037 0.005208333333333333 0.014814814814814815
1 0.15208333333333332 0.5824074074074074 0.004166666666666667 0.009259259259259259
1 0.27005208333333336 0.736574074074074 0.009895833333333333 0.013888888888888888
1 0.2838541666666667 0.6893518518518519 0.00625 0.012037037037037037
1 0.8442708333333333 0.8856481481481482 0.009375 0.010185185185185186
1 0.8932291666666666 0.7935185185185185 0.00625 0.014814814814814815
1 0.7919270833333333 0.4217592592592593 0.025520833333333333 0.013888888888888888
1 0.8127604166666667 0.5444444444444444 0.0078125 0.03148148148148148
