2 0.5 0.5255946180555555 1.0 0.9487586805555556
1 0.2368505859375 0.5550855034722222 0.028388671875 0.07892100694444444
1 0.295139404296875 0.706416232638889 0.02191943359375 0.018735243055555555
1 0.232402099609375 0.3915902777777778 0.03706982421875 0.050541666666666665
1 0.203746337890625 0.33977647569444447 0.02663330078125 0.059761284722222224
1 0.3108623046875 0.3682730034722222 0.017232421875 0.03168489583333333
1 0.396018798828125 0.5069548611111111 0.01371728515625 0.02432638888888889
1 0.41076708984375 0.4059539930555556 0.0139169921875 0.044546875
1 0.381888916015625 0.3138667534722222 0.01963720703125 0.051344618055555555
1 0.929051025390625 0.4467118055555555 0.00946923828125 0.02015972222222222
