2 0.49973958333333335 0.5365740740740741 0.9994791666666667 0.925
1 0.5354166666666667 0.22777777777777777 0.017708333333333333 0.037037037037037035
1 0.48489583333333336 0.16944444444444445 0.014583333333333334 0.05185185185185185
1 0.7575520833333333 0.28703703703703703 0.013020833333333334 0.024074074074074074
1 0.69375 0.48009259259259257 0.011458333333333333 0.03796296296296296
1 0.75546875 0.1875 0.015104166666666667 0.026851851851851852
1 0.7268229166666667 0.8101851851851852 0.0203125 0.04259259259259259
1 0.3651041666666667 0.5425925925925926 0.013541666666666667 0.03518518518518519
1 0.25494791666666666 0.5564814814814815 0.008854166666666666 0.022222222222222223
1 0.8296875 0.9574074074074074 0.027083333333333334 0.040740740740740744
1 0.8067708333333333 0.9296296296296296 0.015625 0.040740740740740744
