2 0.5 0.49836759259259256 1.0 0.9967351851851851
1 0.5611864583333334 0.7807819444444445 0.028622916666666668 0.05971203703703704
1 0.5614182291666666 0.7801712962962963 0.029086458333333332 0.060342592592592594
1 0.7821117187500001 0.6779430555555556 0.0204734375 0.03736759259259259
1 0.782084375 0.6780398148148148 0.02041875 0.037561111111111115
1 0.5345052083333334 0.5688949074074074 0.007552083333333333 0.013715740740740742
1 0.4305963541666667 0.6428388888888888 0.02890104166666667 0.0690111111111111
1 0.55267578125 0.3976 0.018893229166666668 0.03038518518518519
1 0.9816408854166667 0.26118842592592595 0.012240104166666666 0.03348796296296296
1 0.9599630208333333 0.3627652777777778 0.010551041666666667 0.027382407407407407
1 0.9315752604166666 0.4425615740740741 0.011067187499999999 0.020308333333333334
1 0.8279119791666666 0.4914837962962963 0.027698958333333336 0.03111574074074074
1 0.8237934895833334 0.7096416666666667 0.0152953125 0.03780185185185185
1 0.42575729166666665 0.7840722222222222 0.019222916666666666 0.05888518518518518
1 0.9060057291666667 0.9110171296296297 0.008886458333333335 0.016478703703703704
1 0.911590625 0.9524652777777777 0.006514583333333333 0.016041666666666666
1 0.8810598958333333 0.9388425925925926 0.014203125 0.025833333333333333
1 0.26532161458333337 0.4045560185185185 0.005643229166666667 0.009112037037037037
1 0.1554109375 0.3939712962962963 0.030613541666666667 0.06572037037037036
1 0.13147109375 0.5987458333333333 0.013983854166666667 0.030824999999999998
1 0.11918697916666667 0.6671680555555556 0.010248958333333334 0.021373148148148148
1 0.08129244791666666 0.6710986111111111 0.014668229166666666 0.027382407407407407
1 0.28495078125 0.010830092592592593 0.014693229166666665 0.021660185185185185
1 0.22411927083333336 0.0244787037037037 0.015946875 0.021179629629629628
1 0.11855963541666667 0.05425509259259259 0.038160937500000006 0.10851018518518518
1 0.8665950520833333 0.10614907407407408 0.006106770833333333 0.01415
1 0.24133906249999998 0.20446435185185183 0.004553125000000001 0.0070768518518518515
1 0.14469114583333334 0.21791527777777778 0.011257291666666667 0.024719444444444443
1 0.16061614583333333 0.7139064814814815 0.011857291666666665 0.020405555555555555
1 0.47611041666666665 0.37584398148148146 0.02930416666666667 0.06465092592592592
1 0.39626197916666667 0.05634722222222223 0.013357291666666667 0.021953703703703704
1 0.69839765625 0.24339907407407405 0.014503645833333334 0.02568703703703704
1 0.72076953125 0.5267092592592593 0.018622395833333336 0.033048148148148146
1 0.17485677083333334 0.2722615740740741 0.012213541666666666 0.029708333333333333
1 0.24214322916666667 0.06964722222222222 0.031161458333333333 0.03188703703703704
1 0.5211078125 0.5286282407407408 0.009923958333333333 0.01836759259259259
1 0.2993166666666667 0.48527453703703705 0.00905 0.020549074074074074
1 0.7778393229166666 0.807637037037037 0.014011979166666666 0.02268148148148148
1 0.44130572916666666 0.8719888888888889 0.011778125 0.04027407407407407
1 0.42980885416666664 0.43386157407407405 0.015867708333333334 0.028834259259259257
1 0.5352104166666667 0.02039953703703704 0.015212499999999999 0.03339166666666667
1 0.14158854166666668 0.3388231481481481 0.008177083333333333 0.02394259259259259
1 0.41478359375 0.22814074074074073 0.011858854166666665 0.009985185185185185
1 0.25575338541666665 0.4524166666666667 0.0062984375 0.015944444444444445
1 0.30454453125000003 0.6333893518518519 0.007005729166666667 0.014926851851851851
1 0.06862760416666666 0.7189180555555555 0.0049635416666666664 0.023021296296296297
1 0.04334791666666667 0.710074537037037 0.011695833333333332 0.022000925925925924
1 0.05276171875 0.7157203703703703 0.0023984375000000004 0.007366666666666667
1 0.9349632812500001 0.296925 0.005343229166666667 0.010516666666666667
