2 0.5 0.5240662037037037 1.0 0.9518361111111111
1 0.5887388020833334 0.24121527777777776 0.0264359375 0.06206018518518519
1 0.5892651041666667 0.24158009259259258 0.026446874999999998 0.06278981481481481
1 0.7949364583333334 0.41165694444444445 0.02008125 0.038128703703703706
1 0.7949546875000001 0.41159259259259257 0.02011770833333333 0.038
1 0.5404276041666667 0.4421449074074074 0.007938541666666667 0.013919444444444444
1 0.44600104166666665 0.33790324074074074 0.032627083333333334 0.06469537037037036
1 0.5414736979166667 0.6166425925925927 0.019405729166666667 0.02772962962962963
1 0.95096640625 0.884262962962963 0.012349479166666667 0.03148888888888889
1 0.9390611979166666 0.7770560185185186 0.011455729166666668 0.02633425925925926
1 0.9196880208333333 0.6896166666666667 0.010209375 0.021825925925925926
1 0.82245234375 0.6108250000000001 0.028238020833333332 0.03276111111111111
1 0.83955078125 0.3922245370370371 0.017643229166666666 0.036300925925925924
1 0.45559401041666664 0.1965148148148148 0.022646354166666667 0.05969629629629629
1 0.9393734375 0.22038240740740742 0.007913541666666668 0.016690740740740742
1 0.9499809895833333 0.18116064814814817 0.0051703124999999996 0.016024999999999998
1 0.9173580729166667 0.1861 0.013882812500000001 0.027755555555555554
1 0.2596466145833333 0.5213171296296296 0.0057515625 0.009300925925925926
1 0.1514234375 0.49826064814814813 0.028888541666666667 0.06689166666666667
1 0.147415625 0.2893027777777778 0.01358125 0.03230925925925926
1 0.14134635416666666 0.2179648148148148 0.008734374999999999 0.021114814814814812
1 0.10443828125 0.20113009259259257 0.016168229166666666 0.02633425925925926
1 0.24011119791666669 0.9199046296296296 0.013555729166666667 0.028698148148148146
1 0.18201276041666667 0.8828444444444444 0.015067187499999999 0.021244444444444444
1 0.07964505208333333 0.8225893518518519 0.0332484375 0.11554907407407408
1 0.8229729166666666 0.9971212962962964 0.006362499999999999 0.005353703703703703
1 0.21643697916666668 0.712125 0.004748958333333333 0.0075833333333333326
1 0.12269270833333333 0.6669902777777779 0.008927083333333334 0.02657314814814815
1 0.18689921874999998 0.18524537037037037 0.010256770833333335 0.02234259259259259
1 0.46471328125 0.6129930555555556 0.0263015625 0.06302314814814815
1 0.3545450520833333 0.9041634259259259 0.012215104166666666 0.021289814814814813
1 0.6704218750000001 0.8138898148148148 0.014802083333333334 0.025927777777777775
1 0.7200333333333333 0.5421689814814815 0.021316666666666664 0.02878240740740741
1 0.15787005208333332 0.6250287037037037 0.012615104166666667 0.029687037037037036
1 0.20349192708333333 0.8439462962962963 0.031983854166666666 0.028633333333333334
1 0.5240908854166667 0.4783162037037037 0.010681770833333333 0.01774351851851852
1 0.3012731770833333 0.4526560185185185 0.008796354166666666 0.02012685185185185
1 0.80344765625 0.2842324074074074 0.0131453125 0.022168518518518518
1 0.47676536458333335 0.11500324074074074 0.012905729166666666 0.03926574074074074
1 0.42417421875 0.543238425925926 0.0170984375 0.02536574074074074
1 0.48758984375000003 0.9829601851851851 0.0158046875 0.03258703703703704
1 0.13150208333333332 0.5481189814814814 0.006754166666666667 0.02401574074074074
1 0.38939921875 0.7410824074074074 0.012131770833333333 0.011794444444444444
1 0.25404322916666666 0.47071712962962964 0.007044791666666666 0.015508333333333332
1 0.3204739583333333 0.30917685185185184 0.006572916666666666 0.01465
1 0.09676432291666666 0.15136064814814815 0.007070312499999999 0.023091666666666667
1 0.07120078125 0.15163333333333334 0.012193229166666668 0.01993333333333333
1 0.08076302083333334 0.1499912037037037 0.0021510416666666666 0.007389814814814814
1 0.9088841145833333 0.8345805555555555 0.005268229166666667 0.009901851851851853
