2 0.5002604166666667 0.5504629629629629 0.9994791666666667 0.899074074074074
1 0.63671875 0.15231481481481482 0.022395833333333334 0.04351851851851852
1 0.8067708333333333 0.17314814814814813 0.01875 0.037037037037037035
1 0.3984375 0.9189814814814815 0.014583333333333334 0.06388888888888888
1 0.14401041666666667 0.787962962962963 0.019270833333333334 0.025925925925925925
1 0.18098958333333334 0.9884259259259259 0.018229166666666668 0.021296296296296296
1 0.459375 0.9847222222222223 0.008333333333333333 0.028703703703703703
1 0.83203125 0.6958333333333333 0.011979166666666667 0.03796296296296296
1 0.6205729166666667 0.28425925925925927 0.015104166666666667 0.027777777777777776
1 0.62578125 0.6013888888888889 0.0078125 0.023148148148148147
1 0.7380208333333333 0.5800925925925926 0.023958333333333335 0.017592592592592594
1 0.6708333333333333 0.5273148148148148 0.005208333333333333 0.010185185185185186
1 0.71640625 0.48703703703703705 0.0078125 0.012962962962962963
1 0.8783854166666667 0.4527777777777778 0.0046875 0.046296296296296294
1 0.9049479166666666 0.44814814814814813 0.018229166666666668 0.06296296296296296
1 0.86484375 0.42314814814814816 0.011979166666666667 0.037037037037037035
1 0.7786458333333334 0.6620370370370371 0.013541666666666667 0.012962962962962963
1 0.87265625 0.6435185185185185 0.0067708333333333336 0.018518518518518517
1 0.9203125 0.2638888888888889 0.009375 0.022222222222222223
1 0.9893229166666667 0.24675925925925926 0.008854166666666666 0.028703703703703703
1 0.9166666666666666 0.20972222222222223 0.009375 0.026851851851851852
1 0.7911458333333333 0.25416666666666665 0.016666666666666666 0.04351851851851852
1 0.7158854166666667 0.18425925925925926 0.011979166666666667 0.014814814814814815
1 0.36796875 0.1050925925925926 0.009895833333333333 0.012037037037037037
1 0.2677083333333333 0.1287037037037037 0.008333333333333333 0.012962962962962963
1 0.8161458333333333 0.22037037037037038 0.0125 0.02962962962962963
1 0.7630208333333334 0.5111111111111111 0.008333333333333333 0.03888888888888889
1 0.9380208333333333 0.6763888888888889 0.011458333333333333 0.021296296296296296
1 0.96484375 0.8055555555555556 0.005729166666666666 0.009259259259259259
1 0.97265625 0.8041666666666667 0.0046875 0.013888888888888888
1 0.934375 0.7398148148148148 0.00625 0.03148148148148148
1 0.9427083333333334 0.7560185185185185 0.004166666666666667 0.008333333333333333
1 0.7208333333333333 0.8837962962962963 0.00625 0.021296296296296296
1 0.21458333333333332 0.8662037037037037 0.0125 0.04351851851851852
1 0.07005208333333333 0.9796296296296296 0.0046875 0.012962962962962963
