2 0.5 0.46426527777777776 1.0 0.9285305555555555
1 0.05067526041666667 0.5189722222222223 0.021142187500000003 0.052759259259259256
1 0.19183020833333334 0.6279240740740741 0.01074375 0.039181481481481484
1 0.10904505208333333 0.2252537037037037 0.018090104166666666 0.04680370370370371
1 0.11168645833333332 0.26789537037037037 0.016081250000000002 0.03579074074074074
1 0.04137630208333333 0.16242546296296295 0.014002604166666667 0.026702777777777777
1 0.006713020833333333 0.24750462962962963 0.0071760416666666665 0.03389814814814815
1 0.08535208333333334 0.16299768518518518 0.008204166666666667 0.01673611111111111
1 0.10657057291666666 0.1671310185185185 0.019391145833333335 0.03611388888888889
1 0.17281328124999998 0.31226990740740745 0.0206265625 0.0560212962962963
1 0.17323229166666668 0.46975 0.01000625 0.022833333333333334
1 0.18943411458333334 0.38149212962962964 0.013243229166666667 0.025947222222222222
1 0.21804739583333335 0.27727546296296296 0.010053125 0.0323287037037037
1 0.12081354166666666 0.19446851851851854 0.0072520833333333335 0.033381481481481484
1 0.2732041666666667 0.23068101851851852 0.012033333333333333 0.029880555555555556
1 0.23747447916666667 0.11385648148148149 0.010365625 0.018453703703703705
1 0.119228125 0.34933842592592595 0.015539583333333332 0.011639814814814815
1 0.3102526041666666 0.37919583333333334 0.019463541666666664 0.03987314814814815
1 0.35228619791666665 0.3569509259259259 0.012905729166666666 0.021309259259259257
1 0.36765000000000003 0.3985828703703704 0.013425 0.023091666666666667
1 0.40324609375 0.6558625 0.0096171875 0.013576851851851852
1 0.39449088541666666 0.21889259259259258 0.028565104166666667 0.030377777777777778
1 0.40439296874999997 0.24643518518518517 0.012952604166666666 0.018796296296296297
1 0.3827981770833333 0.26269583333333335 0.007263020833333333 0.025391666666666667
1 0.31148880208333335 0.12655694444444446 0.0094359375 0.021632407407407406
1 0.3654041666666667 0.14620462962962963 0.007891666666666667 0.02203888888888889
1 0.48917005208333336 0.0685412037037037 0.09084010416666667 0.07411944444444445
1 0.45558671875 0.06471851851851852 0.022631770833333335 0.025733333333333334
1 0.5034033854166666 0.029828703703703708 0.015140104166666666 0.02262037037037037
1 0.54056171875 0.08470833333333333 0.017581770833333333 0.019416666666666665
1 0.5160955729166666 0.27203796296296295 0.0113578125 0.01815
1 0.5605299479166667 0.35689305555555556 0.011684895833333332 0.01563796296296296
1 0.4344125 0.26926249999999996 0.009449999999999998 0.016302777777777777
1 0.4611895833333334 0.28744861111111114 0.006754166666666667 0.01563796296296296
1 0.019407291666666666 0.761361111111111 0.007564583333333333 0.015314814814814814
1 0.0685734375 0.8139699074074074 0.005896874999999999 0.013125000000000001
1 0.14033567708333333 0.7420458333333333 0.008796354166666666 0.015573148148148147
1 0.32234765625 0.8079805555555556 0.005111979166666667 0.01596111111111111
1 0.5597307291666667 0.45635324074074074 0.006961458333333333 0.025669444444444443
1 0.7455903645833334 0.8087884259259259 0.0245140625 0.04350277777777777
1 0.6943013020833334 0.5506236111111111 0.040685937500000005 0.032728703703703704
1 0.735121875 0.3426736111111111 0.008785416666666665 0.013125000000000001
1 0.7636117187499999 0.3466560185185185 0.023056770833333334 0.039608333333333336
1 0.7375536458333334 0.41152083333333334 0.015732291666666665 0.02489351851851852
1 0.6578502604166666 0.2316375 0.0198671875 0.03920092592592593
1 0.7218932291666668 0.19681666666666667 0.010453125 0.014003703703703704
1 0.7189760416666666 0.1331101851851852 0.008785416666666665 0.02362777777777778
1 0.7477802083333334 0.1244263888888889 0.01326875 0.01922314814814815
1 0.7458789062500001 0.16608981481481483 0.0073828125000000005 0.01366111111111111
1 0.7502708333333333 0.19924583333333332 0.010958333333333332 0.026269444444444442
1 0.76933125 0.2270740740740741 0.014704166666666666 0.030074074074074073
1 0.7884247395833334 0.7412310185185185 0.012266145833333332 0.03061018518518518
1 0.7188075520833334 0.770273611111111 0.012615104166666667 0.018325
1 0.7894776041666667 0.5494944444444444 0.016455208333333336 0.026766666666666668
1 0.8450666666666666 0.5620115740740741 0.022424999999999997 0.03143055555555556
1 0.8338609375 0.6206407407407407 0.009388541666666667 0.017207407407407407
1 0.8253526041666667 0.37473055555555557 0.018413541666666665 0.02723888888888889
1 0.7849442708333334 0.3993097222222222 0.009471875 0.018989814814814814
1 0.7809049479166668 0.14757453703703705 0.020143229166666665 0.05626018518518519
1 0.9341596354166666 0.1517925925925926 0.007902604166666667 0.022103703703703705
1 0.92513515625 0.2155125 0.008603645833333333 0.01991388888888889
1 0.9416315104166666 0.21921898148148147 0.009304687499999999 0.025475
1 0.9505596354166667 0.27166851851851853 0.0084109375 0.021114814814814812
1 0.9730111979166666 0.3335625 0.007480729166666667 0.02453240740740741
1 0.79139296875 0.7972453703703704 0.0109109375 0.007453703703703705
1 0.51155703125 0.7761560185185186 0.0324890625 0.02638611111111111
1 0.85260078125 0.09956712962962963 0.0177015625 0.03617129629629629
1 0.9675380208333333 0.06615277777777777 0.011117708333333334 0.023046296296296297
1 0.6122380208333333 0.054424537037037035 0.005726041666666667 0.027367592592592593
1 0.7065526041666667 0.6677712962962963 0.005813541666666667 0.020727777777777776
1 0.74643984375 0.8426092592592593 0.0043380208333333335 0.012996296296296296
