2 0.5 0.5346111111111111 1.0 0.9303333333333333
1 0.8032822916666666 0.29588472222222223 0.04718958333333333 0.09732500000000001
1 0.9863721354166667 0.5491143518518519 0.0144109375 0.03341388888888889
1 0.8697205729166666 0.8832509259259259 0.008191145833333333 0.012798148148148147
1 0.3353979166666667 0.4973217592592592 0.011420833333333333 0.020569444444444446
1 0.31882812499999996 0.5398671296296297 0.008489583333333333 0.024178703703703702
1 0.13713385416666668 0.7572740740740741 0.0076010416666666665 0.018251851851851852
1 0.33505364583333336 0.37639537037037035 0.007607291666666667 0.026864814814814814
1 0.35372265625000004 0.24975972222222223 0.0074453125 0.010630555555555556
1 0.19811796875 0.4762921296296296 0.013944270833333333 0.017399074074074074
1 0.15667447916666666 0.2535907407407407 0.006057291666666667 0.059033333333333333
1 0.139403125 0.2596111111111111 0.014222916666666667 0.03403703703703703
1 0.9435390625 0.9009013888888888 0.004786458333333333 0.012913888888888888
