2 0.5 0.5 1.0 1.0
1 0.24800755208333333 0.11954305555555557 0.017890104166666664 0.029826851851851854
1 0.1015546875 0.2003189814814815 0.012484374999999999 0.039526851851851855
1 0.33734557291666667 0.46855416666666666 0.017399479166666666 0.04266388888888889
1 0.3288049479166667 0.546100925925926 0.0180265625 0.06627592592592593
1 0.170315625 0.5248601851851852 0.020839583333333335 0.03860925925925926
1 0.11320104166666667 0.6492759259259259 0.02119375 0.042996296296296296
1 0.06397630208333333 0.5984824074074074 0.0519109375 0.11733518518518518
1 0.043301562499999995 0.7727833333333334 0.019936458333333334 0.049270370370370374
1 0.03929244791666667 0.7546296296296297 0.011918229166666666 0.014814814814814815
1 0.11576562500000001 0.8240287037037037 0.008614583333333333 0.023983333333333336
1 0.09265182291666667 0.8347476851851852 0.004053645833333334 0.006532407407407407
1 0.10250963541666666 0.8451347222222222 0.017519270833333333 0.019899074074074072
1 0.09911354166666667 0.8081513888888888 0.009685416666666667 0.038525
1 0.14554010416666668 0.8390921296296296 0.009830208333333333 0.041147222222222224
1 0.043675781250000004 0.9263009259259259 0.027976562500000003 0.07852777777777778
1 0.29633984375 0.9244078703703704 0.02184635416666667 0.03955648148148148
1 0.37161145833333337 0.9708958333333334 0.05363958333333333 0.058458333333333334
1 0.35485911458333336 0.9729425925925926 0.0180515625 0.025514814814814817
1 0.5740130208333334 0.952862962962963 0.009484375 0.022392592592592592
1 0.6308984375000001 0.8915898148148148 0.015963541666666668 0.020216666666666668
1 0.6028687500000001 0.8455513888888889 0.014070833333333333 0.02628796296296296
1 0.5988229166666666 0.7191861111111111 0.027854166666666666 0.08466851851851852
1 0.5749046875 0.6515814814814814 0.021684375 0.055014814814814815
1 0.4910919270833333 0.5483962962962963 0.020725520833333334 0.046792592592592594
1 0.4822315104166667 0.47198194444444447 0.019671354166666665 0.02544537037037037
1 0.5470830729166667 0.3973986111111111 0.018124479166666665 0.06701944444444445
1 0.48537578125 0.2745712962962963 0.02491822916666667 0.02506851851851852
1 0.5210466145833333 0.20296203703703705 0.008759895833333333 0.017035185185185184
1 0.5677861979166666 0.007498148148148149 0.013697395833333332 0.014996296296296297
1 0.7145080729166666 0.006549074074074074 0.0144328125 0.013098148148148149
1 0.7235005208333334 0.12288842592592594 0.017834375 0.016147222222222223
1 0.7381934895833333 0.006858796296296296 0.008678645833333333 0.013717592592592592
1 0.6907411458333333 0.08052546296296297 0.012732291666666668 0.029569444444444443
1 0.6391669270833333 0.11842083333333332 0.0085421875 0.01832314814814815
1 0.6478111979166666 0.08132546296296297 0.0122890625 0.020058333333333334
1 0.6943903645833333 0.2086597222222222 0.016905729166666668 0.03954166666666666
1 0.7306895833333333 0.18570185185185184 0.0072125 0.013996296296296297
1 0.7490322916666667 0.25497824074074077 0.01473125 0.024771296296296295
1 0.7621916666666666 0.07252685185185186 0.024383333333333333 0.06172037037037037
1 0.6702911458333334 0.2762148148148148 0.024957291666666666 0.033911111111111114
1 0.6363901041666666 0.46939166666666665 0.011321875 0.023968518518518517
1 0.6608682291666667 0.43751944444444446 0.012361458333333334 0.019483333333333335
1 0.7857010416666667 0.9242583333333333 0.026610416666666668 0.02259074074074074
1 0.2698927083333333 0.9238310185185185 0.015827083333333335 0.01988425925925926
1 0.19993333333333335 0.8317388888888889 0.01445 0.030144444444444442
1 0.24724140625000002 0.8474976851851852 0.009066145833333334 0.011662037037037038
1 0.14960546875 0.9907986111111111 0.010669270833333333 0.01863425925925926
1 0.012918750000000001 0.4646060185185185 0.0164625 0.04402685185185185
1 0.014070052083333333 0.4650166666666667 0.012515104166666667 0.042996296296296296
1 0.17737083333333334 0.2862476851851852 0.018283333333333332 0.09286574074074075
1 0.33383723958333333 0.24941527777777775 0.008299479166666667 0.02475648148148148
1 0.7876 0.03271898148148148 0.016866666666666665 0.019141666666666664
1 0.8098526041666666 0.00732962962962963 0.016580208333333332 0.01465925925925926
1 0.8678333333333333 0.015113425925925928 0.014833333333333334 0.030226851851851855
1 0.9392815104166666 0.05090925925925926 0.006688020833333333 0.016633333333333333
1 0.9455541666666666 0.12102453703703704 0.016108333333333332 0.05686388888888889
1 0.8882703125 0.344812962962963 0.008832291666666665 0.019255555555555554
1 0.8786052083333333 0.3901981481481481 0.008252083333333333 0.039655555555555555
1 0.8699390625 0.4421759259259259 0.005503125 0.0287962962962963
1 0.9395408854166667 0.5156462962962963 0.010331770833333333 0.02944074074074074
1 0.9982239583333333 0.5943453703703704 0.003739583333333333 0.020172222222222223
1 0.867425 0.6197930555555555 0.012974999999999999 0.024771296296296295
1 0.90941796875 0.6434208333333333 0.005294270833333333 0.01832314814814815
1 0.9528315104166667 0.7119773148148149 0.0067046875 0.009139814814814816
