2 0.4734028645833333 0.583000925925926 0.9468057291666666 0.8345203703703704
1 0.5806276041666667 0.44960787037037037 0.010213541666666666 0.03810462962962963
1 0.45320364583333334 0.3309148148148148 0.026198958333333335 0.04516296296296297
1 0.6340158854166666 0.34936064814814816 0.0044901041666666665 0.009832407407407408
1 0.5861692708333333 0.5543333333333332 0.020255208333333333 0.04014814814814815
1 0.6186908854166667 0.8195861111111111 0.028006770833333337 0.041024074074074074
1 0.7223291666666667 0.9488587962962962 0.01445 0.031050925925925923
1 0.000890625 0.6766833333333333 0.00178125 0.020033333333333334
1 0.0015664062499999999 0.7602953703703704 0.0031328124999999997 0.015035185185185184
1 0.03143984375 0.8714555555555555 0.0035046875 0.015133333333333334
1 0.1328484375 0.639099537037037 0.007363541666666667 0.011532407407407408
1 0.6204958333333334 0.33902037037037036 0.012866666666666667 0.020633333333333333
