2 0.9795367187499999 0.7648435185185185 0.03511510416666667 0.07598333333333333
2 0.5138135416666667 0.4792023148148148 0.97241875 0.9584046296296296
1 0.4239846354166667 0.1412101851851852 0.012552604166666667 0.021309259259259257
1 0.30139140625 0.09989166666666666 0.01944947916666667 0.040524074074074073
1 0.24582838541666666 0.26897175925925926 0.006240104166666666 0.019424999999999998
1 0.22994270833333333 0.2995527777777778 0.008843750000000001 0.002809259259259259
1 0.26615911458333336 0.025925462962962963 0.004193229166666667 0.007406481481481481
1 0.37762552083333334 0.09579074074074075 0.018792708333333335 0.026766666666666668
1 0.38025755208333334 0.09715601851851852 0.011556770833333334 0.02023796296296296
1 0.37241197916666663 0.00459537037037037 0.027115624999999997 0.00919074074074074
1 0.3820807291666667 0.03699444444444445 0.007911458333333333 0.02584074074074074
1 0.403465625 0.02859675925925926 0.02255625 0.027563888888888888
1 0.48616015625000003 0.05928101851851852 0.018153645833333332 0.03337685185185185
1 0.5209880208333334 0.1390888888888889 0.016976041666666667 0.02447407407407407
1 0.5591773437499999 0.18095972222222223 0.012104687499999999 0.02858611111111111
1 0.5434705729166667 0.16572175925925925 0.010899479166666667 0.035147222222222226
1 0.5510591145833333 0.2856226851851852 0.008368229166666666 0.015689814814814816
1 0.6000177083333333 0.15047592592592593 0.00524375 0.03984074074074074
1 0.44717942708333336 0.35553703703703704 0.017275520833333332 0.029592592592592594
1 0.3652981770833333 0.35977453703703705 0.03476302083333334 0.05473425925925926
1 0.3715130208333333 0.3599699074074074 0.021151041666666665 0.03845833333333333
1 0.4401580729166667 0.23881481481481484 0.008441145833333333 0.01837037037037037
1 0.46897213541666666 0.4358976851851852 0.024402604166666668 0.014387962962962964
1 0.4148614583333333 0.5745842592592593 0.007847916666666666 0.015835185185185185
1 0.26631015625 0.6542782407407407 0.009703645833333333 0.021519444444444445
1 0.23426458333333333 0.6122037037037037 0.016445833333333333 0.03737037037037037
1 0.33048098958333333 0.5852467592592593 0.019295312499999998 0.04271574074074074
1 0.32965937500000003 0.39317546296296296 0.010360416666666667 0.017832407407407408
1 0.4323450520833333 0.6472680555555556 0.015731770833333332 0.03527685185185185
1 0.4352098958333333 0.6535814814814815 0.011044791666666666 0.01271851851851852
1 0.5851916666666667 0.7095810185185185 0.013091666666666666 0.05064351851851852
1 0.5904130208333334 0.7523375 0.019367708333333334 0.021341666666666665
1 0.5729067708333333 0.7843875 0.011438541666666666 0.013219444444444443
1 0.5586065104166666 0.33846574074074076 0.009921354166666667 0.010264814814814815
1 0.3109869791666667 0.656886574074074 0.008432291666666668 0.015625
1 0.32603645833333333 0.6528416666666667 0.00728125 0.007535185185185185
1 0.6969783854166667 0.7833143518518518 0.01583177083333333 0.03885092592592593
1 0.628196875 0.30556944444444445 0.011602083333333334 0.02965740740740741
1 0.8276763020833333 0.5503884259259259 0.0074359375 0.02299907407407407
1 0.4313080729166667 0.47416111111111114 0.0136578125 0.024248148148148147
1 0.6237559895833333 0.10081851851851852 0.014178645833333333 0.031266666666666665
1 0.9832872395833333 0.3273134259259259 0.008241145833333333 0.017589814814814815
1 0.9669309895833333 0.6980902777777778 0.007820312500000001 0.01840277777777778
1 0.68857734375 0.5133842592592593 0.009446354166666667 0.01936111111111111
1 0.9104708333333333 0.4471569444444445 0.004275 0.010980555555555556
1 0.93883359375 0.38523287037037035 0.004750520833333333 0.0075027777777777775
1 0.8200880208333333 0.6013393518518518 0.005801041666666667 0.013789814814814816
1 0.5144091145833333 0.6050912037037037 0.003818229166666667 0.017589814814814815
