2 0.52109375 0.5972222222222222 0.9567708333333333 0.8037037037037037
1 0.43072916666666666 0.5412037037037037 0.010416666666666666 0.019444444444444445
1 0.85625 0.6518518518518519 0.017708333333333333 0.05
1 0.99609375 0.6101851851851852 0.0067708333333333336 0.024074074074074074
1 0.8526041666666667 0.6291666666666667 0.008333333333333333 0.012037037037037037
1 0.6791666666666667 0.7023148148148148 0.0125 0.026851851851851852
1 0.4234375 0.9518518518518518 0.008333333333333333 0.014814814814814815
1 0.5380208333333333 0.9925925925925926 0.013541666666666667 0.012962962962962963
1 0.05677083333333333 0.43148148148148147 0.007291666666666667 0.016666666666666666
1 0.07447916666666667 0.4222222222222222 0.00625 0.012962962962962963
1 0.35911458333333335 0.25416666666666665 0.027604166666666666 0.028703703703703703
1 0.33958333333333335 0.8652777777777778 0.019791666666666666 0.03796296296296296
