2 0.5138020833333333 0.5175925925925926 0.9713541666666666 0.9629629629629629
1 0.6346354166666667 0.25 0.016145833333333335 0.05740740740740741
1 0.6544270833333333 0.9388888888888889 0.0328125 0.06111111111111111
1 0.5796875 0.5361111111111111 0.023958333333333335 0.05555555555555555
1 0.6268229166666667 0.649074074074074 0.009895833333333333 0.022222222222222223
1 0.6067708333333334 0.7430555555555556 0.011458333333333333 0.025
1 0.11614583333333334 0.5097222222222222 0.030208333333333334 0.04537037037037037
1 0.29765625 0.7342592592592593 0.0078125 0.025925925925925925
1 0.259375 0.711574074074074 0.011458333333333333 0.023148148148148147
1 0.34401041666666665 0.9472222222222222 0.011979166666666667 0.014814814814814815
1 0.6364583333333333 0.35185185185185186 0.005208333333333333 0.012962962962962963
1 0.6346354166666667 0.4597222222222222 0.0078125 0.013888888888888888
1 0.42890625 0.39675925925925926 0.0078125 0.017592592592592594
1 0.2864583333333333 0.20462962962962963 0.008333333333333333 0.012962962962962963
