2 0.5 0.4642912037037037 1.0 0.9285824074074074
1 0.16655989583333333 0.8892277777777777 0.012286458333333333 0.03956666666666667
1 0.12137630208333333 0.7166657407407407 0.0073359375000000004 0.01296111111111111
1 0.12422734375000001 0.7833810185185186 0.005746354166666666 0.00935462962962963
1 0.247690625 0.5902740740740741 0.02663125 0.04906666666666666
1 0.04895338541666667 0.6597458333333333 0.0051984375 0.010232407407407407
1 0.16402526041666665 0.3533189814814815 0.010342187499999999 0.030712037037037034
1 0.2980463541666667 0.2634935185185185 0.028384375 0.06587592592592592
1 0.21138463541666666 0.17606157407407408 0.012352604166666666 0.02434537037037037
1 0.40518255208333337 0.2937509259259259 0.0218234375 0.05602037037037037
1 0.42010442708333334 0.019213425925925925 0.0297921875 0.032871296296296294
1 0.44213203125 0.010743981481481481 0.011347395833333333 0.01593240740740741
1 0.4406333333333333 0.053734722222222225 0.010433333333333333 0.014876851851851851
1 0.44949583333333337 0.07905185185185186 0.018783333333333332 0.02477037037037037
1 0.45339375 0.03882314814814815 0.010954166666666666 0.012831481481481482
1 0.4611651041666667 0.0661537037037037 0.012955208333333332 0.01749259259259259
1 0.46357265625 0.10460462962962963 0.009436979166666666 0.01106111111111111
1 0.6904223958333334 0.17816666666666667 0.015219791666666668 0.015592592592592592
1 0.5431411458333333 0.7514425925925926 0.021698958333333334 0.03807037037037037
1 0.5490208333333333 0.6885444444444445 0.01575 0.03264444444444444
1 0.5407252604166667 0.5936449074074074 0.012700520833333334 0.04099351851851852
1 0.7395125 0.8155597222222222 0.016525 0.04037870370370371
1 0.6229153645833333 0.8940611111111111 0.0166640625 0.017751851851851852
1 0.5731947916666668 0.6388962962962963 0.00680625 0.011125925925925926
1 0.7052119791666667 0.39405277777777775 0.012507291666666667 0.017735185185185184
