2 0.4973109375 0.5517342592592593 0.994621875 0.8960611111111111
1 0.8931622395833333 0.2031601851851852 0.014449479166666666 0.05817222222222222
1 0.6784958333333333 0.15508240740740742 0.01845 0.026831481481481484
1 0.6198312500000001 0.3001023148148148 0.016745833333333335 0.02242685185185185
1 0.3945973958333333 0.2914703703703704 0.041278125000000006 0.04405185185185185
1 0.7775484375 0.6119754629629629 0.011346875000000001 0.023950925925925928
1 0.7454565104166666 0.45280185185185184 0.011746354166666667 0.033381481481481484
1 0.34789296875000003 0.7844041666666667 0.010369270833333333 0.04843796296296297
1 0.6289963541666667 0.9631402777777777 0.021534374999999998 0.048502777777777784
1 0.757315625 0.7857620370370371 0.01463125 0.04745
1 0.7343007812500001 0.7015597222222222 0.007143229166666667 0.02719351851851852
1 0.7123348958333333 0.6517925925925926 0.006961458333333333 0.022103703703703705
1 0.8261411458333333 0.9251171296296296 0.009573958333333334 0.04467870370370371
1 0.3675466145833333 0.9250662037037037 0.023634895833333332 0.05198425925925926
1 0.7998859374999999 0.7293810185185186 0.003938541666666667 0.03653981481481482
1 0.6802791666666667 0.9908689814814815 0.015766666666666665 0.018775
1 0.60383671875 0.6850949074074074 0.007673437500000001 0.012782407407407407
1 0.3261544270833333 0.8763930555555556 0.0075171874999999996 0.023156481481481483
1 0.30317057291666666 0.7172240740740741 0.0073828125000000005 0.028892592592592595
1 0.3009390625 0.7380111111111112 0.005003125 0.014911111111111111
