2 0.5026830729166667 0.4587819444444445 0.9949494791666668 0.917563888888889
1 0.49478177083333336 0.5405541666666667 0.03435520833333334 0.057034259259259264
1 0.5250458333333333 0.6461842592592593 0.012591666666666666 0.02199814814814815
1 0.184915625 0.49013749999999995 0.012539583333333333 0.024719444444444443
1 0.3096200520833333 0.3685041666666667 0.02549010416666667 0.053675
1 0.35323854166666663 0.04902314814814815 0.01689375 0.03878703703703704
1 0.5950674479166668 0.3149666666666667 0.017218229166666665 0.02622962962962963
1 0.59861015625 0.2318611111111111 0.028470312499999997 0.045203703703703704
1 0.60209921875 0.22208333333333333 0.0166984375 0.02564814814814815
1 0.62224453125 0.02015138888888889 0.02157239583333333 0.04030277777777778
1 0.6861765625 0.557138888888889 0.012978125 0.03464814814814815
1 0.53371171875 0.7068125 0.007006770833333333 0.015476851851851851
1 0.28697526041666666 0.4376805555555556 0.020825520833333333 0.0605462962962963
1 0.30210546875 0.6132722222222222 0.0073359375000000004 0.01172962962962963
1 0.47203906250000005 0.7157402777777778 0.018036458333333335 0.038887962962962964
1 0.9590372395833333 0.5628939814814815 0.011824479166666667 0.029491666666666666
1 0.9712932291666667 0.6127300925925926 0.009253125 0.01805277777777778
1 0.3101864583333333 0.15327083333333333 0.014122916666666667 0.02691203703703704
