2 0.5 0.5505032407407408 1.0 0.8991546296296297
1 0.6536263020833334 0.2952462962962963 0.011419270833333333 0.021974074074074073
1 0.45110546874999996 0.20825092592592592 0.007419270833333333 0.01465
1 0.43108776041666663 0.15018981481481483 0.009050520833333332 0.01149074074074074
1 0.31171588541666667 0.5021148148148148 0.017181770833333332 0.015340740740740742
1 0.27302864583333336 0.5317703703703703 0.012723958333333334 0.028355555555555554
1 0.25050807291666666 0.6507162037037038 0.010391145833333334 0.031062037037037034
1 0.2323786458333333 0.9080499999999999 0.013715625 0.03832222222222222
1 0.9352117187500001 0.8709740740740741 0.0141734375 0.02528148148148148
1 0.4985013020833333 0.7847328703703703 0.007419270833333333 0.017613888888888887
