2 0.5 0.5373824074074075 1.0 0.9247648148148148
1 0.05171822916666667 0.20390555555555556 0.028436458333333334 0.09484814814814815
1 0.039278385416666665 0.19295046296296298 0.0077234375 0.026641666666666668
1 0.09783750000000001 0.46877824074074076 0.020675 0.030149074074074075
1 0.41464687499999997 0.2826773148148148 0.030335416666666667 0.035725
1 0.3908447916666667 0.1894986111111111 0.02439791666666667 0.049367592592592595
1 0.5670273437500001 0.28667499999999996 0.0184296875 0.04001666666666667
1 0.47145963541666663 0.39536944444444444 0.023127604166666666 0.0555537037037037
1 0.5137984375 0.6509875 0.022388541666666664 0.044567592592592596
1 0.3217700520833333 0.5752615740740741 0.016456770833333335 0.02459722222222222
1 0.38811510416666667 0.4658587962962963 0.018938541666666666 0.03727314814814815
1 0.37796744791666664 0.7863064814814815 0.02051822916666667 0.030020370370370367
1 0.15683541666666667 0.7397157407407408 0.015754166666666666 0.02572777777777778
1 0.8080664062499999 0.9930962962962964 0.015091145833333335 0.013970370370370369
1 0.6550036458333334 0.4178472222222222 0.025632291666666664 0.04680555555555555
1 0.7828950520833333 0.3500037037037037 0.0272484375 0.04074814814814815
1 0.5467268229166666 0.4965763888888889 0.019495312499999997 0.01722685185185185
1 0.4952421875 0.47709398148148147 0.021734374999999997 0.054187962962962966
1 0.49643125 0.49571527777777774 0.015779166666666667 0.01550462962962963
1 0.500859375 0.24593703703703707 0.012135416666666668 0.012244444444444445
1 0.49646015625 0.22656064814814814 0.010628645833333334 0.019787962962962962
1 0.5422096354166667 0.43129675925925925 0.016710937500000002 0.021852777777777777
1 0.7381963541666666 0.13067916666666665 0.009726041666666666 0.01876574074074074
1 0.52372109375 0.3547064814814815 0.013067187499999999 0.013116666666666667
1 0.29275885416666664 0.35053703703703704 0.013642708333333333 0.021444444444444443
1 0.2956234375 0.33107499999999995 0.013121875 0.026964814814814813
1 0.46119661458333333 0.29853564814814815 0.0151015625 0.035960185185185185
1 0.5839908854166667 0.4711986111111111 0.017981770833333334 0.022026851851851853
1 0.4285 0.3911175925925926 0.012208333333333333 0.01742037037037037
1 0.060414322916666666 0.8953819444444445 0.007286979166666666 0.01483796296296296
1 0.01996796875 0.9312560185185185 0.007644270833333333 0.016215740740740742
1 0.05279921875 0.7622083333333333 0.0055984375 0.020712962962962964
1 0.3188401041666667 0.3319800925925926 0.013721875 0.04173796296296296
1 0.6798893229166667 0.4240023148148148 0.012903645833333333 0.023930555555555556
1 0.052035937500000004 0.6376365740740741 0.006155208333333333 0.028976851851851854
1 0.32446562500000004 0.7948847222222223 0.01455625 0.021250925925925927
