2 0.49973958333333335 0.5375 0.9994791666666667 0.925
1 0.32057291666666665 0.1425925925925926 0.008854166666666666 0.022222222222222223
1 0.36223958333333334 0.13564814814814816 0.0203125 0.028703703703703703
1 0.40390625 0.09444444444444444 0.022395833333333334 0.03888888888888889
1 0.19244791666666666 0.3402777777777778 0.018229166666666668 0.04537037037037037
1 0.18697916666666667 0.43842592592592594 0.013541666666666667 0.03425925925925926
1 0.13411458333333334 0.5879629629629629 0.011979166666666667 0.02962962962962963
1 0.017447916666666667 0.5986111111111111 0.008854166666666666 0.021296296296296296
1 0.49765625 0.3490740740740741 0.011979166666666667 0.024074074074074074
1 0.5127604166666667 0.41064814814814815 0.0067708333333333336 0.026851851851851852
1 0.7236979166666667 0.7916666666666666 0.021354166666666667 0.02962962962962963
1 0.8044270833333333 0.7976851851851852 0.0171875 0.025
1 0.6588541666666666 0.8606481481481482 0.011458333333333333 0.013888888888888888
1 0.6505208333333333 0.8435185185185186 0.008333333333333333 0.014814814814814815
1 0.7588541666666667 0.7689814814814815 0.016666666666666666 0.028703703703703703
1 0.76015625 0.725462962962963 0.016145833333333335 0.032407407407407406
1 0.8994791666666667 0.45416666666666666 0.0125 0.030555555555555555
1 0.7231770833333333 0.37037037037037035 0.011979166666666667 0.027777777777777776
1 0.7526041666666666 0.32731481481481484 0.009375 0.019444444444444445
1 0.7171875 0.20925925925925926 0.011458333333333333 0.009259259259259259
1 0.49921875 0.2675925925925926 0.0078125 0.014814814814814815
1 0.15130208333333334 0.2972222222222222 0.0036458333333333334 0.014814814814814815
1 0.15494791666666666 0.3175925925925926 0.008854166666666666 0.018518518518518517
1 0.8286458333333333 0.5782407407407407 0.00625 0.019444444444444445
1 0.5953125 0.5296296296296297 0.008333333333333333 0.027777777777777776
1 0.61953125 0.6476851851851851 0.016145833333333335 0.03611111111111111
1 0.74609375 0.5569444444444445 0.0109375 0.019444444444444445
1 0.86328125 0.6111111111111112 0.0067708333333333336 0.012962962962962963
1 0.8692708333333333 0.41574074074074074 0.008333333333333333 0.03148148148148148
1 0.6169270833333333 0.1837962962962963 0.0067708333333333336 0.030555555555555555
1 0.8268229166666666 0.3662037037037037 0.016145833333333335 0.010185185185185186
1 0.7807291666666667 0.45740740740740743 0.010416666666666666 0.012962962962962963
1 0.8955729166666667 0.35509259259259257 0.0078125 0.021296296296296296
1 0.890625 0.637962962962963 0.003125 0.016666666666666666
1 0.7671875 0.700462962962963 0.010416666666666666 0.019444444444444445
1 0.1734375 0.9412037037037037 0.015625 0.013888888888888888
1 0.1015625 0.5935185185185186 0.00625 0.011111111111111112
1 0.43046875 0.5152777777777777 0.0046875 0.021296296296296296
1 0.8083333333333333 0.4810185185185185 0.007291666666666667 0.013888888888888888
1 0.82421875 0.6305555555555555 0.0046875 0.007407407407407408
1 0.840625 0.6472222222222223 0.00625 0.012962962962962963
1 0.8135416666666667 0.7453703703703703 0.00625 0.011111111111111112
1 0.7719307291666666 0.31808842592592595 0.009486458333333333 0.019510185185185186
