2 0.49973958333333335 0.5467592592592593 0.9994791666666667 0.9046296296296297
1 0.40286458333333336 0.7046296296296296 0.008854166666666666 0.016666666666666666
1 0.20911458333333333 0.4842592592592593 0.0067708333333333336 0.014814814814814815
1 0.17786458333333333 0.32083333333333336 0.009895833333333333 0.01574074074074074
1 0.2799479166666667 0.24953703703703703 0.022395833333333334 0.019444444444444445
1 0.19635416666666666 0.3939814814814815 0.007291666666666667 0.028703703703703703
1 0.29739583333333336 0.20601851851851852 0.00625 0.010185185185185186
1 0.6940104166666666 0.28055555555555556 0.025520833333333333 0.05925925925925926
1 0.6486979166666667 0.3111111111111111 0.005729166666666666 0.014814814814814815
1 0.7330729166666666 0.5296296296296297 0.0265625 0.04814814814814815
1 0.79296875 0.6240740740740741 0.009895833333333333 0.03333333333333333
1 0.6127604166666667 0.5263888888888889 0.0171875 0.021296296296296296
1 0.6059895833333333 0.6032407407407407 0.011979166666666667 0.026851851851851852
1 0.6385416666666667 0.6351851851851852 0.015625 0.03148148148148148
1 0.50234375 0.611574074074074 0.008854166666666666 0.01574074074074074
1 0.7354166666666667 0.7263888888888889 0.00625 0.012037037037037037
1 0.453125 0.7523148148148148 0.014583333333333334 0.017592592592592594
1 0.42239583333333336 0.6976851851851852 0.014583333333333334 0.023148148148148147
1 0.8895833333333333 0.49537037037037035 0.05 0.03148148148148148
1 0.8604166666666667 0.7138888888888889 0.010416666666666666 0.011111111111111112
1 0.7158854166666667 0.9185185185185185 0.0067708333333333336 0.012962962962962963
1 0.6557291666666667 0.9226851851851852 0.00625 0.01574074074074074
1 0.6744791666666666 0.9305555555555556 0.009375 0.014814814814814815
1 0.7979166666666667 0.8763888888888889 0.010416666666666666 0.028703703703703703
1 0.8330729166666667 0.8662037037037037 0.0078125 0.013888888888888888
1 0.875 0.7759259259259259 0.008333333333333333 0.016666666666666666
1 0.81640625 0.7731481481481481 0.0109375 0.027777777777777776
1 0.6322916666666667 0.5666666666666667 0.004166666666666667 0.007407407407407408
1 0.9390625 0.6508375 0.008333333333333333 0.02945277777777778
1 0.9078125 0.7842592592592592 0.007291666666666667 0.014814814814814815
1 0.9463541666666667 0.7337962962962963 0.00625 0.012037037037037037
1 0.8838541666666667 0.8550925925925926 0.009375 0.019444444444444445
1 0.52421875 0.1865740740740741 0.005729166666666666 0.030555555555555555
