2 0.5 0.5 1.0 1.0
1 0.43316302083333336 0.08940648148148148 0.012159375 0.025109259259259258
1 0.46641015625000004 0.09127546296296296 0.006778645833333334 0.012180555555555556
1 0.41814348958333336 0.5826138888888889 0.03420364583333334 0.07633888888888889
1 0.4904083333333333 0.7332425925925926 0.023525 0.02204074074074074
1 0.6059705729166667 0.5028967592592593 0.0098578125 0.02986759259259259
1 0.31794062500000003 0.8213837962962963 0.009839583333333334 0.02054537037037037
1 0.7775486979166666 0.7949777777777778 0.011347395833333333 0.030696296296296298
1 0.36853359375 0.7450833333333334 0.02040052083333333 0.021648148148148146
1 0.19711145833333335 0.7338101851851851 0.01505625 0.026879629629629632
1 0.13161354166666667 0.5067800925925926 0.01739375 0.03763425925925926
1 0.26904609375 0.907974074074074 0.007883854166666667 0.01594814814814815
1 0.131559375 0.16167731481481482 0.015202083333333333 0.023354629629629628
1 0.013989062500000001 0.3268578703703704 0.009228125 0.025937962962962965
1 0.17891015625 0.23888749999999997 0.009903645833333334 0.020367592592592593
1 0.07159557291666667 0.17261944444444444 0.010899479166666667 0.013757407407407407
1 0.08790520833333333 0.08464675925925925 0.010185416666666667 0.03410833333333334
1 0.20699427083333333 0.1726763888888889 0.006696875000000001 0.012019444444444444
1 0.21021041666666665 0.1550837962962963 0.004795833333333333 0.012019444444444444
1 0.8759408854166666 0.3195152777777778 0.010215104166666666 0.022363888888888888
1 0.8813171875 0.609824537037037 0.012634375 0.034463888888888884
1 0.95740859375 0.5998518518518519 0.01690052083333333 0.03674074074074074
1 0.8544263020833333 0.4564726851851852 0.008852604166666667 0.009241666666666667
1 0.9880182291666666 0.8212097222222222 0.017703125 0.07390092592592593
1 0.8503638020833333 0.864325462962963 0.014269270833333332 0.026799074074074076
1 0.9260817708333333 0.9648134259259259 0.009455208333333333 0.018515740740740742
