2 0.5026815104166666 0.5513134259259259 0.9949463541666667 0.8970712962962963
1 0.9279859375 0.42595601851851855 0.01951354166666667 0.025986111111111113
1 0.31693307291666667 0.20098472222222222 0.0099078125 0.01863611111111111
1 0.30467838541666664 0.3631912037037037 0.018731770833333335 0.04675277777777778
1 0.29988984375 0.45934166666666665 0.014363020833333334 0.04831296296296296
1 0.19882708333333332 0.6664365740740741 0.013279166666666667 0.031021296296296297
1 0.22945286458333333 0.7084472222222222 0.016197395833333333 0.03170925925925926
1 0.28995078125 0.7050689814814816 0.006984895833333333 0.02495277777777778
1 0.29167317708333335 0.6741657407407408 0.008346354166666665 0.01685
1 0.3082419270833333 0.7380837962962963 0.0123171875 0.028019444444444444
1 0.3146083333333333 0.9262694444444445 0.0073416666666666665 0.021057407407407407
1 0.12233333333333334 0.6794134259259259 0.007166666666666667 0.019937962962962963
1 0.049583072916666665 0.31908935185185183 0.006457812499999999 0.017808333333333332
1 0.015695052083333334 0.33941064814814814 0.008473437499999998 0.019562037037037038
1 0.19342890625 0.44002083333333336 0.0118578125 0.04670833333333333
1 0.22971640625 0.3546347222222222 0.005266145833333334 0.037047222222222224
1 0.45946171875 0.7821745370370371 0.013715104166666665 0.02175648148148148
1 0.7288104166666667 0.9239092592592593 0.01595416666666667 0.0293
1 0.8492700520833334 0.45111712962962963 0.011040104166666667 0.009641666666666666
