1 0.5 0.5215375 1.0 0.956037962962963
1 0.5 0.5169754629629629 1.0 0.9654324074074073
1 0.5 0.5165124999999999 1.0 0.9663583333333332
1 0.49944713541666663 0.3049611111111111 0.9988942708333333 0.2580703703703704
1 0.4994380208333334 0.30627499999999996 0.9988760416666668 0.2514388888888889
1 0.03277447916666667 0.4533814814814815 0.021798958333333333 0.06231851851851852
1 0.38901015625 0.6154458333333334 0.032186979166666664 0.051262037037037037
1 0.8349809895833334 0.963774074074074 0.016836979166666665 0.023844444444444442
1 0.8777950520833334 0.9530337962962963 0.018090104166666666 0.033845370370370366
1 0.980609375 0.933475 0.019552083333333335 0.05213518518518518
1 0.7262505208333334 0.9048365740740741 0.021251041666666668 0.04115462962962963
1 0.8012559895833333 0.9111907407407408 0.007720312500000001 0.013122222222222223
1 0.8002263020833333 0.9286791666666666 0.0056609375 0.005506481481481481
1 0.86232109375 0.8521550925925926 0.020475520833333333 0.05060648148148148
1 0.89797421875 0.7453574074074074 0.020948437499999997 0.06293703703703703
1 0.10081276041666666 0.9212712962962962 0.004750520833333333 0.01106111111111111
1 0.14068333333333335 0.9545800925925926 0.009491666666666667 0.014715740740740741
1 0.1336203125 0.8903083333333334 0.010990625 0.02506111111111111
1 0.2072765625 0.48703472222222216 0.019761458333333332 0.0333287037037037
1 0.32578072916666667 0.99355 0.005728125 0.011174074074074074
1 0.31784869791666664 0.9222342592592593 0.007572395833333333 0.037061111111111114
1 0.38599557291666664 0.9429087962962963 0.012616145833333333 0.019150925925925925
1 0.3989979166666667 0.8966370370370371 0.018829166666666668 0.015496296296296296
1 0.51258125 0.5642773148148148 0.008495833333333334 0.02299907407407407
1 0.6029364583333333 0.49772361111111113 0.011081249999999999 0.02507685185185185
1 0.7197994791666668 0.4522875 0.015640625000000002 0.03976018518518519
1 0.5815096354166667 0.48788888888888887 0.0109359375 0.01837037037037037
1 0.5820122395833334 0.2880833333333333 0.010899479166666667 0.01135185185185185
1 0.6728976562500001 0.22779166666666664 0.009336979166666667 0.02965740740740741
1 0.7697770833333333 0.21762453703703705 0.0030958333333333332 0.005619444444444444
1 0.7735859375 0.21761296296296295 0.004463541666666667 0.005596296296296296
1 0.6719286458333333 0.18241296296296297 0.010523958333333333 0.03149259259259259
1 0.21244192708333334 0.09723796296296296 0.004050520833333333 0.00743888888888889
1 0.21693567708333333 0.10177222222222222 0.006788020833333333 0.010951851851851852
1 0.06119244791666666 0.3749986111111111 0.010926562499999999 0.018515740740740742
1 0.15028229166666665 0.3000875 0.009939583333333333 0.016841666666666668
1 0.028534895833333334 0.3388861111111111 0.008111458333333333 0.03888333333333333
1 0.8476057291666667 0.8847777777777778 0.0056281249999999994 0.013999999999999999
1 0.8877643229166666 0.892062962962963 0.008861979166666667 0.02857037037037037
1 0.1123203125 0.8623125 0.013182291666666667 0.022773148148148147
1 0.19671354166666666 0.9799291666666666 0.012177083333333333 0.022821296296296294
1 0.42431119791666666 0.6786523148148148 0.03820572916666667 0.03508240740740741
1 0.20397395833333334 0.8545712962962964 0.007947916666666667 0.0202537037037037
1 0.23389010416666667 0.7588115740740741 0.005280208333333333 0.013919444444444444
1 0.25787109375 0.8698898148148148 0.007408854166666667 0.017557407407407407
1 0.2507447916666667 0.8453537037037037 0.00253125 0.009225925925925926
1 0.40574661458333333 0.8217018518518518 0.009409895833333333 0.011922222222222221
1 0.29557213541666666 0.4657546296296296 0.009894270833333333 0.03150925925925926
1 0.8658940104166667 0.7091935185185185 0.0078296875 0.014683333333333335
1 0.16880833333333334 0.3244226851851852 0.010533333333333334 0.01736388888888889
1 0.1507359375 0.6431199074074073 0.004596875 0.004758333333333333
1 0.15363177083333335 0.645800925925926 0.004138541666666666 0.008268518518518519
1 0.24214114583333332 0.15509166666666666 0.010323958333333333 0.013887037037037036
1 0.43389453125 0.0972125 0.006330729166666666 0.020350925925925925
