2 0.5 0.4777824074074074 1.0 0.9555648148148148
2 0.45955859374999997 0.054287037037037036 0.05245052083333333 0.10487037037037038
1 0.40574921875 0.7385203703703703 0.0271234375 0.041855555555555556
1 0.4532309895833333 0.5774833333333333 0.02937864583333333 0.06978148148148149
1 0.54034375 0.14704490740740742 0.028604166666666667 0.016312037037037038
1 0.5116731770833334 0.17978657407407408 0.0066796875 0.018832407407407405
1 0.51124140625 0.20339537037037037 0.016232812500000002 0.02530925925925926
1 0.5003846354166667 0.24639537037037035 0.0361859375 0.040938888888888886
1 0.5315166666666666 0.24721342592592593 0.01095 0.012945370370370371
1 0.5155736979166667 0.2604384259259259 0.0134390625 0.022728703703703706
1 0.36593307291666666 0.41950462962962964 0.009991145833333333 0.01863888888888889
1 0.6849716145833333 0.9377277777777777 0.010568229166666667 0.021751851851851852
1 0.37573333333333336 0.9112374999999999 0.011883333333333333 0.028030555555555555
1 0.8514338541666666 0.5497226851851852 0.007034375 0.012408333333333334
1 0.8450632812500001 0.5471712962962964 0.003668229166666667 0.003601851851851852
1 0.6379817708333333 0.635637962962963 0.015546875 0.017572222222222225
1 0.5371901041666667 0.014558333333333335 0.010838541666666666 0.01985740740740741
1 0.5183125 0.036156018518518525 0.021 0.04083055555555556
1 0.47133984375 0.08276203703703704 0.0208046875 0.048857407407407405
1 0.8307059895833333 0.08565925925925925 0.012453645833333334 0.019466666666666667
1 0.8125140625 0.12334907407407408 0.017736458333333333 0.02817962962962963
1 0.8024104166666667 0.04970694444444444 0.020445833333333333 0.038302777777777776
1 0.25301848958333334 0.9005421296296297 0.014370312500000001 0.028862037037037037
1 0.41897213541666667 0.9420194444444444 0.016069270833333333 0.019224074074074074
1 0.95827109375 0.632076388888889 0.011333854166666666 0.019708333333333335
1 0.9613533854166667 0.09019166666666667 0.012290104166666668 0.019272222222222222
1 0.6639057291666667 0.02048240740740741 0.008019791666666666 0.013187037037037037
1 0.6319434895833334 0.02578703703703704 0.008678645833333333 0.02564814814814815
1 0.53180390625 0.3075615740740741 0.011524479166666666 0.022530555555555554
1 0.39261953125000004 0.10251851851851852 0.0102390625 0.021703703703703704
1 0.5339661458333332 0.05373935185185185 0.015848958333333333 0.018589814814814816
1 0.40887265624999997 0.8056851851851852 0.014620312500000001 0.02062962962962963
1 0.36693098958333337 0.5330541666666666 0.0140703125 0.017960185185185183
1 0.5560122395833333 0.3688509259259259 0.006816145833333333 0.013627777777777779
1 0.5871674479166666 0.4152694444444444 0.005584895833333334 0.01202037037037037
1 0.5842895833333334 0.5468634259259259 0.0050375 0.025208333333333336
1 0.5920057291666667 0.5589370370370371 0.0048447916666666665 0.006762962962962963
1 0.6509114583333333 0.5022810185185185 0.009114583333333334 0.013821296296296295
1 0.5020260416666666 0.4369106481481481 0.004052083333333334 0.00715462962962963
1 0.6718700520833334 0.044892592592592595 0.007281770833333334 0.021266666666666666
1 0.6160182291666667 0.308250462962963 0.007036458333333333 0.014649074074074073
1 0.5104130208333334 0.2867087962962963 0.005201041666666667 0.016010185185185186
1 0.53950703125 0.19440648148148149 0.0102640625 0.020294444444444445
1 0.5748963541666666 0.20980833333333332 0.010209375 0.015912962962962962
1 0.5516401041666666 0.21295925925925926 0.006405208333333333 0.005548148148148148
1 0.5587125000000001 0.22163240740740742 0.005966666666666666 0.008079629629629631
1 0.622675 0.05861342592592593 0.010975 0.019078703703703705
1 0.43065468749999997 0.2560777777777778 0.009226041666666665 0.019562962962962963
1 0.4156606770833333 0.5771032407407407 0.009446354166666667 0.022725
1 0.159028125 0.20372037037037036 0.006597916666666666 0.011144444444444445
1 0.6369677083333334 0.6633162037037037 0.01664375 0.015521296296296299
1 0.9871786458333334 0.1696773148148148 0.007690625 0.01713240740740741
1 0.9543278645833334 0.2041050925925926 0.005530729166666666 0.019321296296296298
1 0.9169375 0.04100277777777778 0.004708333333333333 0.009783333333333335
1 0.8498239583333334 0.20903750000000001 0.016314583333333334 0.07548240740740741
1 0.8564333333333334 0.1275851851851852 0.009741666666666668 0.03294814814814815
