2 0.49973958333333335 0.524074074074074 0.9994791666666667 0.95
1 0.9049479166666666 0.3351851851851852 0.008854166666666666 0.016666666666666666
1 0.9216145833333333 0.6166666666666667 0.016145833333333335 0.014814814814814815
1 0.8859375 0.549537037037037 0.00625 0.01574074074074074
1 0.9015625 0.6731481481481482 0.007291666666666667 0.007407407407407408
1 0.9135416666666667 0.9490740740740741 0.007291666666666667 0.012962962962962963
1 0.8544270833333333 0.9717592592592592 0.0067708333333333336 0.019444444444444445
1 0.8317708333333333 0.9106481481481481 0.007291666666666667 0.012037037037037037
1 0.8200520833333333 0.9643518518518519 0.011979166666666667 0.006481481481481481
1 0.7109375 0.8759259259259259 0.005208333333333333 0.016666666666666666
1 0.9278645833333333 0.9055555555555556 0.0078125 0.020370370370370372
1 0.5627604166666667 0.9930555555555556 0.0140625 0.012037037037037037
1 0.3216145833333333 0.5180555555555556 0.008854166666666666 0.030555555555555555
1 0.221875 0.5560185185185185 0.005208333333333333 0.017592592592592594
1 0.15260416666666668 0.8347222222222223 0.0125 0.021296296296296296
1 0.10729166666666666 0.9560185185185185 0.008333333333333333 0.021296296296296296
1 0.06458333333333334 0.8851851851851852 0.009375 0.018518518518518517
