2 0.5 0.5285324074074075 1.0 0.94225
1 0.5419015625 0.4305791666666667 0.019219791666666666 0.03338055555555556
1 0.4002375 0.4506962962962963 0.0161 0.056948148148148144
1 0.45550234375 0.38020925925925925 0.008921354166666668 0.015974074074074075
1 0.48802421874999996 0.1321 0.012506770833333335 0.019755555555555554
1 0.4229880208333333 0.09009861111111112 0.04076770833333333 0.0542712962962963
2 0.9225049479166666 0.24780462962962965 0.03563489583333333 0.038201851851851855
1 0.26014166666666666 0.2845453703703704 0.021325 0.043164814814814816
1 0.4390893229166667 0.22330833333333333 0.009428645833333334 0.018838888888888888
1 0.5280278645833333 0.19256111111111113 0.012305729166666666 0.016603703703703704
1 0.5315955729166667 0.17534166666666667 0.005899479166666667 0.009942592592592591
1 0.5680143229166668 0.18701296296296296 0.0047786458333333335 0.01661851851851852
1 0.6631252604166666 0.3450550925925926 0.020000520833333334 0.028999074074074073
1 0.7533330729166666 0.6105726851851851 0.009791145833333332 0.028552777777777778
1 0.9337359375 0.6199236111111112 0.009138541666666666 0.023180555555555555
1 0.7769440104166667 0.3346787037037037 0.0143046875 0.017505555555555555
1 0.4105419270833333 0.9394712962962963 0.0200421875 0.02709074074074074
1 0.32584427083333334 0.9133462962962963 0.015230208333333333 0.019285185185185183
1 0.3345721354166667 0.9608023148148148 0.012894270833333334 0.006789814814814815
1 0.3683799479166667 0.929575462962963 0.0065515625 0.011002777777777776
1 0.38811510416666667 0.9593712962962964 0.010605208333333333 0.01689074074074074
1 0.5235815104166667 0.974436574074074 0.009663020833333334 0.017391666666666666
1 0.34722552083333336 0.627450925925926 0.004867708333333333 0.010457407407407408
1 0.24088177083333334 0.5126120370370371 0.018221875 0.041890740740740735
1 0.025081510416666668 0.4207314814814815 0.0074546875 0.019240740740740742
1 0.020734635416666664 0.3897171296296296 0.006052604166666667 0.01832314814814815
1 0.0382078125 0.4042296296296296 0.006623958333333333 0.012162962962962962
