2 0.5 0.5 1.0 1.0
1 0.4174364583333333 0.3974722222222222 0.021331250000000003 0.03938888888888889
1 0.41461171874999997 0.2709888888888889 0.0167234375 0.036422222222222224
1 0.5230166666666667 0.39468425925925926 0.022075 0.061590740740740745
1 0.4838515625 0.06960694444444444 0.017703125 0.02810277777777778
1 0.6322023437500001 0.33917916666666664 0.023779687499999997 0.039469444444444446
1 0.6580010416666667 0.3719180555555555 0.011835416666666666 0.029021296296296295
1 0.6590018229166666 0.3216361111111111 0.011753645833333333 0.02845740740740741
1 0.6611307291666667 0.2745333333333333 0.01913645833333333 0.026844444444444445
1 0.6479380208333333 0.23626898148148148 0.012542708333333335 0.046612037037037035
1 0.7242135416666666 0.19800787037037038 0.009885416666666667 0.020089814814814814
1 0.7062304687500001 0.14317314814814816 0.005169270833333334 0.014124074074074074
1 0.6992291666666667 0.11685787037037038 0.00575 0.009641666666666666
1 0.7009184895833334 0.09270787037037037 0.0132953125 0.01689722222222222
1 0.8441265625 0.2938444444444444 0.029919791666666664 0.05805925925925926
1 0.8896999999999999 0.48901805555555555 0.012733333333333334 0.05211018518518519
1 0.8563380208333334 0.38822546296296295 0.010592708333333334 0.02089537037037037
1 0.7995239583333333 0.39676388888888886 0.013631250000000001 0.026861111111111113
1 0.80895390625 0.43976666666666664 0.007491145833333333 0.012866666666666667
1 0.7986221354166666 0.6862597222222222 0.0201609375 0.031778703703703705
1 0.8231440104166666 0.6807824074074074 0.008788020833333333 0.015268518518518516
1 0.8164583333333333 0.6397305555555556 0.014166666666666666 0.033164814814814814
1 0.8173578125 0.5725134259259259 0.004507291666666666 0.028360185185185186
1 0.72418046875 0.6247050925925927 0.0077359375 0.017928703703703704
1 0.661278125 0.6195569444444444 0.029847916666666665 0.06503981481481481
1 0.6567536458333334 0.5646981481481481 0.044757291666666664 0.059025925925925926
1 0.5565208333333334 0.9198768518518519 0.03491666666666667 0.06012407407407407
1 0.42012916666666666 0.8735342592592593 0.011091666666666666 0.024846296296296297
1 0.43375442708333334 0.8421134259259259 0.014383854166666666 0.032375
1 0.39682057291666667 0.974800462962963 0.014474479166666667 0.01626759259259259
1 0.3799466145833333 0.7299981481481481 0.01614322916666667 0.03592222222222222
1 0.40493124999999996 0.6633962962962963 0.0129875 0.023088888888888888
1 0.42804921875 0.6400856481481482 0.009223437499999999 0.020912037037037038
1 0.46825312500000005 0.7001703703703703 0.009422916666666666 0.015155555555555554
1 0.5444015624999999 0.5630888888888889 0.021094791666666668 0.03358518518518518
1 0.43312604166666663 0.4811407407407407 0.016252083333333334 0.04746666666666667
1 0.4095005208333333 0.5835638888888889 0.012751041666666666 0.04675740740740741
1 0.4430502604166667 0.6021513888888889 0.011100520833333332 0.015413888888888887
1 0.13625364583333333 0.8369046296296296 0.013132291666666665 0.04603148148148148
1 0.18030416666666668 0.8748662037037037 0.008525 0.018250925925925924
1 0.14948619791666667 0.7682828703703704 0.011472395833333334 0.021750925925925927
1 0.1506453125 0.7287291666666667 0.025248958333333335 0.040791666666666664
1 0.14883671875 0.7703921296296297 0.015381770833333334 0.022265740740740742
1 0.15243437499999998 0.7279699074074074 0.018410416666666665 0.03742129629629629
1 0.04005963541666667 0.6230032407407406 0.008244270833333334 0.03859907407407407
1 0.09872838541666668 0.548424537037037 0.016206770833333335 0.030182407407407408
1 0.1174 0.5629722222222222 0.021258333333333334 0.04075925925925926
1 0.13031901041666666 0.5725231481481482 0.010638020833333334 0.017268518518518516
1 0.12261171875 0.5581513888888888 0.011890104166666667 0.018154629629629628
1 0.17697890625 0.5462240740740741 0.014374479166666667 0.02578148148148148
1 0.15593333333333334 0.5043393518518519 0.014991666666666665 0.012382407407407406
1 0.17704765625000002 0.4910898148148148 0.008261979166666666 0.017364814814814816
1 0.12487838541666667 0.48224490740740733 0.015381770833333334 0.023749074074074075
1 0.11283880208333333 0.39409212962962964 0.013177604166666666 0.028925
1 0.13406067708333333 0.17941435185185187 0.019163020833333332 0.029199074074074075
1 0.12849817708333333 0.0848212962962963 0.010121354166666667 0.023346296296296296
1 0.2342953125 0.3341199074074074 0.002965625 0.02194351851851852
1 0.040446875 0.4317935185185185 0.004852083333333334 0.022846296296296295
