2 0.5 0.5 1.0 1.0
1 0.5599963541666667 0.8745925925925926 0.023117708333333334 0.030666666666666665
1 0.6103059895833333 0.8942115740740741 0.018528645833333336 0.027312037037037037
1 0.6513973958333333 0.8606564814814816 0.018419791666666668 0.03242407407407408
1 0.7198518229166667 0.8877259259259259 0.0094953125 0.04582222222222222
1 0.37442395833333336 0.8919055555555556 0.028014583333333332 0.04677407407407407
1 0.3245578125 0.7932467592592592 0.024115624999999998 0.04204907407407407
1 0.6821395833333334 0.5708944444444445 0.02469583333333333 0.039937037037037035
1 0.6066731770833333 0.47866481481481477 0.017513020833333334 0.0277
1 0.5011395833333333 0.2733611111111111 0.018945833333333332 0.04487037037037037
1 0.39823463541666665 0.33777407407407406 0.0162609375 0.03295555555555556
1 0.4615932291666667 0.555187037037037 0.03464479166666667 0.028892592592592595
1 0.20263203124999998 0.7130106481481482 0.022972395833333333 0.037132407407407406
1 0.1428515625 0.6272365740740741 0.011744791666666667 0.022991666666666667
1 0.14025494791666665 0.7563342592592592 0.009676562500000001 0.021927777777777775
1 0.4051888020833333 0.8095935185185185 0.0124609375 0.019187037037037037
1 0.32261093750000003 0.9636009259259259 0.010846875 0.016090740740740742
1 0.21773619791666665 0.952538425925926 0.008389062499999999 0.016187962962962963
1 0.22166822916666667 0.8231699074074074 0.0027114583333333335 0.009302777777777778
1 0.2207859375 0.8070263888888889 0.004071875 0.008497222222222222
1 0.22612968749999998 0.8419662037037037 0.010592708333333334 0.015413888888888887
1 0.1392171875 0.8663856481481481 0.008642708333333334 0.01425277777777778
1 0.14827421875000002 0.8278296296296297 0.006965104166666666 0.01862222222222222
1 0.35582109375000004 0.7083194444444445 0.009558854166666667 0.016638888888888887
1 0.34313333333333335 0.6745787037037037 0.01335 0.02137962962962963
1 0.28134140625000004 0.6832791666666667 0.008516145833333332 0.01655833333333333
1 0.26131979166666663 0.6878787037037037 0.010139583333333334 0.020201851851851853
1 0.5689658854166667 0.687787962962963 0.011890104166666667 0.016316666666666667
1 0.3639361979166667 0.642487962962963 0.008080729166666667 0.02571666666666667
1 0.9012020833333333 0.7474824074074073 0.024279166666666668 0.056075925925925925
1 0.8279838541666666 0.7377810185185185 0.013259374999999999 0.04408055555555555
1 0.6642856770833333 0.6940550925925927 0.023363020833333335 0.04736944444444444
1 0.68969765625 0.7595699074074075 0.015853645833333332 0.033954629629629626
1 0.7326908854166666 0.6203703703703703 0.0226734375 0.03888888888888889
1 0.90819609375 0.548412037037037 0.012225520833333333 0.02275
1 0.9210666666666667 0.8251625 0.010883333333333333 0.02810277777777778
1 0.9635184895833333 0.8397666666666667 0.006203645833333333 0.02582962962962963
1 0.9679203125 0.8948958333333333 0.012923958333333334 0.013865740740740741
1 0.7809286458333333 0.9267481481481482 0.014982291666666666 0.02757037037037037
1 0.94487265625 0.6996476851851852 0.0064119791666666665 0.01596203703703704
1 0.9164145833333334 0.22862916666666666 0.0099125 0.03503611111111111
1 0.7867361979166667 0.053451851851851855 0.009930729166666668 0.02171851851851852
1 0.8202885416666666 0.15626388888888887 0.0051604166666666665 0.012527777777777777
1 0.8759184895833333 0.14463564814814817 0.006003645833333333 0.009641666666666666
1 0.78591875 0.10087083333333334 0.0062125 0.01470462962962963
1 0.6629773437500001 0.08986111111111111 0.017621354166666665 0.035277777777777776
1 0.6504781249999999 0.054974999999999996 0.011372916666666667 0.011801851851851852
1 0.5638463541666667 0.08522777777777778 0.023526041666666667 0.029714814814814812
1 0.560009375 0.06357777777777777 0.022102083333333335 0.030859259259259263
1 0.4969924479166667 0.20967175925925927 0.021068229166666667 0.028602777777777776
1 0.49558255208333335 0.1323726851851852 0.004706770833333334 0.009189814814814816
1 0.50612734375 0.1676712962962963 0.014338020833333333 0.06126851851851852
1 0.40474322916666666 0.5083416666666667 0.009486458333333333 0.012979629629629631
1 0.6235231770833334 0.011628240740740741 0.028296354166666666 0.015849074074074074
1 0.5970557291666666 0.971223611111111 0.021194791666666667 0.025780555555555557
1 0.687834375 0.5227967592592593 0.005877083333333334 0.030778703703703704
1 0.67600078125 0.5378837962962962 0.0145015625 0.027619444444444446
1 0.5248677083333333 0.6283305555555555 0.0059854166666666675 0.021475925925925926
1 0.03473385416666666 0.40712916666666665 0.016342708333333334 0.017962037037037037
1 0.9735643229166667 0.37868425925925925 0.0075453125 0.02033148148148148
