2 0.5233364583333333 0.43392453703703704 0.9529229166666667 0.8678490740740741
1 0.37135234375 0.6385592592592593 0.014579687499999999 0.027118518518518517
1 0.73233515625 0.1936037037037037 0.019878645833333333 0.037207407407407404
1 0.6335473958333334 0.018887962962962964 0.013969791666666667 0.03777592592592593
1 0.6669921875 0.020824537037037037 0.0016927083333333334 0.004612037037037037
1 0.6671151041666668 0.007018055555555556 0.004021875 0.014036111111111112
1 0.9507851562499999 0.03902546296296296 0.004695312500000001 0.013236111111111112
1 0.27484010416666665 0.08706342592592592 0.006971875 0.007460185185185185
1 0.31670182291666665 0.13992083333333333 0.034445312500000005 0.026137962962962964
1 0.3340916666666667 0.11355416666666666 0.011933333333333332 0.008589814814814814
1 0.35678359375 0.17313425925925927 0.005233854166666666 0.007379629629629629
1 0.35098411458333334 0.7738060185185185 0.011343229166666666 0.016130555555555554
1 0.24731302083333334 0.6669115740740741 0.009209374999999999 0.01715648148148148
1 0.23289479166666668 0.6923412037037038 0.038706250000000005 0.02542314814814815
1 0.41914140624999996 0.6303152777777777 0.008074479166666667 0.010630555555555556
1 0.3929825520833334 0.5667912037037037 0.004715104166666667 0.007656481481481482
1 0.47251302083333335 0.8071527777777778 0.022109375 0.02726851851851852
1 0.326225 0.49164722222222224 0.009741666666666668 0.022183333333333333
2 0.12927786458333335 0.8442060185185185 0.030430729166666667 0.03100462962962963
1 0.3418057291666667 0.807587962962963 0.010694791666666667 0.020731481481481483
1 0.7433166666666666 0.23036064814814816 0.018925 0.029239814814814816
1 0.3134044270833333 0.3554976851851852 0.0070171875 0.009143518518518518
1 0.35392213541666667 0.34270324074074077 0.0036776041666666667 0.005776851851851852
1 0.4050317708333333 0.32434583333333333 0.003813541666666667 0.006099074074074074
1 0.25029427083333333 0.5014962962962963 0.011005208333333332 0.06965925925925925
