2 0.47643203125 0.430487037037037 0.9528640625 0.860974074074074
1 0.43762135416666664 0.09922361111111111 0.017951041666666667 0.029928703703703704
1 0.5026799479166667 0.049631481481481485 0.019943229166666666 0.012225925925925927
1 0.5041713541666667 0.1051462962962963 0.007301041666666667 0.0177
1 0.51712734375 0.536686574074074 0.021754687499999998 0.038187962962962965
1 0.69361796875 0.7471078703703703 0.0091109375 0.018289814814814814
1 0.08915859375 0.4400273148148148 0.0054005208333333336 0.007832407407407408
1 0.0019390625 0.3541962962962963 0.003878125 0.010244444444444445
1 0.10690833333333334 0.3713384259259259 0.017983333333333334 0.026010185185185185
1 0.23468906250000002 0.08944583333333334 0.008961458333333333 0.015928703703703702
1 0.3472401041666667 0.2722041666666667 0.012188541666666667 0.012926851851851853
1 0.2802794270833333 0.42417222222222223 0.0126421875 0.02612222222222222
1 0.13592604166666666 0.22470555555555555 0.011435416666666667 0.03089259259259259
