2 0.5 0.4877694444444445 1.0 0.975538888888889
1 0.34703932291666667 0.22558287037037036 0.016995312500000002 0.030795370370370372
1 0.41022135416666666 0.4487439814814815 0.014192708333333333 0.041932407407407404
1 0.46775234375 0.5006041666666667 0.024046354166666666 0.03268981481481482
1 0.1747234375 0.17029861111111114 0.023405208333333333 0.04244907407407407
1 0.06260390625 0.5423717592592592 0.016874479166666668 0.03474351851851852
1 0.6354153645833333 0.8724814814814814 0.0229140625 0.05051851851851852
1 0.5824877604166667 0.5064078703703703 0.012892187500000001 0.02948240740740741
1 0.32552447916666666 0.05523981481481481 0.017715625000000002 0.047516666666666665
1 0.3483078125 0.2895740740740741 0.008073958333333334 0.0661851851851852
1 0.8695341145833333 0.4026782407407407 0.020318229166666667 0.027578703703703702
1 0.7207036458333334 0.8890444444444444 0.008073958333333334 0.02068148148148148
1 0.08005078125 0.11548055555555554 0.0101015625 0.0235537037037037
1 0.07025520833333333 0.052550462962962965 0.009260416666666667 0.021767592592592592
1 0.027962239583333333 0.25392314814814815 0.0080078125 0.02266111111111111
1 0.12254270833333333 0.486874074074074 0.014877083333333334 0.023748148148148147
1 0.07362213541666666 0.6468347222222223 0.009744270833333334 0.01774351851851852
1 0.0060416666666666665 0.3676175925925926 0.007916666666666666 0.024124074074074072
1 0.23033854166666667 0.8221819444444445 0.009635416666666667 0.02584537037037037
1 0.23582630208333333 0.7161648148148148 0.007069270833333334 0.02121851851851852
