2 0.49973958333333335 0.5504629629629629 0.9994791666666667 0.8972222222222223
1 0.4354166666666667 0.4060185185185185 0.020833333333333332 0.032407407407407406
1 0.5403645833333334 0.763425925925926 0.0265625 0.049074074074074076
1 0.53515625 0.8578703703703704 0.005729166666666666 0.012037037037037037
1 0.8158854166666667 0.7092592592592593 0.015104166666666667 0.05
1 0.790625 0.6273148148148148 0.016666666666666666 0.03425925925925926
1 0.7830729166666667 0.5777777777777777 0.0078125 0.03888888888888889
1 0.8221354166666667 0.8935185185185185 0.0203125 0.022222222222222223
1 0.8216145833333334 0.8388888888888889 0.022395833333333334 0.02962962962962963
1 0.26796875 0.8481481481481481 0.009895833333333333 0.03333333333333333
1 0.09791666666666667 0.8763888888888889 0.0125 0.013888888888888888
1 0.12161458333333333 0.8513888888888889 0.018229166666666668 0.04351851851851852
1 0.29270833333333335 0.4064814814814815 0.011458333333333333 0.016666666666666666
1 0.21119791666666668 0.687037037037037 0.009895833333333333 0.025925925925925925
1 0.24505208333333334 0.7148148148148148 0.008854166666666666 0.020370370370370372
1 0.2838541666666667 0.9921296296296296 0.008333333333333333 0.013888888888888888
1 0.5338541666666666 0.29305555555555557 0.005208333333333333 0.010185185185185186
1 0.08671875 0.8023148148148148 0.009895833333333333 0.030555555555555555
1 0.18828125 0.5467592592592593 0.008854166666666666 0.04537037037037037
