2 0.49973958333333335 0.5314814814814814 0.9994791666666667 0.9351851851851852
1 0.29140625 0.6074074074074074 0.025520833333333333 0.06481481481481481
1 0.4015625 0.5657407407407408 0.027083333333333334 0.04814814814814815
1 0.34140625 0.13935185185185187 0.0078125 0.017592592592592594
1 0.5700520833333333 0.2351851851851852 0.016145833333333335 0.03518518518518519
1 0.40989583333333335 0.7060185185185185 0.019791666666666666 0.03611111111111111
1 0.5565104166666667 0.8074074074074075 0.016145833333333335 0.03518518518518519
1 0.6317708333333333 0.6638888888888889 0.023958333333333335 0.02962962962962963
1 0.6260416666666667 0.31712962962962965 0.007291666666666667 0.025
1 0.6502604166666667 0.33425925925925926 0.015104166666666667 0.03148148148148148
1 0.6677083333333333 0.32083333333333336 0.015625 0.017592592592592594
1 0.6135416666666667 0.20694444444444443 0.013541666666666667 0.023148148148148147
1 0.89375 0.5013888888888889 0.010416666666666666 0.032407407407407406
1 0.88671875 0.6074074074074074 0.04114583333333333 0.07592592592592592
1 0.33645833333333336 0.8833333333333333 0.010416666666666666 0.016666666666666666
1 0.89296875 0.9217592592592593 0.011979166666666667 0.017592592592592594
1 0.6802083333333333 0.8606481481481482 0.017708333333333333 0.025
1 0.9291666666666667 0.7430555555555556 0.035416666666666666 0.04351851851851852
1 0.5984375 0.2898148148148148 0.015625 0.03148148148148148
