2 0.49973958333333335 0.524074074074074 0.9994791666666667 0.95
1 0.0375 0.8046296296296296 0.014583333333333334 0.06666666666666667
1 0.20416666666666666 0.9046296296296297 0.0125 0.03148148148148148
1 0.46979166666666666 0.6148148148148148 0.025 0.07037037037037037
1 0.0875 0.3037037037037037 0.011458333333333333 0.040740740740740744
1 0.0203125 0.7240740740740741 0.011458333333333333 0.05555555555555555
1 0.5171875 0.9518518518518518 0.015625 0.018518518518518517
1 0.65390625 0.9439814814814815 0.0078125 0.021296296296296296
1 0.6661458333333333 0.9078703703703703 0.015625 0.03425925925925926
1 0.7223958333333333 0.9425925925925925 0.016666666666666666 0.05555555555555555
1 0.8643229166666667 0.85 0.030729166666666665 0.03518518518518519
1 0.88046875 0.8240740740740741 0.0078125 0.025925925925925925
1 0.9614583333333333 0.8157407407407408 0.015625 0.02962962962962963
1 0.7708333333333334 0.7324074074074074 0.01875 0.024074074074074074
1 0.8916666666666667 0.5962962962962963 0.015625 0.06481481481481481
1 0.88203125 0.4828703703703704 0.0296875 0.041666666666666664
1 0.9044270833333333 0.4925925925925926 0.009895833333333333 0.05
1 0.73203125 0.5916666666666667 0.005729166666666666 0.02962962962962963
1 0.9244791666666666 0.17777777777777778 0.009375 0.03888888888888889
1 0.8942708333333333 0.29398148148148145 0.013541666666666667 0.05462962962962963
1 0.9333333333333333 0.23425925925925925 0.0125 0.03518518518518519
1 0.9658854166666667 0.19212962962962962 0.013020833333333334 0.028703703703703703
1 0.8278645833333333 0.15046296296296297 0.0234375 0.032407407407407406
1 0.7247395833333333 0.21851851851851853 0.009895833333333333 0.03148148148148148
1 0.7385416666666667 0.1837962962962963 0.013541666666666667 0.013888888888888888
1 0.73203125 0.30185185185185187 0.009895833333333333 0.022222222222222223
1 0.8528645833333334 0.4638888888888889 0.009895833333333333 0.037037037037037035
1 0.8776041666666666 0.4486111111111111 0.013541666666666667 0.028703703703703703
1 0.8604166666666667 0.41712962962962963 0.009375 0.019444444444444445
1 0.89375 0.40879629629629627 0.021875 0.03796296296296296
1 0.6973958333333333 0.5 0.008333333333333333 0.020370370370370372
1 0.78359375 0.6592592592592592 0.0109375 0.037037037037037035
1 0.8223958333333333 0.5657407407407408 0.035416666666666666 0.053703703703703705
1 0.70625 0.46435185185185185 0.020833333333333332 0.03611111111111111
1 0.8651041666666667 0.1587962962962963 0.009375 0.032407407407407406
1 0.89609375 0.11481481481481481 0.0359375 0.040740740740740744
1 0.8276041666666667 0.7699074074074074 0.008333333333333333 0.03611111111111111
1 0.8908854166666667 0.6916666666666667 0.0171875 0.037037037037037035
1 0.7033854166666667 0.5717592592592593 0.005729166666666666 0.013888888888888888
1 0.7427083333333333 0.49166666666666664 0.00625 0.011111111111111112
