2 0.5 0.45975648148148146 1.0 0.9195129629629629
1 0.5433554687500001 0.34069583333333336 0.015877604166666667 0.03694722222222222
1 0.61018046875 0.09979953703703703 0.009944270833333333 0.023673148148148148
1 0.7571851562499999 0.7823546296296296 0.008120312499999999 0.01656111111111111
1 0.38485182291666664 0.7497763888888889 0.006161979166666666 0.016219444444444443
1 0.5580802083333333 0.2703157407407407 0.00886875 0.01840925925925926
1 0.5308140625 0.21811990740740742 0.019961458333333335 0.026980555555555556
1 0.28086223958333334 0.5632625 0.025266145833333333 0.017265740740740738
1 0.006163020833333334 0.40009537037037035 0.0071177083333333335 0.027968518518518518
1 0.23492213541666668 0.7181009259259259 0.0083859375 0.01583148148148148
1 0.98714765625 0.7851421296296296 0.006586979166666667 0.035099074074074074
1 0.23852760416666668 0.7411731481481482 0.011430208333333334 0.02493888888888889
