2 0.5 0.47975416666666665 1.0 0.9595083333333333
1 0.6954807291666667 0.5826513888888889 0.013878125 0.04308055555555556
1 0.7657200520833333 0.4560810185185185 0.0178984375 0.026976851851851853
1 0.73830234375 0.44278703703703703 0.008896354166666667 0.02816666666666667
1 0.8420416666666667 0.37718425925925925 0.012208333333333333 0.02659074074074074
1 0.78176640625 0.28327314814814814 0.008324479166666668 0.023953703703703706
1 0.47720364583333336 0.5825013888888889 0.012740625 0.02055833333333333
1 0.6604197916666668 0.19961203703703703 0.020839583333333335 0.021446296296296297
1 0.4546630208333333 0.2823097222222222 0.012451041666666666 0.01832314814814815
1 0.3630552083333333 0.2893064814814815 0.013610416666666668 0.03416851851851852
1 0.38115807291666665 0.3867564814814815 0.011274479166666665 0.04388333333333333
1 0.6750278645833333 0.3620398148148148 0.008389062499999999 0.025931481481481482
1 0.27268229166666663 0.19019675925925925 0.016197916666666666 0.026689814814814816
1 0.210940625 0.18985787037037039 0.020839583333333335 0.042678703703703705
1 0.19226744791666667 0.1391175925925926 0.02099322916666667 0.04305
1 0.1960203125 0.07918750000000001 0.014957291666666667 0.01763425925925926
1 0.15492421875 0.19373842592592594 0.017140104166666666 0.04488425925925926
1 0.17705885416666664 0.26063148148148146 0.012451041666666666 0.026818518518518516
1 0.20664427083333334 0.5301773148148148 0.017455208333333336 0.06220648148148149
1 0.0445109375 0.6845199074074074 0.009855208333333334 0.026447222222222223
1 0.1103265625 0.8075342592592593 0.009194791666666667 0.01692037037037037
1 0.3521575520833334 0.5081365740740741 0.01785677083333333 0.05331018518518519
1 0.2653450520833333 0.5298657407407408 0.014023437500000001 0.05787962962962963
1 0.17865338541666667 0.5879638888888888 0.012515104166666667 0.02777962962962963
1 0.032959895833333336 0.8294916666666666 0.005503125 0.016390740740740744
1 0.19260442708333333 0.6193740740740741 0.007083854166666667 0.012822222222222223
1 0.6072247395833333 0.8916166666666667 0.042574479166666665 0.07027037037037037
1 0.6991614583333334 0.875299074074074 0.013947916666666667 0.04504259259259259
1 0.68130625 0.8512689814814814 0.0126125 0.022908333333333333
1 0.5263052083333333 0.8067523148148148 0.015110416666666666 0.02276388888888889
1 0.34831015625 0.7888287037037036 0.010161979166666666 0.023953703703703706
1 0.09713203125 0.8837148148148148 0.004680729166666666 0.0415037037037037
