2 0.4812752604166667 0.5945731481481482 0.9625505208333334 0.8113685185185185
1 0.7346122395833333 0.734924537037037 0.014016145833333334 0.02355277777777778
1 0.6748877604166666 0.8147907407407408 0.022692187500000002 0.035137037037037036
1 0.5253622395833334 0.7189662037037038 0.0121828125 0.019413888888888887
1 0.4599697916666667 0.686537962962963 0.01160625 0.01752037037037037
1 0.3087947916666666 0.38644537037037036 0.010297916666666665 0.04326111111111111
1 0.5922309895833333 0.2283888888888889 0.0177953125 0.029
1 0.57741875 0.22484305555555556 0.010045833333333334 0.01635277777777778
1 0.15644843749999998 0.38356435185185184 0.010813541666666667 0.0171287037037037
1 0.16072864583333332 0.6869435185185185 0.023540625 0.0331462962962963
1 0.573346875 0.5216175925925925 0.014402083333333334 0.02656851851851852
1 0.26366875 0.2939967592592593 0.016920833333333333 0.04540092592592593
