2 0.5 0.4654787326388889 1.0 0.9309574652777778
1 0.24626708984375 0.7125013020833334 0.0159716796875 0.02222482638888889
1 0.219244873046875 0.2984691840277778 0.02149755859375 0.029230034722222225
1 0.2731669921875 0.37203862847222224 0.012154296875 0.028799479166666666
1 0.434369384765625 0.4824618055555556 0.02303564453125 0.029159722222222222
1 0.07066796875 0.7392152777777778 0.01340625 0.03051388888888889
1 0.061516357421875 0.6363697916666666 0.02147021484375 0.04183680555555555
1 0.038690185546875 0.5751731770833334 0.00999755859375 0.014929687500000002
1 0.076490478515625 0.5453585069444444 0.00747314453125 0.012592013888888889
1 0.24731591796875 0.07498654513888889 0.0161162109375 0.009348090277777778
1 0.40548681640625 0.06036935763888889 0.0160517578125 0.03219704861111111
1 0.548905517578125 0.06627126736111111 0.02847509765625 0.03358420138888889
1 0.61250048828125 0.36875390625000004 0.0140634765625 0.018757812500000002
1 0.549660888671875 0.29530555555555554 0.01338427734375 0.02463888888888889
1 0.621706298828125 0.20874479166666665 0.01392041015625 0.026864583333333334
1 0.740694580078125 0.2602434895833333 0.00970947265625 0.025695312499999998
1 0.919090576171875 0.11792751736111111 0.00517333984375 0.02752170138888889
1 0.613537109375 0.49424088541666666 0.02297265625 0.033620659722222224
1 0.905724609375 0.7383454861111111 0.01848046875 0.04266319444444445
1 0.803314453125 0.6768111979166667 0.02459765625 0.01681684027777778
1 0.407425048828125 0.7559288194444445 0.01016259765625 0.015329861111111112
