2 0.5 0.48916898148148147 1.0 0.9783379629629629
1 0.8260294270833334 0.8319212962962963 0.009350520833333332 0.021249999999999998
1 0.8643372395833333 0.8727462962962963 0.0047161458333333335 0.014011111111111111
1 0.6911622395833333 0.5422374999999999 0.026074479166666668 0.0381787037037037
1 0.5981872395833334 0.9078203703703704 0.042207812500000004 0.10638148148148148
1 0.5237359375 0.5459263888888889 0.04330520833333333 0.18074166666666666
1 0.49301614583333336 0.6476921296296296 0.021448958333333334 0.04353240740740741
1 0.5317908854166666 0.6952208333333333 0.025040104166666667 0.04414537037037037
1 0.78056796875 0.4037912037037037 0.024677604166666665 0.050175
1 0.6312932291666667 0.4026134259259259 0.01883645833333333 0.045967592592592595
1 0.3564231770833333 0.37722083333333334 0.05972135416666667 0.07666388888888889
1 0.3328921875 0.34750555555555557 0.011617708333333334 0.01538148148148148
1 0.37511197916666666 0.3960236111111111 0.012723958333333334 0.040195370370370374
1 0.3601606770833333 0.7320921296296297 0.018238020833333334 0.049369444444444445
1 0.24486796875 0.5727444444444444 0.03556927083333334 0.04919259259259259
1 0.7782208333333334 0.7484995370370371 0.023108333333333335 0.046999074074074075
1 0.8203171875 0.08048518518518519 0.007301041666666667 0.016525925925925927
1 0.07547109375000001 0.1732212962962963 0.015525520833333334 0.09088703703703704
1 0.5774927083333333 0.1671699074074074 0.01019375 0.019525
1 0.5349151041666667 0.7863175925925926 0.03858020833333333 0.08559814814814815
1 0.02585234375 0.5058643518518519 0.008996354166666666 0.043210185185185185
1 0.2791200520833333 0.7728231481481481 0.012406770833333334 0.021572222222222222
1 0.34067369791666663 0.8281231481481482 0.012597395833333334 0.011801851851851852
1 0.2597651041666667 0.8233819444444445 0.008071875 0.013430555555555557
1 0.20493828125 0.7251222222222222 0.0098765625 0.015059259259259258
1 0.22037213541666667 0.7554231481481481 0.008452604166666666 0.020105555555555554
1 0.17696484375 0.8092111111111111 0.006013020833333333 0.012866666666666667
1 0.030562760416666668 0.7055013888888889 0.0090421875 0.01655833333333333
1 0.6076018229166666 0.639250462962963 0.011036979166666665 0.01183425925925926
1 0.46426276041666664 0.1688361111111111 0.01602552083333333 0.019153703703703704
1 0.11306979166666667 0.07664583333333333 0.013639583333333333 0.05699537037037037
1 0.11238854166666666 0.09536712962962962 0.01019375 0.020363888888888886
1 0.6660109375 0.09797268518518518 0.038271875 0.07372314814814815
1 0.47756145833333336 0.10800555555555556 0.011372916666666667 0.01601111111111111
1 0.5706471354166667 0.18411898148148148 0.005877604166666666 0.007126851851851852
1 0.5667184895833334 0.1788990740740741 0.0032286458333333334 0.00965
1 0.4306177083333333 0.06326944444444445 0.01019375 0.013575925925925927
1 0.44807994791666667 0.03307175925925926 0.007618229166666667 0.006884259259259259
1 0.40330052083333334 0.009804166666666666 0.005559375 0.008497222222222222
1 0.7044065104166666 0.06795324074074074 0.0067296874999999996 0.009980555555555555
1 0.5175697916666667 0.44204768518518517 0.010139583333333334 0.017428703703703703
1 0.2863346354166667 0.39816435185185184 0.0049609375 0.01299537037037037
1 0.5803127604166666 0.8459509259259259 0.007500520833333333 0.014124074074074074
1 0.6277325520833333 0.9635435185185185 0.009631770833333332 0.014124074074074074
1 0.2650841145833333 0.7096694444444445 0.0041265625 0.01193148148148148
1 0.35071119791666666 0.8157361111111111 0.007672395833333333 0.018509259259259257
1 0.38589010416666664 0.8369944444444444 0.004071875 0.009174074074074074
1 0.41900468750000003 0.6402467592592592 0.008842708333333334 0.02123425925925926
1 0.15220781249999998 0.026837962962962963 0.010665625000000001 0.016638888888888887
1 0.2595635416666667 0.23881851851851849 0.011835416666666666 0.029488888888888887
1 0.33704713541666664 0.5458365740740742 0.0074276041666666666 0.012043518518518518
1 0.22831536458333332 0.6466800925925925 0.007672395833333333 0.021137962962962963
1 0.244809375 0.6474777777777777 0.006285416666666667 0.022733333333333335
1 0.3184635416666667 0.670850462962963 0.0056770833333333335 0.008367592592592593
1 0.3079291666666667 0.007349537037037037 0.014816666666666667 0.014699074074074074
1 0.06454322916666667 0.21758703703703702 0.008253125 0.016655555555555555
1 0.6258453125 0.5287884259259259 0.0048156250000000005 0.029799074074074075
1 0.6257856770833333 0.49847314814814814 0.005738020833333333 0.017316666666666668
1 0.81962578125 0.2695351851851852 0.010084895833333333 0.01684814814814815
1 0.7517674479166666 0.08637268518518518 0.008743229166666667 0.01904166666666667
1 0.7692877604166667 0.9226611111111112 0.0052421874999999995 0.019396296296296297
1 0.2510395833333333 0.3035162037037037 0.0041625 0.03481018518518519
1 0.32987500000000003 0.8747101851851852 0.010791666666666666 0.07719814814814814
