2 0.5046875 0.5203703703703704 0.9895833333333334 0.9574074074074074
1 0.33697916666666666 0.2212962962962963 0.029166666666666667 0.03518518518518519
1 0.25104166666666666 0.5703703703703704 0.028125 0.06666666666666667
1 0.48723958333333334 0.8634259259259259 0.025520833333333333 0.04537037037037037
1 0.4078125 0.6430555555555556 0.01875 0.026851851851851852
1 0.3294270833333333 0.4685185185185185 0.0203125 0.02962962962962963
1 0.47213541666666664 0.7652777777777777 0.0109375 0.026851851851851852
1 0.5296875 0.9912037037037037 0.019791666666666666 0.01574074074074074
1 0.5197916666666667 0.9462962962962963 0.014583333333333334 0.027777777777777776
1 0.39609375 0.9643518518518519 0.0078125 0.021296296296296296
1 0.38776041666666666 0.9300925925925926 0.008854166666666666 0.013888888888888888
1 0.3815104166666667 0.8851851851851852 0.0109375 0.018518518518518517
1 0.42864583333333334 0.8351851851851851 0.013541666666666667 0.014814814814814815
1 0.5098958333333333 0.887962962962963 0.010416666666666666 0.014814814814814815
1 0.5533854166666666 0.19490740740740742 0.0328125 0.05462962962962963
1 0.41848958333333336 0.13055555555555556 0.016145833333333335 0.025925925925925925
1 0.4434895833333333 0.14722222222222223 0.0109375 0.016666666666666666
1 0.5674479166666667 0.12083333333333333 0.022395833333333334 0.049074074074074076
1 0.44817708333333334 0.10601851851851851 0.008854166666666666 0.010185185185185186
1 0.47421875 0.07731481481481481 0.0234375 0.03611111111111111
1 0.54375 0.08055555555555556 0.009375 0.014814814814814815
1 0.3223958333333333 0.5361111111111111 0.009375 0.012962962962962963
1 0.33307291666666666 0.18518518518518517 0.019270833333333334 0.022222222222222223
1 0.42994791666666665 0.0712962962962963 0.0234375 0.037037037037037035
