2 0.49973958333333335 0.5310185185185186 0.9994791666666667 0.9361111111111111
1 0.9760416666666667 0.3236111111111111 0.004166666666666667 0.028703703703703703
1 0.9033854166666667 0.4597222222222222 0.011979166666666667 0.03796296296296296
1 0.8875 0.5356481481481481 0.007291666666666667 0.010185185185185186
1 0.89140625 0.6694444444444444 0.018229166666666668 0.040740740740740744
1 0.9552083333333333 0.9490740740740741 0.008333333333333333 0.020370370370370372
1 0.9151041666666667 0.9611111111111111 0.011458333333333333 0.03333333333333333
1 0.6122395833333333 0.5722222222222222 0.011979166666666667 0.016666666666666666
1 0.575 0.5935185185185186 0.013541666666666667 0.024074074074074074
1 0.5611979166666666 0.549537037037037 0.009895833333333333 0.030555555555555555
1 0.5059895833333333 0.6347222222222222 0.0036458333333333334 0.017592592592592594
1 0.47291666666666665 0.6675925925925926 0.011458333333333333 0.02962962962962963
1 0.23515625 0.7310185185185185 0.005729166666666666 0.025
1 0.20390625 0.5625 0.011979166666666667 0.028703703703703703
1 0.26328125 0.4615740740740741 0.008854166666666666 0.021296296296296296
1 0.3932291666666667 0.5152777777777777 0.014583333333333334 0.075
1 0.0109375 0.26157407407407407 0.015625 0.019444444444444445
1 0.048177083333333336 0.17592592592592593 0.008854166666666666 0.027777777777777776
1 0.25755208333333335 0.08935185185185185 0.013020833333333334 0.019444444444444445
1 0.30416666666666664 0.18981481481481483 0.01875 0.044444444444444446
1 0.31979166666666664 0.17916666666666667 0.027083333333333334 0.023148148148148147
1 0.35833333333333334 0.2152777777777778 0.013541666666666667 0.013888888888888888
1 0.22552083333333334 0.3162037037037037 0.00625 0.023148148148148147
1 0.18828125 0.5097222222222222 0.03177083333333333 0.05092592592592592
1 0.20520833333333333 0.44907407407407407 0.010416666666666666 0.018518518518518517
1 0.4518229166666667 0.16712962962962963 0.027604166666666666 0.012037037037037037
1 0.47682291666666665 0.10416666666666667 0.027604166666666666 0.030555555555555555
1 0.63828125 0.28888888888888886 0.024479166666666666 0.024074074074074074
1 0.48776041666666664 0.41712962962962963 0.015104166666666667 0.028703703703703703
1 0.51015625 0.36527777777777776 0.011979166666666667 0.017592592592592594
