2 0.49973958333333335 0.5300925925925926 0.9994791666666667 0.937962962962963
1 0.24375 0.18194444444444444 0.015625 0.041666666666666664
1 0.5096354166666667 0.5717592592592593 0.024479166666666666 0.023148148148148147
1 0.56953125 0.4986111111111111 0.025520833333333333 0.06018518518518518
1 0.57421875 0.4759259259259259 0.016145833333333335 0.011111111111111112
1 0.6028645833333334 0.7046296296296296 0.0234375 0.014814814814814815
1 0.8739583333333333 0.2949074074074074 0.017708333333333333 0.04351851851851852
1 0.8372395833333334 0.3449074074074074 0.008854166666666666 0.012037037037037037
1 0.7278411458333333 0.8282407407407407 0.007765625 0.010185185185185186
1 0.7161458333333334 0.8420680555555555 0.015625 0.026728703703703706
