2 0.5 0.46674166666666667 1.0 0.9334833333333333
1 0.14531666666666665 0.4568453703703704 0.01355 0.035912962962962966
1 0.6137419270833333 0.4189935185185185 0.021233854166666667 0.049098148148148155
1 0.7115752604166666 0.42931574074074075 0.01690052083333333 0.06048333333333333
1 0.5660213541666667 0.3169064814814815 0.015376041666666666 0.05418333333333333
1 0.0856875 0.46744305555555554 0.010958333333333332 0.027478703703703703
1 0.22961484375 0.11856712962962963 0.011313020833333333 0.0352824074074074
1 0.33992994791666664 0.9061990740740741 0.018401562500000003 0.01425
1 0.29376276041666666 0.801975 0.0104421875 0.016912962962962963
1 0.3737872395833334 0.7458078703703703 0.0121578125 0.03606018518518519
1 0.0400046875 0.7047055555555556 0.006051041666666667 0.01681851851851852
1 0.06534869791666667 0.2026976851851852 0.010905729166666666 0.010950925925925926
1 0.03244609375 0.2614342592592592 0.0086421875 0.015461111111111111
1 0.2934395833333333 0.09587083333333332 0.018129166666666665 0.012112037037037036
1 0.91585390625 0.33384722222222224 0.010874479166666668 0.04362037037037037
