2 0.97421875 0.3925925925925926 0.044270833333333336 0.32037037037037036
2 0.47708333333333336 0.5356481481481481 0.9541666666666667 0.9268518518518518
1 0.21640625 0.6754629629629629 0.0234375 0.06574074074074074
1 0.06614583333333333 0.2657407407407407 0.005208333333333333 0.025925925925925925
1 0.12369791666666667 0.12731481481481483 0.011979166666666667 0.028703703703703703
1 0.15911458333333334 0.13703703703703704 0.0046875 0.012962962962962963
1 0.07604166666666666 0.4337962962962963 0.011458333333333333 0.025
1 0.16848958333333333 0.6435185185185185 0.009895833333333333 0.037037037037037035
1 0.13723958333333333 0.7574074074074074 0.009895833333333333 0.03148148148148148
1 0.0046875 0.8800925925925925 0.009375 0.023148148148148147
1 0.12057291666666667 0.8939814814814815 0.021354166666666667 0.025
1 0.23515625 0.6824074074074075 0.009895833333333333 0.020370370370370372
1 0.23932291666666666 0.5662037037037037 0.013020833333333334 0.03611111111111111
1 0.40078125 0.4703703703703704 0.011979166666666667 0.020370370370370372
1 0.38255208333333335 0.4597222222222222 0.024479166666666666 0.041666666666666664
1 0.4375 0.5152777777777777 0.015625 0.04351851851851852
1 0.5596354166666667 0.5398148148148149 0.021354166666666667 0.03333333333333333
1 0.6104166666666667 0.3388888888888889 0.03333333333333333 0.05185185185185185
1 0.6731770833333334 0.2652777777777778 0.03697916666666667 0.04537037037037037
1 0.71015625 0.20277777777777778 0.009895833333333333 0.027777777777777776
1 0.7296875 0.1587962962962963 0.008333333333333333 0.025
1 0.4322916666666667 0.1486111111111111 0.026041666666666668 0.06388888888888888
1 0.334375 0.13842592592592592 0.009375 0.026851851851851852
1 0.69765625 0.9763888888888889 0.005729166666666666 0.012037037037037037
1 0.9822916666666667 0.5189814814814815 0.034375 0.06388888888888888
1 0.38984375 0.6388888888888888 0.0171875 0.024074074074074074
1 0.6690104166666667 0.2101851851851852 0.018229166666666668 0.027777777777777776
1 0.5536458333333333 0.2898148148148148 0.011458333333333333 0.022222222222222223
1 0.50390625 0.8407407407407408 0.011979166666666667 0.024074074074074074
