2 0.5046356770833333 0.4461648148148148 0.9905213541666666 0.8923296296296296
1 0.30160286458333335 0.5668032407407407 0.02820572916666667 0.05582870370370371
1 0.26170598958333335 0.6031300925925925 0.0067453125000000004 0.015519444444444443
1 0.293559375 0.6330962962962963 0.016285416666666667 0.05137777777777778
1 0.23889166666666667 0.699450925925926 0.011116666666666667 0.03593888888888889
1 0.3317828125 0.5680305555555555 0.012523958333333333 0.010135185185185185
1 0.51251875 0.029033333333333335 0.0156625 0.030288888888888893
1 0.5701143229166666 0.08205092592592592 0.023561979166666667 0.047435185185185184
1 0.2906239583333334 0.1502402777777778 0.012497916666666666 0.022702777777777777
1 0.09473333333333334 0.2657319444444444 0.013425 0.025908333333333335
1 0.5011776041666667 0.3569601851851852 0.010688541666666666 0.02503148148148148
1 0.688359375 0.1981689814814815 0.025677083333333333 0.08893055555555555
1 0.7138158854166666 0.6154648148148149 0.01825677083333333 0.03833703703703704
1 0.6613872395833333 0.386500462962963 0.008191145833333333 0.008186111111111111
1 0.7618783854166666 0.33641898148148147 0.023756770833333333 0.1024675925925926
1 0.7491885416666667 0.14920833333333333 0.03796041666666667 0.07804629629629631
1 0.82030625 0.05942453703703704 0.013529166666666667 0.022552777777777776
1 0.830596875 0.37253564814814816 0.021610416666666667 0.03581203703703704
1 0.7846442708333333 0.28791342592592595 0.014080208333333333 0.02582685185185185
1 0.40536432291666663 0.715375462962963 0.0086453125 0.021491666666666666
1 0.22293333333333332 0.7493685185185185 0.0031583333333333333 0.024662962962962963
1 0.2443841145833333 0.8164634259259259 0.005434895833333333 0.012556481481481481
1 0.9383583333333333 0.5524527777777778 0.009008333333333333 0.054905555555555555
1 0.9536781249999999 0.5445527777777778 0.018814583333333336 0.037253703703703706
1 0.7772609374999999 0.8179666666666666 0.03473020833333333 0.0526
1 0.7196179687500001 0.7993333333333333 0.014235937499999999 0.033851851851851855
1 0.7293627604166667 0.7505064814814815 0.0097671875 0.019531481481481483
1 0.7321783854166667 0.7905333333333333 0.013315104166666668 0.02365925925925926
1 0.7271859374999999 0.8371421296296296 0.012705208333333332 0.020580555555555557
1 0.7744908854166667 0.5060412037037036 0.017731770833333334 0.030600925925925924
1 0.8590393229166666 0.3615217592592592 0.013911979166666666 0.030450925925925926
1 0.8376783854166666 0.6668875000000001 0.0138984375 0.02081203703703704
1 0.9839239583333333 0.3269430555555556 0.009514583333333333 0.027960185185185185
