2 0.5096354166666667 0.5203703703703704 0.9796875 0.9574074074074074
1 0.18541666666666667 0.9685185185185186 0.008333333333333333 0.018518518518518517
1 0.3028645833333333 0.8768518518518519 0.016145833333333335 0.020370370370370372
1 0.359375 0.9583333333333334 0.0125 0.014814814814814815
1 0.42864583333333334 0.9189814814814815 0.013541666666666667 0.023148148148148147
1 0.3567708333333333 0.8152777777777778 0.0125 0.023148148148148147
1 0.34765625 0.8333333333333334 0.011979166666666667 0.018518518518518517
1 0.4125 0.8680555555555556 0.010416666666666666 0.019444444444444445
1 0.3026041666666667 0.5476851851851852 0.007291666666666667 0.010185185185185186
1 0.24973958333333332 0.23703703703703705 0.0109375 0.03518518518518519
1 0.37213541666666666 0.29768518518518516 0.008854166666666666 0.01574074074074074
1 0.2677083333333333 0.11342592592592593 0.016666666666666666 0.026851851851851852
1 0.5791666666666667 0.19768518518518519 0.011458333333333333 0.025
1 0.6325520833333333 0.42777777777777776 0.0453125 0.07962962962962963
1 0.7611979166666667 0.16111111111111112 0.025520833333333333 0.03148148148148148
1 0.7817708333333333 0.16157407407407406 0.021875 0.030555555555555555
1 0.8901041666666667 0.32314814814814813 0.0125 0.027777777777777776
1 0.8981770833333333 0.46296296296296297 0.0109375 0.046296296296296294
1 0.9643229166666667 0.49074074074074076 0.0109375 0.025925925925925925
1 0.74609375 0.8796296296296297 0.0203125 0.027777777777777776
1 0.6729166666666667 0.9055555555555556 0.022916666666666665 0.011111111111111112
1 0.82734375 0.2449074074074074 0.0109375 0.017592592592592594
1 0.3768229166666667 0.3314814814814815 0.0078125 0.020370370370370372
1 0.5619791666666667 0.8361111111111111 0.00625 0.011111111111111112
1 0.7549479166666667 0.9638888888888889 0.0171875 0.022222222222222223
