2 0.5 0.49014027777777774 1.0 0.9802805555555555
1 0.13080911458333333 0.5042037037037037 0.012659895833333332 0.030629629629629628
1 0.208328125 0.7340819444444444 0.017697916666666664 0.04779351851851851
1 0.1944046875 0.6391208333333334 0.014851041666666667 0.03379722222222222
1 0.14188046875000002 0.14343333333333333 0.016052604166666668 0.012792592592592593
1 0.5092872395833333 0.6498185185185185 0.0112828125 0.02371111111111111
1 0.3917557291666667 0.8948967592592593 0.019969791666666667 0.028682407407407406
1 0.4364421875 0.925438425925926 0.02392604166666667 0.03606203703703704
1 0.35042135416666664 0.8985 0.010217708333333332 0.021074074074074075
1 0.51933984375 0.5853166666666667 0.0074296875000000005 0.026188888888888887
1 0.7310947916666667 0.573037037037037 0.01323125 0.025703703703703704
1 0.6983177083333333 0.1566925925925926 0.022677083333333334 0.031903703703703705
1 0.7401046875 0.21209212962962964 0.015626041666666667 0.031591666666666664
1 0.778446875 0.13055092592592593 0.017310416666666665 0.025916666666666664
1 0.7484145833333333 0.2337824074074074 0.010370833333333333 0.017564814814814814
1 0.8718799479166666 0.49291435185185184 0.010426562499999998 0.03027314814814815
1 0.8988291666666667 0.44586157407407406 0.012241666666666668 0.03246388888888889
1 0.5170744791666667 0.7306587962962963 0.008107291666666667 0.018725
1 0.2867908854166667 0.11050694444444444 0.011081770833333334 0.05064351851851852
1 0.6222372395833333 0.12173055555555555 0.0090578125 0.017535185185185185
1 0.7832877604166666 0.616311574074074 0.009283854166666666 0.017808333333333332
