2 0.5 0.4573143518518518 1.0 0.9146287037037036
1 0.2966591145833333 0.29006157407407407 0.016234895833333332 0.03753055555555556
1 0.8088067708333334 0.4817731481481482 0.022821875 0.024657407407407406
1 0.5768359375000001 0.08738009259259259 0.029713541666666666 0.0432787037037037
1 0.6768320312499999 0.0856162037037037 0.021372395833333332 0.03604722222222222
1 0.39477447916666664 0.012816203703703703 0.011423958333333335 0.025632407407407406
1 0.2883348958333333 0.3575361111111111 0.024586458333333335 0.031738888888888886
1 0.33467916666666664 0.31152546296296296 0.009983333333333334 0.03786574074074074
1 0.56688046875 0.8725800925925925 0.016052604166666668 0.022937962962962962
1 0.7133466145833334 0.42809027777777775 0.0256515625 0.05247685185185185
