2 0.5244791666666667 0.5805555555555556 0.95 0.837037037037037
1 0.5450520833333333 0.6324074074074074 0.0234375 0.06666666666666667
1 0.34713541666666664 0.8805555555555555 0.024479166666666666 0.05
1 0.6368924479166667 0.8773148148148148 0.0248265625 0.03981481481481482
1 0.48125 0.3162037037037037 0.017708333333333333 0.05092592592592592
1 0.7333333333333333 0.2875 0.014583333333333334 0.03611111111111111
1 0.7338541666666667 0.48703703703703705 0.022916666666666665 0.044444444444444446
1 0.7768229166666667 0.5337962962962963 0.013020833333333334 0.05648148148148148
1 0.42291666666666666 0.6013888888888889 0.011458333333333333 0.017592592592592594
1 0.7908854166666667 0.44027777777777777 0.025520833333333333 0.041666666666666664
1 0.7330729166666666 0.2300925925925926 0.018229166666666668 0.03425925925925926
1 0.8369791666666667 0.9296296296296296 0.015625 0.03888888888888889
1 0.8791666666666667 0.875462962962963 0.016666666666666666 0.03981481481481482
1 0.6940104166666666 0.3282407407407407 0.016145833333333335 0.03611111111111111
1 0.99296875 0.7699074074074074 0.013020833333333334 0.04722222222222222
1 0.9114583333333334 0.9662037037037037 0.01875 0.030555555555555555
1 0.8276041666666667 0.28194444444444444 0.013541666666666667 0.021296296296296296
1 0.9591145833333333 0.7069444444444445 0.0067708333333333336 0.019444444444444445
1 0.44635416666666666 0.8962962962962963 0.034375 0.07037037037037037
1 0.59765625 0.20416666666666666 0.011979166666666667 0.013888888888888888
1 0.7559895833333333 0.4162037037037037 0.0109375 0.019444444444444445
1 0.8044270833333333 0.4837962962962963 0.0140625 0.017592592592592594
