2 0.5 0.5 1.0 1.0
1 0.9445078124999999 0.9274180555555556 0.007765625 0.021502777777777777
1 0.8124757812500001 0.6719907407407407 0.02078489583333333 0.04027777777777778
1 0.6688122395833334 0.6185643518518518 0.018874479166666666 0.03527685185185185
1 0.6969601562500001 0.334225 0.014753645833333334 0.025857407407407405
1 0.6833690104166668 0.2374824074074074 0.007363020833333333 0.019409259259259258
1 0.75777265625 0.03524537037037037 0.02908697916666667 0.05567592592592593
1 0.93393515625 0.014237037037037036 0.0116203125 0.02477037037037037
1 0.4708729166666667 0.38839814814814816 0.0177875 0.04346296296296296
1 0.42645937500000003 0.47451712962962966 0.022710416666666667 0.04718240740740741
1 0.38558489583333333 0.5287175925925925 0.017003125 0.027805555555555556
1 0.06842916666666668 0.1797074074074074 0.016025 0.0408962962962963
1 0.17552916666666668 0.24826805555555556 0.009391666666666666 0.01505462962962963
1 0.19216249999999999 0.38057592592592593 0.02911666666666667 0.05374444444444444
1 0.17354557291666667 0.46746944444444444 0.014799479166666666 0.027531481481481483
1 0.21421119791666668 0.6933458333333333 0.016964062499999998 0.03854351851851852
1 0.4650377604166666 0.7094921296296296 0.017575520833333334 0.04861388888888889
1 0.35337604166666664 0.20833194444444444 0.00466875 0.018515740740740742
1 0.43332369791666664 0.3986175925925926 0.0062307291666666665 0.021309259259259257
1 0.14420963541666668 0.06022361111111111 0.029044270833333333 0.026002777777777777
1 0.10671562500000001 0.22454305555555554 0.008222916666666667 0.025012037037037037
1 0.12618697916666666 0.23776435185185185 0.020082291666666665 0.02923240740740741
1 0.05671119791666667 0.38793750000000005 0.007172395833333334 0.018467592592592594
1 0.12891041666666667 0.46712870370370374 0.004695833333333333 0.010183333333333332
1 0.6062809895833333 0.4995277777777778 0.010478645833333333 0.015722222222222224
1 0.8280562499999999 0.8509643518518519 0.008195833333333334 0.02785462962962963
