2 0.49973958333333335 0.5486111111111112 0.9994791666666667 0.9009259259259259
1 0.23255208333333333 0.1865740740740741 0.016145833333333335 0.030555555555555555
1 0.40859375 0.4134259259259259 0.028645833333333332 0.058333333333333334
1 0.5505208333333333 0.7 0.014583333333333334 0.012962962962962963
1 0.240625 0.7759259259259259 0.014583333333333334 0.020370370370370372
1 0.18515625 0.9486111111111111 0.033854166666666664 0.08055555555555556
1 0.7635416666666667 0.3902777777777778 0.011458333333333333 0.04537037037037037
1 0.7489583333333333 0.2898148148148148 0.010416666666666666 0.022222222222222223
1 0.9901041666666667 0.725925925925926 0.011458333333333333 0.025925925925925925
1 0.9854166666666667 0.7851851851851852 0.00625 0.018518518518518517
1 0.73984375 0.9296296296296296 0.0140625 0.020370370370370372
1 0.7 0.9018518518518519 0.00625 0.011111111111111112
1 0.29192708333333334 0.5657407407407408 0.009895833333333333 0.009259259259259259
1 0.15989583333333332 0.5064814814814815 0.011458333333333333 0.020370370370370372
1 0.24921875 0.5319444444444444 0.009895833333333333 0.013888888888888888
1 0.3580729166666667 0.3560185185185185 0.0067708333333333336 0.019444444444444445
1 0.27890625 0.33796296296296297 0.059895833333333336 0.1037037037037037
1 0.3815104166666667 0.21574074074074073 0.009895833333333333 0.014814814814814815
1 0.37109375 0.2449074074074074 0.0140625 0.03425925925925926
1 0.6065104166666667 0.1648148148148148 0.0109375 0.009259259259259259
1 0.79921875 0.6435185185185185 0.015104166666666667 0.044444444444444446
1 0.7541666666666667 0.6944444444444444 0.005208333333333333 0.012962962962962963
1 0.92421875 0.9092592592592592 0.008854166666666666 0.03518518518518519
1 0.90859375 0.8888888888888888 0.015104166666666667 0.040740740740740744
1 0.8026041666666667 0.8115740740740741 0.008333333333333333 0.030555555555555555
1 0.4393229166666667 0.8560185185185185 0.018229166666666668 0.025
1 0.4127604166666667 0.8013888888888889 0.005729166666666666 0.013888888888888888
1 0.66953125 0.9916666666666667 0.009895833333333333 0.014814814814814815
1 0.7973958333333333 0.7796296296296297 0.010416666666666666 0.040740740740740744
1 0.9229166666666667 0.6620370370370371 0.004166666666666667 0.005555555555555556
1 0.9265625 0.6620370370370371 0.003125 0.005555555555555556
1 0.465625 0.5791666666666667 0.007291666666666667 0.03611111111111111
1 0.14401041666666667 0.6375 0.0046875 0.01574074074074074
