2 0.5 0.4843421296296297 1.0 0.9686842592592594
1 0.7454307291666668 0.4776925925925926 0.028361458333333332 0.04797777777777778
1 0.90502890625 0.23157175925925927 0.0194328125 0.04832870370370371
1 0.26364296875 0.8428699074074074 0.0116609375 0.022776851851851854
1 0.2548822916666667 0.16512222222222223 0.016014583333333336 0.04691111111111111
1 0.3020596354166667 0.09841944444444445 0.0145359375 0.03202407407407407
1 0.40836354166666666 0.10176064814814814 0.015685416666666667 0.02389166666666667
1 0.09216848958333333 0.4989888888888889 0.006211979166666667 0.018348148148148148
1 0.051985416666666666 0.7715277777777778 0.02480416666666667 0.04861111111111111
1 0.029013281250000002 0.6787166666666666 0.0049015625 0.016692592592592592
1 0.4112401041666667 0.7041074074074074 0.021438541666666665 0.04525185185185185
1 0.40850260416666667 0.8452921296296296 0.011796875 0.010954629629629628
1 0.27533255208333335 0.9139259259259259 0.014206770833333333 0.01674074074074074
1 0.3534515625 0.8399935185185186 0.004819791666666667 0.02257962962962963
1 0.020391927083333334 0.45001296296296295 0.0053671874999999996 0.016692592592592592
1 0.22343255208333332 0.33586064814814814 0.007281770833333334 0.008758333333333333
1 0.7123299479166667 0.2723763888888889 0.009034895833333334 0.022530555555555554
1 0.7470096354166667 0.2209476851851852 0.0044359375 0.01041388888888889
1 0.8000177083333334 0.30906805555555555 0.012535416666666667 0.031099074074074078
1 0.6572 0.5500791666666667 0.0144 0.02608425925925926
1 0.8299127604166666 0.5280337962962963 0.009825520833333332 0.019030555555555558
1 0.9055601562500001 0.7468745370370371 0.005911979166666667 0.00856388888888889
1 0.7643320312499999 0.6060087962962963 0.0067890625 0.013869444444444443
