2 0.5 0.5402763888888888 1.0 0.9194416666666666
1 0.11168776041666666 0.39136342592592593 0.0119171875 0.054949074074074074
1 0.08658046875 0.35339120370370375 0.014827604166666668 0.043819444444444446
1 0.10515390625 0.2886930555555556 0.010307812500000001 0.019978703703703707
1 0.13983046875 0.34822453703703704 0.0109109375 0.016819444444444442
1 0.19229557291666666 0.14320324074074076 0.015841145833333334 0.019739814814814814
1 0.39321432291666664 0.23063796296296296 0.04788697916666666 0.0890537037037037
1 0.37831796875 0.3781662037037037 0.014969270833333333 0.026702777777777777
1 0.47927395833333336 0.4643259259259259 0.03146458333333333 0.08235555555555556
1 0.6119039062499999 0.3461814814814815 0.012349479166666667 0.014585185185185185
1 0.6285364583333333 0.31280324074074073 0.019572916666666666 0.027458333333333335
1 0.18057578125 0.8231351851851851 0.012193229166666668 0.03701111111111111
1 0.2315236979166667 0.8002087962962963 0.0234640625 0.04115833333333333
1 0.025839322916666668 0.6608236111111111 0.0120953125 0.023499074074074075
1 0.30169843749999997 0.9499731481481481 0.027355208333333332 0.022168518518518518
1 0.3392018229166667 0.9069550925925925 0.009653645833333334 0.017613888888888887
1 0.39601276041666666 0.7392222222222222 0.04098385416666666 0.06362962962962963
1 0.41863984375 0.7594328703703703 0.011238020833333334 0.017013888888888887
1 0.3591815104166667 0.6543921296296297 0.015238020833333334 0.027302777777777777
1 0.3282526041666667 0.6056217592592593 0.014838541666666667 0.03346574074074074
1 0.4541653645833333 0.7755263888888889 0.021872395833333332 0.06216388888888889
1 0.4832645833333334 0.7358699074074074 0.01757083333333333 0.03840648148148148
1 0.40534635416666664 0.6853888888888889 0.010692708333333334 0.018925925925925926
1 0.5098182291666666 0.7315347222222223 0.024844791666666664 0.03343981481481482
1 0.6623411458333333 0.5480638888888889 0.015307291666666667 0.04242407407407407
1 0.5187372395833333 0.4513699074074074 0.010391145833333334 0.015702777777777777
1 0.44959635416666666 0.21875324074074073 0.03981770833333333 0.05972870370370371
1 0.37872395833333333 0.09948101851851851 0.010572916666666666 0.01933240740740741
1 0.44073958333333335 0.17451990740740742 0.010645833333333334 0.013854629629629628
1 0.6042434895833334 0.16745185185185185 0.032445312500000004 0.0886074074074074
1 0.6605632812500001 0.39195416666666666 0.009668229166666665 0.03761203703703704
1 0.5860611979166667 0.28516712962962965 0.0075390625 0.014778703703703704
1 0.6404859374999999 0.308800462962963 0.004930208333333333 0.023156481481481483
1 0.6977156250000001 0.2779490740740741 0.01105625 0.018861111111111113
1 0.6091026041666667 0.2267712962962963 0.009871875 0.012801851851851852
1 0.6432963541666666 0.2511773148148148 0.013676041666666666 0.02457685185185185
1 0.8610901041666666 0.4206712962962963 0.024263541666666666 0.06356481481481482
1 0.8776666666666666 0.3869476851851852 0.018875 0.03871018518518519
1 0.9004143229166667 0.9079203703703703 0.008120312499999999 0.012137037037037038
1 0.74501640625 0.9143837962962963 0.009824479166666667 0.02691574074074074
1 0.7973619791666666 0.9292865740740741 0.008265625 0.015980555555555557
1 0.8883989583333334 0.8574240740740741 0.008047916666666667 0.012996296296296296
1 0.6492359375 0.9952162037037037 0.030763541666666668 0.008950925925925926
1 0.5762231770833334 0.6513856481481481 0.024321354166666666 0.039808333333333334
1 0.7972192708333333 0.3909337962962963 0.016313541666666667 0.035571296296296295
1 0.0650578125 0.8886606481481482 0.008240625 0.01991388888888889
1 0.8518640625 0.6304314814814814 0.011019791666666667 0.040492592592592594
1 0.7267098958333332 0.5860824074074075 0.02841979166666667 0.031424074074074076
1 0.8723450520833332 0.4445976851851852 0.034273437500000004 0.06141759259259259
