2 0.5106770833333333 0.5208333333333334 0.9776041666666667 0.9564814814814815
2 0.6 0.9810185185185185 0.040625 0.03611111111111111
1 0.46119791666666665 0.6777777777777778 0.034895833333333334 0.07037037037037037
1 0.6828125 0.6819444444444445 0.020833333333333332 0.041666666666666664
1 0.79609375 0.18518518518518517 0.021354166666666667 0.03518518518518519
1 0.6736979166666667 0.2013888888888889 0.021354166666666667 0.021296296296296296
1 0.3815104166666667 0.49027777777777776 0.0203125 0.04537037037037037
1 0.5880208333333333 0.5421296296296296 0.008333333333333333 0.05092592592592592
1 0.765625 0.737037037037037 0.011458333333333333 0.024074074074074074
1 0.43333333333333335 0.0837962962962963 0.019791666666666666 0.021296296296296296
