2 0.5265625 0.5800925925925926 0.9458333333333333 0.8379629629629629
1 0.3692708333333333 0.5611111111111111 0.014583333333333334 0.027777777777777776
1 0.38697916666666665 0.8898148148148148 0.0125 0.022222222222222223
1 0.37552083333333336 0.8106481481481481 0.019791666666666666 0.017592592592592594
1 0.44973958333333336 0.8231481481481482 0.015104166666666667 0.020370370370370372
1 0.5036458333333333 0.4875 0.007291666666666667 0.017592592592592594
1 0.59375 0.6287037037037037 0.017708333333333333 0.046296296296296294
1 0.5796875 0.5333333333333333 0.007291666666666667 0.022222222222222223
1 0.6088541666666667 0.5902777777777778 0.008333333333333333 0.017592592592592594
1 0.42135416666666664 0.20462962962962963 0.011458333333333333 0.04259259259259259
1 0.34348958333333335 0.25324074074074077 0.0036458333333333334 0.03981481481481482
1 0.8830729166666667 0.475 0.005729166666666666 0.03148148148148148
