2 0.5 0.5 1.0 1.0
1 0.39351640625 0.883837037037037 0.010991145833333334 0.025081481481481482
1 0.42693151041666666 0.8930537037037037 0.006988020833333333 0.012033333333333333
1 0.42720572916666666 0.39205 0.030453125 0.0803962962962963
1 0.5135356770833334 0.2675365740740741 0.0229046875 0.02581388888888889
1 0.6049859375000001 0.5302129629629629 0.012055208333333334 0.027092592592592595
1 0.35200651041666664 0.12778148148148147 0.010263020833333332 0.018525925925925925
1 0.8025015625 0.29526018518518515 0.012294791666666667 0.02940925925925926
1 0.3946658854166667 0.21888148148148148 0.020581770833333336 0.0248
1 0.22380859374999998 0.1760787037037037 0.015325520833333333 0.02623148148148148
1 0.13723854166666666 0.3803814814814815 0.015102083333333332 0.0403925925925926
1 0.3118486979166667 0.026654166666666666 0.008072395833333334 0.016271296296296298
1 0.10388593750000001 0.7215981481481482 0.014021875 0.022825925925925927
1 0.004844010416666667 0.5213310185185185 0.009688020833333333 0.02599537037037037
1 0.15812135416666667 0.6573314814814815 0.009992708333333333 0.020218518518518518
1 0.046189322916666664 0.690425 0.011128645833333334 0.016035185185185187
1 0.05386692708333333 0.7823851851851852 0.008775520833333333 0.035140740740740736
1 0.17919036458333334 0.7319925925925926 0.007339062499999999 0.012133333333333333
1 0.18141536458333332 0.7505833333333334 0.004497395833333333 0.012277777777777778
1 0.8523945312500001 0.7927300925925926 0.012080729166666667 0.02064537037037037
1 0.8862015625 0.5106162037037038 0.013028125 0.032343518518518515
1 0.9603333333333333 0.5418162037037038 0.015458333333333333 0.039187962962962966
1 0.84499765625 0.6524467592592593 0.0087453125 0.010449074074074074
1 0.8801161458333334 0.25014583333333335 0.012315625 0.028069444444444445
1 0.9652005208333333 0.1726875 0.008526041666666668 0.019449074074074073
