2 0.49973958333333335 0.537962962962963 0.9994791666666667 0.9222222222222223
1 0.37161458333333336 0.4185185185185185 0.013020833333333334 0.03148148148148148
1 0.5359375 0.19675925925925927 0.03125 0.019444444444444445
1 0.61796875 0.2462962962962963 0.0265625 0.05185185185185185
1 0.5872395833333334 0.15555555555555556 0.008854166666666666 0.014814814814814815
1 0.6776041666666667 0.2388888888888889 0.015625 0.025925925925925925
1 0.5106770833333333 0.611574074074074 0.018229166666666668 0.013888888888888888
1 0.32864583333333336 0.6060185185185185 0.019791666666666666 0.01574074074074074
1 0.33932291666666664 0.9194444444444444 0.013020833333333334 0.018518518518518517
1 0.7106770833333333 0.4791666666666667 0.0109375 0.023148148148148147
1 0.8885416666666667 0.41203703703703703 0.010416666666666666 0.022222222222222223
1 0.9104166666666667 0.5736111111111111 0.00625 0.021296296296296296
1 0.9466145833333334 0.5277777777777778 0.0067708333333333336 0.014814814814814815
1 0.9776041666666667 0.5328703703703703 0.00625 0.025
1 0.44140625 0.9578703703703704 0.018229166666666668 0.04722222222222222
