2 0.49973958333333335 0.5319444444444444 0.9994791666666667 0.9342592592592592
1 0.64140625 0.37407407407407406 0.0359375 0.06851851851851852
1 0.49661458333333336 0.2726851851851852 0.03697916666666667 0.019444444444444445
1 0.65859375 0.7032407407407407 0.0171875 0.08055555555555556
1 0.12239583333333333 0.5069444444444444 0.008333333333333333 0.021296296296296296
1 0.13854166666666667 0.6157407407407407 0.00625 0.025925925925925925
1 0.17135416666666667 0.8634259259259259 0.014583333333333334 0.03611111111111111
1 0.24244791666666668 0.9513888888888888 0.015104166666666667 0.010185185185185186
1 0.2890625 0.9050925925925926 0.008333333333333333 0.01574074074074074
1 0.10442708333333334 0.9537037037037037 0.0067708333333333336 0.020370370370370372
1 0.038802083333333334 0.9648148148148148 0.0036458333333333334 0.016666666666666666
1 0.16484375 0.8138888888888889 0.0026041666666666665 0.011111111111111112
1 0.21354166666666666 0.8694444444444445 0.00625 0.016666666666666666
1 0.06510416666666667 0.7064814814814815 0.004166666666666667 0.011111111111111112
1 0.14140625 0.6861111111111111 0.005729166666666666 0.018518518518518517
1 0.20520833333333333 0.5824074074074074 0.005208333333333333 0.012962962962962963
1 0.4088541666666667 0.7875 0.003125 0.006481481481481481
1 0.6247395833333333 0.6083333333333333 0.018229166666666668 0.02962962962962963
1 0.6244791666666667 0.6129629629629629 0.016666666666666666 0.018518518518518517
1 0.67421875 0.6328703703703704 0.005729166666666666 0.017592592592592594
1 0.6114583333333333 0.575462962962963 0.007291666666666667 0.006481481481481481
1 0.58515625 0.7898148148148149 0.0036458333333333334 0.007407407407407408
1 0.75546875 0.9018518518518519 0.0078125 0.020370370370370372
1 0.86796875 0.961574074074074 0.016145833333333335 0.032407407407407406
1 0.9338541666666667 0.5578703703703703 0.009375 0.019444444444444445
1 0.6283854166666667 0.20694444444444443 0.0036458333333333334 0.006481481481481481
1 0.7317708333333334 0.43842592592592594 0.013541666666666667 0.01574074074074074
1 0.32760416666666664 0.18055555555555555 0.007291666666666667 0.016666666666666666
