2 0.4730916666666667 0.4177625 0.9461833333333334 0.835525
1 0.6301526041666666 0.43525601851851853 0.014471875 0.027919444444444445
1 0.6089440104166666 0.10633425925925925 0.0126796875 0.021927777777777775
1 0.6214072916666668 0.18545277777777777 0.019897916666666668 0.01720185185185185
1 0.5471161458333333 0.1750550925925926 0.015065625 0.020480555555555554
1 0.49635364583333336 0.5124421296296297 0.007290624999999999 0.01747685185185185
1 0.40482708333333334 0.3740060185185185 0.0179875 0.046160185185185186
1 0.4198046875 0.4694509259259259 0.007317708333333334 0.022235185185185184
1 0.3900807291666667 0.41351342592592594 0.008286458333333333 0.017767592592592592
1 0.5812809895833334 0.792549074074074 0.0115203125 0.04250555555555555
1 0.6587526041666667 0.7421263888888888 0.003963541666666666 0.039808333333333334
1 0.11704036458333333 0.5369537037037037 0.005955729166666667 0.031314814814814816
