2 0.49973958333333335 0.5324074074074074 0.9994791666666667 0.9333333333333333
1 0.321875 0.19166666666666668 0.011458333333333333 0.020370370370370372
1 0.28098958333333335 0.20046296296296295 0.024479166666666666 0.03981481481481482
1 0.37395833333333334 0.3685185185185185 0.0125 0.027777777777777776
1 0.32109375 0.27361111111111114 0.021354166666666667 0.030555555555555555
1 0.4734375 0.35 0.00625 0.009259259259259259
1 0.8682291666666667 0.8273148148148148 0.016666666666666666 0.058333333333333334
1 0.8497395833333333 0.8222222222222222 0.0036458333333333334 0.014814814814814815
1 0.9604166666666667 0.6800925925925926 0.00625 0.013888888888888888
1 0.35546875 0.8143518518518519 0.018229166666666668 0.03796296296296296
1 0.3763020833333333 0.9935185185185185 0.008854166666666666 0.011111111111111112
1 0.5041666666666667 0.924537037037037 0.007291666666666667 0.01574074074074074
1 0.53515625 0.8949074074074074 0.005729166666666666 0.021296296296296296
1 0.5473958333333333 0.8314814814814815 0.00625 0.009259259259259259
1 0.60609375 0.9250847222222223 0.011145833333333332 0.022391666666666667
1 0.08880208333333334 0.6592592592592592 0.011979166666666667 0.020370370370370372
1 0.08697916666666666 0.5347222222222222 0.008333333333333333 0.01574074074074074
1 0.023958333333333335 0.6842592592592592 0.004166666666666667 0.009259259259259259
1 0.06145833333333333 0.7023148148148148 0.005208333333333333 0.013888888888888888
2 0.0476296875 0.1537037037037037 0.014009375 0.014814814814814815
2 0.06286614583333333 0.14891064814814814 0.013232291666666667 0.025599074074074073
1 0.7559895833333333 0.32083333333333336 0.011979166666666667 0.025
