2 0.49973958333333335 0.537962962962963 0.9994791666666667 0.9222222222222223
1 0.3026041666666667 0.7388888888888889 0.009375 0.014814814814814815
1 0.32838541666666665 0.7050925925925926 0.0171875 0.028703703703703703
1 0.005729166666666666 0.5578703703703703 0.011458333333333333 0.026851851851851852
1 0.1859375 0.6365740740740741 0.009375 0.030555555555555555
1 0.024739583333333332 0.8407407407407408 0.009895833333333333 0.03518518518518519
1 0.052083333333333336 0.8296296296296296 0.014583333333333334 0.022222222222222223
1 0.020572916666666666 0.7944444444444444 0.0067708333333333336 0.014814814814814815
1 0.24401041666666667 0.8652777777777778 0.0046875 0.017592592592592594
1 0.33125 0.9388888888888889 0.010416666666666666 0.022222222222222223
1 0.38255208333333335 0.9078703703703703 0.09010416666666667 0.10092592592592593
1 0.4197916666666667 0.9078703703703703 0.015625 0.030555555555555555
1 0.4109375 0.7078703703703704 0.022916666666666665 0.030555555555555555
1 0.3671875 0.6509259259259259 0.020833333333333332 0.022222222222222223
1 0.2791666666666667 0.9777777777777777 0.015625 0.04259259259259259
1 0.10703125 0.8648148148148148 0.0078125 0.016666666666666666
1 0.11328125 0.7888888888888889 0.0078125 0.024074074074074074
1 0.15546875 0.7018518518518518 0.0067708333333333336 0.018518518518518517
1 0.03723958333333333 0.6768518518518518 0.0067708333333333336 0.009259259259259259
1 0.103125 0.43472222222222223 0.008333333333333333 0.062037037037037036
1 0.025 0.5138888888888888 0.007291666666666667 0.03888888888888889
1 0.0515625 0.537962962962963 0.003125 0.018518518518518517
1 0.06510416666666667 0.5828703703703704 0.009375 0.05277777777777778
1 0.3098958333333333 0.48055555555555557 0.013541666666666667 0.025925925925925925
1 0.3888020833333333 0.587037037037037 0.008854166666666666 0.05555555555555555
1 0.4515625 0.5574074074074075 0.019791666666666666 0.02962962962962963
1 0.4549479166666667 0.6759259259259259 0.008854166666666666 0.020370370370370372
1 0.4609375 0.6884259259259259 0.004166666666666667 0.006481481481481481
1 0.4908854166666667 0.7865740740740741 0.009895833333333333 0.019444444444444445
1 0.5138020833333333 0.8194444444444444 0.024479166666666666 0.03148148148148148
1 0.5700520833333333 0.7708333333333334 0.009895833333333333 0.028703703703703703
1 0.5385416666666667 0.6324074074074074 0.013541666666666667 0.03518518518518519
1 0.49270833333333336 0.5050925925925925 0.013541666666666667 0.023148148148148147
1 0.26458333333333334 0.32592592592592595 0.021875 0.040740740740740744
1 0.26796875 0.31296296296296294 0.013020833333333334 0.014814814814814815
1 0.33541666666666664 0.38657407407407407 0.015625 0.025
1 0.33619791666666665 0.35509259259259257 0.009895833333333333 0.019444444444444445
1 0.32734375 0.4222222222222222 0.0109375 0.025925925925925925
1 0.32578125 0.31157407407407406 0.016145833333333335 0.030555555555555555
1 0.3346354166666667 0.4699074074074074 0.008854166666666666 0.019444444444444445
1 0.11328125 0.16666666666666666 0.011979166666666667 0.024074074074074074
1 0.05703125 0.2967592592592593 0.008854166666666666 0.023148148148148147
1 0.12630208333333334 0.28703703703703703 0.0140625 0.03333333333333333
1 0.06770833333333333 0.39675925925925926 0.00625 0.019444444444444445
1 0.08489583333333334 0.48703703703703705 0.010416666666666666 0.020370370370370372
1 0.6682291666666667 0.16620370370370371 0.009375 0.019444444444444445
1 0.6174479166666667 0.31712962962962965 0.0203125 0.025
1 0.61875 0.25815000000000005 0.009375 0.03667037037037037
1 0.66796875 0.48148148148148145 0.0171875 0.020370370370370372
1 0.7475833333333333 0.3351851851851852 0.008708333333333334 0.009259259259259259
1 0.7651041666666667 0.13564814814814816 0.00625 0.017592592592592594
1 0.7200520833333334 0.6125 0.0067708333333333336 0.019444444444444445
1 0.71328125 0.7097222222222223 0.008854166666666666 0.021296296296296296
1 0.865625 0.6976851851851852 0.015625 0.06388888888888888
1 0.8690104166666667 0.5601851851851852 0.0078125 0.03888888888888889
1 0.8885416666666667 0.5782407407407407 0.007291666666666667 0.021296296296296296
1 0.9791666666666666 0.21342592592592594 0.011458333333333333 0.03425925925925926
1 0.9291666666666667 0.19537037037037036 0.005208333333333333 0.022222222222222223
1 0.9859375 0.4699074074074074 0.007291666666666667 0.013888888888888888
1 0.6432291666666666 0.8384259259259259 0.028125 0.032407407407407406
1 0.6473958333333333 0.8625 0.0125 0.021296296296296296
1 0.7666666666666667 0.8652777777777778 0.016666666666666666 0.08611111111111111
1 0.76640625 0.8416666666666667 0.0171875 0.037037037037037035
1 0.81875 0.6907407407407408 0.010416666666666666 0.040740740740740744
1 0.8416666666666667 0.8712962962962963 0.013541666666666667 0.027777777777777776
1 0.9817708333333334 0.6018518518518519 0.008333333333333333 0.018518518518518517
1 0.6859375 0.9800925925925926 0.010416666666666666 0.03796296296296296
1 0.71796875 0.9611111111111111 0.0078125 0.011111111111111112
1 0.65703125 0.9189814814814815 0.05260416666666667 0.03981481481481482
1 0.9776041666666667 0.9319444444444445 0.00625 0.013888888888888888
1 0.97265625 0.8310185185185185 0.0046875 0.013888888888888888
1 0.8846354166666667 0.6935185185185185 0.0078125 0.016666666666666666
1 0.9302083333333333 0.7277777777777777 0.007291666666666667 0.009259259259259259
1 0.9236979166666667 0.7041666666666667 0.0078125 0.010185185185185186
1 0.7408854166666666 0.6648148148148149 0.005729166666666666 0.016666666666666666
1 0.7575520833333333 0.6162037037037037 0.0036458333333333334 0.006481481481481481
1 0.7552083333333334 0.637962962962963 0.008333333333333333 0.024074074074074074
1 0.62734375 0.6296296296296297 0.0078125 0.018518518518518517
1 0.42864583333333334 0.9550925925925926 0.007291666666666667 0.012037037037037037
1 0.2390625 0.2361111111111111 0.004166666666666667 0.016666666666666666
1 0.2421875 0.4828703703703704 0.021875 0.04722222222222222
