1 0.5 0.4650685185185185 1.0 0.930137037037037
2 0.5 0.4657875 1.0 0.931575
1 0.015994270833333334 0.6114541666666666 0.005946875 0.022908333333333333
1 0.19573541666666666 0.6516101851851852 0.016470833333333334 0.04766481481481482
1 0.12129583333333334 0.3501449074074074 0.01759166666666667 0.013252777777777778
1 0.16091223958333334 0.4890939814814815 0.0051578125 0.009669444444444444
1 0.16701796875000002 0.5148592592592592 0.0121609375 0.02045925925925926
1 0.08012239583333333 0.1516435185185185 0.009203125000000001 0.01439814814814815
1 0.10483333333333333 0.17048981481481482 0.007583333333333333 0.016905555555555556
1 0.44373723958333333 0.47150231481481486 0.019766145833333335 0.05226388888888889
1 0.3898434895833333 0.7417212962962962 0.04531197916666666 0.08714629629629629
1 0.52630703125 0.6945537037037037 0.013030729166666666 0.02058888888888889
1 0.50083828125 0.7547310185185185 0.0173015625 0.03538796296296296
1 0.6686046875 0.8105652777777778 0.024709375 0.028537962962962963
1 0.48037005208333333 0.33091666666666664 0.011781770833333333 0.019240740740740742
1 0.6202835937500001 0.2952939814814815 0.029108854166666667 0.031328703703703706
1 0.22508671875 0.14818657407407407 0.01788177083333333 0.03341018518518518
1 0.526521875 0.14794861111111113 0.008252083333333333 0.01256388888888889
1 0.7095054687500001 0.2735703703703704 0.010677604166666667 0.023066666666666666
1 0.6765354166666667 0.47658333333333336 0.0103625 0.017981481481481484
1 0.6969096354166666 0.4045212962962963 0.0052776041666666666 0.022005555555555553
1 0.80226875 0.5022587962962962 0.011829166666666667 0.03785092592592593
1 0.6914752604166666 0.5784949074074074 0.013158854166666668 0.029212037037037036
1 0.7937828125 0.2180763888888889 0.015690625 0.032449074074074075
1 0.8345921875 0.21790833333333334 0.017101041666666667 0.02840925925925926
1 0.7916893229166667 0.13272175925925925 0.0094203125 0.015443518518518518
1 0.7917263020833333 0.1304773148148148 0.0167859375 0.027621296296296297
1 0.7862635416666667 0.3045412037037037 0.008985416666666666 0.016489814814814815
1 0.9779354166666666 0.18541203703703704 0.04232916666666667 0.1504537037037037
1 0.766921875 0.3803949074074074 0.01509375 0.031160185185185183
