2 0.5 0.526125462962963 1.0 0.9485472222222222
1 0.6126786458333334 0.6532643518518518 0.019107291666666668 0.06023240740740741
1 0.6339958333333333 0.5640388888888889 0.024241666666666665 0.033633333333333335
1 0.78273984375 0.11191527777777778 0.010271354166666666 0.02012685185185185
1 0.9489221354166666 0.20319305555555556 0.0207609375 0.028608333333333333
1 0.38872343750000005 0.3335342592592592 0.03161354166666667 0.06336481481481482
1 0.3986208333333333 0.2634675925925926 0.013908333333333333 0.026935185185185184
1 0.4182385416666667 0.3403833333333333 0.0073104166666666665 0.019655555555555558
1 0.13820937500000002 0.4094041666666667 0.02016875 0.04843796296296297
1 0.11579947916666668 0.7052055555555555 0.010765625000000001 0.04004074074074074
