2 0.51953125 0.5810185185185185 0.9609375 0.8379629629629629
1 0.3924479166666667 0.36527777777777776 0.04635416666666667 0.03981481481481482
1 0.66484375 0.9800925925925926 0.013020833333333334 0.023148148148148147
1 0.5184895833333333 0.9671296296296297 0.0203125 0.028703703703703703
1 0.60234375 0.9328703703703703 0.018229166666666668 0.04351851851851852
1 0.7651041666666667 0.7157407407407408 0.01875 0.05555555555555555
1 0.9046875 0.9004629629629629 0.008333333333333333 0.05462962962962963
1 0.9221354166666667 0.8435185185185186 0.016145833333333335 0.03518518518518519
1 0.91484375 0.6203703703703703 0.0078125 0.020370370370370372
1 0.7546875 0.5777777777777777 0.005208333333333333 0.053703703703703705
1 0.48776041666666664 0.4027777777777778 0.0046875 0.05185185185185185
1 0.7205729166666667 0.23472222222222222 0.008854166666666666 0.025
1 0.46848958333333335 0.36203703703703705 0.011979166666666667 0.027777777777777776
1 0.5947916666666667 0.5592592592592592 0.00625 0.016666666666666666
