2 0.49095 0.47970787037037044 0.9819 0.9594157407407409
1 0.5196380208333333 0.011297685185185185 0.031984374999999995 0.02259537037037037
1 0.5443239583333334 0.05995787037037038 0.019897916666666668 0.01621203703703704
1 0.46269166666666667 0.04445092592592592 0.007675 0.020383333333333333
1 0.488284375 0.1638388888888889 0.01719375 0.02027037037037037
1 0.5480703125 0.26121342592592595 0.028432291666666668 0.03353796296296296
1 0.6239713541666667 0.23055416666666667 0.008359375 0.018515740740740742
1 0.6931221354166667 0.21927962962962963 0.0154109375 0.04041111111111111
1 0.6673052083333334 0.2747763888888889 0.025235416666666666 0.04029351851851852
1 0.7895875 0.577225 0.006258333333333334 0.011857407407407407
1 0.7254968749999999 0.7440601851851852 0.014535416666666667 0.02515740740740741
1 0.6918015625 0.7909750000000001 0.017978125 0.030098148148148148
1 0.7526393229166667 0.8337375 0.0156953125 0.02858611111111111
1 0.5310385416666666 0.7217171296296296 0.014160416666666667 0.023063888888888887
1 0.4374190104166667 0.6255064814814815 0.031088020833333334 0.06397592592592592
1 0.43729114583333334 0.5469337962962962 0.022498958333333333 0.07164537037037036
1 0.48757656250000003 0.6235449074074074 0.008486458333333334 0.019312037037037037
1 0.13778203125 0.4517291666666667 0.015147395833333332 0.016421296296296295
1 0.13256901041666666 0.6589476851851852 0.015138020833333333 0.025302777777777778
1 0.3677395833333333 0.6244550925925927 0.0063124999999999995 0.011873148148148148
1 0.72978359375 0.8034055555555556 0.032483854166666666 0.09755185185185185
