2 0.5 0.5 1.0 1.0
1 0.7663393229166666 0.26708842592592597 0.01913697916666667 0.04158425925925926
1 0.74799609375 0.2388986111111111 0.009533854166666666 0.018537962962962964
1 0.7463234375 0.27523333333333333 0.010355208333333334 0.02083703703703704
1 0.7006044270833333 0.34798425925925924 0.010583854166666667 0.020042592592592594
1 0.8726343750000001 0.36097870370370366 0.03276875 0.03677222222222222
1 0.8414731770833334 0.5426749999999999 0.015238020833333334 0.046461111111111106
1 0.8727619791666666 0.5916513888888889 0.013232291666666667 0.038858333333333335
1 0.6615127604166666 0.42143749999999996 0.03448385416666667 0.05398611111111111
1 0.5743182291666666 0.5153574074074074 0.028844791666666664 0.03812222222222222
1 0.6389171875 0.4265393518518519 0.020542708333333333 0.043819444444444446
1 0.5314028645833333 0.5081055555555556 0.0180140625 0.045840740740740744
1 0.39546484375 0.5814175925925926 0.013846354166666667 0.025798148148148146
1 0.43574010416666664 0.5142055555555556 0.007938541666666667 0.013596296296296296
1 0.6238578125 0.13416296296296298 0.012298958333333334 0.025733333333333334
1 0.5865325520833333 0.20725324074074075 0.013690104166666666 0.020062037037037038
1 0.5994119791666667 0.10334398148148148 0.010282291666666667 0.021502777777777777
1 0.5856104166666667 0.06026157407407407 0.0097625 0.016819444444444442
1 0.17225807291666667 0.11526851851851852 0.0143078125 0.03424074074074074
1 0.1909890625 0.1905013888888889 0.009061458333333333 0.029150925925925927
1 0.18760807291666665 0.2651324074074074 0.015841145833333334 0.03952407407407407
1 0.10820130208333333 0.21050740740740742 0.0216109375 0.07286666666666666
1 0.02514921875 0.16874583333333332 0.007590104166666667 0.033787962962962964
1 0.14372760416666666 0.07462824074074074 0.019746875 0.06592314814814815
1 0.24560234375 0.02752777777777778 0.0162046875 0.0457962962962963
1 0.03240494791666667 0.2890833333333333 0.011684895833333332 0.026314814814814815
1 0.2219734375 0.4091842592592592 0.017905208333333332 0.05355370370370371
1 0.36424791666666667 0.32636990740740746 0.02120416666666667 0.052739814814814816
1 0.17723541666666667 0.6101236111111111 0.020095833333333334 0.04246944444444444
1 0.19279166666666667 0.5695583333333334 0.006416666666666667 0.020598148148148147
1 0.17538723958333333 0.5696365740740741 0.0153578125 0.028162037037037038
1 0.06942291666666667 0.5076087962962963 0.009679166666666666 0.020773148148148148
1 0.1653625 0.6640013888888888 0.04635 0.08541018518518519
1 0.12410911458333333 0.6355254629629629 0.010718229166666668 0.021050925925925924
1 0.3528731770833333 0.6563162037037037 0.018246354166666666 0.029299074074074075
1 0.36307786458333335 0.7543810185185185 0.008447395833333335 0.018021296296296296
1 0.30314453125 0.6916652777777779 0.009414062499999999 0.027775
1 0.16879427083333332 0.7313893518518518 0.008421875 0.014630555555555556
1 0.09078958333333334 0.6147666666666667 0.023245833333333334 0.04990370370370371
1 0.15030026041666666 0.5601671296296297 0.012058854166666666 0.03329722222222222
1 0.07423541666666668 0.5596685185185185 0.0057625 0.017485185185185187
1 0.05823645833333333 0.5564564814814814 0.00918125 0.02032037037037037
1 0.08398177083333333 0.3935259259259259 0.014838541666666667 0.020385185185185183
1 0.23467395833333335 0.8886606481481482 0.013097916666666666 0.01991388888888889
1 0.27485208333333333 0.9320898148148149 0.012204166666666665 0.021587037037037037
1 0.4416580729166667 0.973838888888889 0.011441145833333333 0.025455555555555558
1 0.4856963541666667 0.7517226851851851 0.014101041666666668 0.018260185185185185
1 0.5175223958333334 0.8664087962962963 0.009003125 0.025410185185185185
1 0.33854973958333334 0.9595365740740741 0.008349479166666667 0.01166574074074074
1 0.5605716145833333 0.6012967592592592 0.022184895833333333 0.048889814814814817
1 0.8270656249999999 0.7208305555555555 0.01975625 0.0342537037037037
1 0.8707502604166667 0.9111777777777778 0.019625520833333333 0.05013333333333333
1 0.2556700520833333 0.8546143518518519 0.0134234375 0.035154629629629626
