2 0.47758281249999995 0.5832023148148149 0.9551656249999999 0.8330712962962963
1 0.5567218749999999 0.9296550925925926 0.011360416666666668 0.02227314814814815
1 0.5094549479166667 0.938851388888889 0.006409895833333333 0.016591666666666668
1 0.49253281250000003 0.8987597222222222 0.019440625 0.023445370370370373
1 0.4653533854166667 0.8342879629629629 0.0067484375 0.011168518518518519
1 0.47041875 0.7995476851851852 0.0095875 0.017613888888888887
1 0.21840442708333332 0.9005671296296296 0.010767187499999999 0.028912037037037038
1 0.12626328125 0.9154185185185185 0.007734895833333334 0.016022222222222222
1 0.06622604166666667 0.9223481481481481 0.00536875 0.011362962962962964
1 0.11280338541666667 0.6041782407407408 0.0078984375 0.015763888888888886
1 0.22313255208333332 0.4008365740740741 0.0077234375 0.027599074074074074
1 0.20223619791666667 0.40325092592592593 0.0055140625 0.019464814814814813
1 0.16730364583333335 0.4906717592592593 0.006482291666666667 0.014676851851851852
1 0.29017916666666665 0.42346203703703705 0.011608333333333333 0.030257407407407406
1 0.31537942708333333 0.4184810185185185 0.0109671875 0.016591666666666668
1 0.48743515625 0.4359574074074074 0.014453645833333334 0.02747037037037037
1 0.4675252604166667 0.46764814814814815 0.025675520833333333 0.06307407407407407
1 0.46984375 0.3722662037037037 0.008437499999999999 0.014902777777777777
1 0.47835520833333334 0.28522314814814814 0.009835416666666668 0.03526111111111111
1 0.21148411458333335 0.38111296296296293 0.0052598958333333334 0.008522222222222223
1 0.19421510416666665 0.3676212962962963 0.004055208333333333 0.011168518518518519
