2 0.5041666666666667 0.5486111111111112 0.990625 0.9009259259259259
2 0.9315885416666667 0.24520092592592593 0.013177083333333334 0.029290740740740742
2 0.9471354166666667 0.24861111111111112 0.019270833333333334 0.028703703703703703
2 0.13900546875 0.7856481481481481 0.2655109375 0.4287037037037037
2 0.10192682291666667 0.8966976851851852 0.16322864583333332 0.20635833333333334
1 0.2635416666666667 0.46944444444444444 0.008333333333333333 0.027777777777777776
1 0.28151041666666665 0.3861111111111111 0.013020833333333334 0.022222222222222223
1 0.5197916666666667 0.36018518518518516 0.01875 0.044444444444444446
1 0.95390625 0.6912037037037037 0.0109375 0.023148148148148147
1 0.7666666666666667 0.8240740740740741 0.009375 0.018518518518518517
1 0.7627604166666667 0.7421296296296296 0.009895833333333333 0.023148148148148147
1 0.390625 0.20925925925925926 0.01875 0.037037037037037035
1 0.39375 0.16805555555555557 0.009375 0.025
1 0.3765625 0.4083333333333333 0.00625 0.007407407407407408
1 0.3419270833333333 0.5625 0.0046875 0.010185185185185186
1 0.22552083333333334 0.5125 0.00625 0.04537037037037037
1 0.24739583333333334 0.462037037037037 0.00625 0.014814814814814815
1 0.14296875 0.44027777777777777 0.008854166666666666 0.01574074074074074
1 0.19505208333333332 0.28888888888888886 0.005729166666666666 0.011111111111111112
1 0.20182291666666666 0.26851851851851855 0.0046875 0.011111111111111112
1 0.21640625 0.2671296296296296 0.009895833333333333 0.01574074074074074
1 0.21223958333333334 0.27824074074074073 0.0046875 0.008333333333333333
1 0.17447916666666666 0.6768518518518518 0.00625 0.011111111111111112
1 0.049332812499999996 0.6027152777777778 0.0028322916666666666 0.03876388888888889
1 0.05294270833333334 0.6454518518518518 0.013177083333333334 0.026088888888888887
1 0.21848958333333332 0.8379629629629629 0.0067708333333333336 0.016666666666666666
