2 0.5 0.5089814814814815 1.0 0.9827777777777779
1 0.965121875 0.509200462962963 0.010452083333333334 0.05173425925925926
1 0.93728671875 0.6068976851851852 0.019365104166666664 0.056387962962962966
1 0.9515893229166666 0.5710324074074075 0.009428645833333334 0.012435185185185185
1 0.8494291666666667 0.8459027777777778 0.0374 0.07699074074074075
1 0.9071255208333333 0.8958226851851853 0.0048760416666666665 0.013867592592592593
1 0.9144322916666667 0.7009407407407408 0.010114583333333335 0.03521481481481481
1 0.8247822916666667 0.5730805555555556 0.007897916666666666 0.023938888888888888
1 0.8961518229166666 0.4845916666666667 0.007928645833333334 0.02659074074074074
1 0.9727731770833333 0.4295601851851852 0.014296354166666667 0.040601851851851854
1 0.9595341145833333 0.4081625 0.006568229166666667 0.020028703703703705
1 0.96240625 0.4353782407407408 0.005020833333333334 0.015200925925925927
1 0.89624296875 0.3226175925925926 0.006027604166666667 0.013753703703703704
1 0.8405575520833334 0.35908472222222226 0.018615104166666667 0.03853981481481481
1 0.7718773437500001 0.4031490740740741 0.013546354166666667 0.03037222222222222
1 0.8128067708333333 0.3143398148148148 0.012071875000000001 0.015716666666666667
1 0.7484888020833333 0.33256296296296295 0.0053109375 0.009570370370370371
1 0.7623247395833334 0.35221712962962964 0.005899479166666667 0.008137962962962963
1 0.7265127604166667 0.34473935185185184 0.009275520833333334 0.020960185185185186
1 0.6879463541666666 0.27550324074074073 0.021726041666666664 0.021376851851851852
1 0.59171953125 0.21055833333333332 0.0115640625 0.013709259259259258
1 0.7874005208333333 0.1462375 0.007092708333333334 0.02210462962962963
1 0.5985411458333334 0.47379212962962963 0.009582291666666666 0.016102777777777775
1 0.53388515625 0.48635509259259263 0.0177703125 0.02826574074074074
1 0.7416361979166666 0.49288888888888893 0.006189062499999999 0.01911111111111111
1 0.7104080729166667 0.8930087962962963 0.008316145833333333 0.02120277777777778
1 0.6719096354166666 0.7313643518518519 0.0052776041666666666 0.023839814814814814
1 0.50879921875 0.9379087962962963 0.010306770833333334 0.025817592592592593
1 0.47934348958333334 0.9772291666666667 0.017020312500000002 0.017421296296296296
1 0.46707942708333333 0.9523717592592593 0.015408854166666668 0.02511388888888889
1 0.427278125 0.9961009259259259 0.00768125 0.007016666666666667
1 0.4258348958333333 0.8356819444444444 0.044378125000000004 0.04358611111111111
1 0.4379885416666667 0.84005 0.019727083333333333 0.030100000000000002
1 0.369675 0.7948592592592593 0.032058333333333335 0.04342222222222222
1 0.37178906250000004 0.8444759259259259 0.009203125000000001 0.018581481481481484
1 0.48712213541666666 0.8336069444444444 0.0221609375 0.04869537037037037
1 0.4566864583333333 0.8540032407407407 0.01545625 0.030228703703703702
1 0.4689174479166667 0.8333282407407407 0.018043229166666667 0.040730555555555555
1 0.4955104166666667 0.7790583333333334 0.011854166666666667 0.03219074074074074
1 0.4686208333333333 0.737099537037037 0.020575 0.037162037037037035
1 0.48062109375 0.7212185185185186 0.007075520833333334 0.012807407407407408
1 0.43607968750000003 0.6978421296296295 0.023201041666666665 0.0327212962962963
1 0.44523984375 0.7133041666666667 0.008188020833333334 0.02475648148148148
1 0.40567421875 0.7508356481481482 0.018640104166666668 0.018337962962962962
1 0.38339557291666665 0.7615662037037036 0.010541145833333333 0.024984259259259258
1 0.4593125 0.6637703703703703 0.017583333333333333 0.02568888888888889
1 0.4344643229166667 0.6660837962962963 0.011636979166666667 0.022908333333333333
1 0.4167302083333333 0.6800277777777778 0.022002083333333332 0.04524074074074074
1 0.4551307291666667 0.561813425925926 0.009219791666666668 0.029182407407407407
1 0.4686416666666667 0.5191935185185186 0.032075 0.049498148148148145
1 0.48452135416666664 0.47953935185185187 0.023209374999999997 0.03870833333333333
1 0.4922622395833333 0.4411402777777778 0.0303578125 0.03783611111111111
1 0.5019518229166666 0.43474768518518514 0.010153645833333334 0.021347222222222222
1 0.48086979166666666 0.4592787037037037 0.008614583333333333 0.009298148148148147
1 0.3884546875 0.3793296296296296 0.018576041666666664 0.034585185185185184
1 0.488103125 0.30779212962962965 0.02308125 0.03780648148148148
1 0.4640697916666667 0.315899537037037 0.020847916666666667 0.041058333333333336
1 0.4905067708333333 0.33287916666666667 0.017471875 0.02316574074074074
1 0.47271067708333336 0.26870370370370367 0.040213020833333335 0.044814814814814814
1 0.46429322916666665 0.2583856481481482 0.019211458333333334 0.026030555555555557
1 0.4464635416666667 0.2775962962962963 0.007510416666666667 0.008896296296296296
1 0.47718828125 0.19419814814814815 0.012709895833333333 0.05876666666666667
1 0.4322635416666667 0.18928564814814813 0.01973541666666667 0.026719444444444445
1 0.3945135416666667 0.5013694444444445 0.0036104166666666667 0.01570185185185185
1 0.32023645833333336 0.7021962962962962 0.015472916666666666 0.02105925925925926
1 0.35568671875 0.6476236111111111 0.030123437500000003 0.03598796296296296
1 0.3431625 0.665212962962963 0.006116666666666667 0.02487037037037037
1 0.38306276041666665 0.6084666666666667 0.0077921875000000005 0.024340740740740743
1 0.23012473958333332 0.9480666666666667 0.022749479166666666 0.031318518518518516
1 0.38016953125 0.9236319444444445 0.014505729166666667 0.012078703703703704
1 0.15401666666666666 0.9851097222222223 0.013241666666666667 0.029478703703703705
1 0.07790078125000001 0.9857333333333335 0.013093229166666666 0.028874074074074076
1 0.43279375000000003 0.9784291666666667 0.010379166666666667 0.016117592592592593
1 0.9502703125 0.6479111111111111 0.011998958333333334 0.02174814814814815
