2 0.49973958333333335 0.5148148148148148 0.9994791666666667 0.9685185185185186
1 0.38984375 0.5199074074074074 0.024479166666666666 0.05277777777777778
1 0.6401041666666667 0.4935185185185185 0.019791666666666666 0.03148148148148148
1 0.47942708333333334 0.34675925925925927 0.009895833333333333 0.021296296296296296
1 0.1046875 0.65 0.007291666666666667 0.024074074074074074
1 0.9361979166666666 0.9796296296296296 0.0109375 0.020370370370370372
1 0.6091145833333333 0.9930555555555556 0.0140625 0.012037037037037037
1 0.44427083333333334 0.8342592592592593 0.020833333333333332 0.03888888888888889
1 0.3997395833333333 0.7527777777777778 0.0140625 0.024074074074074074
1 0.42578125 0.6773148148148148 0.011979166666666667 0.025
1 0.020572916666666666 0.5675925925925925 0.009895833333333333 0.046296296296296294
1 0.015885416666666666 0.5268518518518519 0.005729166666666666 0.024074074074074074
1 0.0421875 0.5652777777777778 0.013541666666666667 0.030555555555555555
1 0.0609375 0.8342592592592593 0.007291666666666667 0.02962962962962963
1 0.048177083333333336 0.26990740740740743 0.005729166666666666 0.030555555555555555
1 0.008333333333333333 0.3648148148148148 0.009375 0.024074074074074074
1 0.07604166666666666 0.9921296296296296 0.013541666666666667 0.013888888888888888
1 0.2755208333333333 0.7865740740740741 0.013541666666666667 0.013888888888888888
1 0.3098958333333333 0.9101851851851852 0.008333333333333333 0.012962962962962963
1 0.4 0.8101851851851852 0.008333333333333333 0.016666666666666666
1 0.41692708333333334 0.7245370370370371 0.008854166666666666 0.012037037037037037
1 0.975 0.6402777777777777 0.017708333333333333 0.09166666666666666
1 0.9760416666666667 0.687037037037037 0.004166666666666667 0.024074074074074074
1 0.9596354166666666 0.8611111111111112 0.008854166666666666 0.027777777777777776
1 0.93515625 0.8203703703703704 0.0078125 0.018518518518518517
1 0.42682291666666666 0.053703703703703705 0.013020833333333334 0.024074074074074074
1 0.7700520833333333 0.19537037037037036 0.008854166666666666 0.018518518518518517
1 0.64296875 0.13472222222222222 0.005729166666666666 0.010185185185185186
1 0.7989583333333333 0.600462962962963 0.00625 0.013888888888888888
1 0.30833333333333335 0.5587962962962963 0.007291666666666667 0.026851851851851852
