2 0.52578125 0.5800925925925926 0.9473958333333333 0.8379629629629629
1 0.253125 0.4689814814814815 0.013541666666666667 0.023148148148148147
1 0.39609375 0.8828703703703704 0.0109375 0.008333333333333333
1 0.36666666666666664 0.44814814814814813 0.011458333333333333 0.018518518518518517
1 0.34036458333333336 0.3486111111111111 0.018229166666666668 0.025
1 0.3072916666666667 0.3958333333333333 0.007291666666666667 0.026851851851851852
1 0.3216145833333333 0.33194444444444443 0.015104166666666667 0.03425925925925926
1 0.3484375 0.21898148148148147 0.010416666666666666 0.01574074074074074
1 0.46979166666666666 0.29768518518518516 0.00625 0.010185185185185186
1 0.50703125 0.5231481481481481 0.011979166666666667 0.005555555555555556
1 0.7791666666666667 0.29768518518518516 0.0125 0.025
1 0.5541666666666667 0.37962962962962965 0.011458333333333333 0.022222222222222223
1 0.7953125 0.37962962962962965 0.03125 0.044444444444444446
1 0.9153645833333334 0.5731481481481482 0.030729166666666665 0.06666666666666667
