2 0.49973958333333335 0.49953703703703706 0.9994791666666667 0.9990740740740741
1 0.36276041666666664 0.5643518518518519 0.028645833333333332 0.05462962962962963
1 0.14244791666666667 0.5958333333333333 0.015104166666666667 0.032407407407407406
1 0.20651041666666667 0.600925925925926 0.011979166666666667 0.027777777777777776
1 0.24401041666666667 0.6583333333333333 0.008854166666666666 0.022222222222222223
1 0.21015625 0.7976851851851852 0.019270833333333334 0.05277777777777778
1 0.303125 0.8865740740740741 0.008333333333333333 0.013888888888888888
1 0.055989583333333336 0.7282407407407407 0.0067708333333333336 0.021296296296296296
1 0.008072916666666667 0.36203703703703705 0.005729166666666666 0.022222222222222223
1 0.053125 0.14583333333333334 0.010416666666666666 0.03981481481481482
1 0.05364583333333333 0.1388888888888889 0.007291666666666667 0.024074074074074074
1 0.22265625 0.26342592592592595 0.008854166666666666 0.025
1 0.2950520833333333 0.2949074074074074 0.008854166666666666 0.03611111111111111
1 0.3375 0.2324074074074074 0.011458333333333333 0.025925925925925925
1 0.35104166666666664 0.3300925925925926 0.015625 0.023148148148148147
1 0.38255208333333335 0.026851851851851852 0.019270833333333334 0.03518518518518519
1 0.5440104166666667 0.11712962962962963 0.030729166666666665 0.058333333333333334
1 0.540625 0.1300925925925926 0.016666666666666666 0.032407407407407406
1 0.56796875 0.2199074074074074 0.009895833333333333 0.032407407407407406
1 0.56484375 0.337037037037037 0.018229166666666668 0.03518518518518519
1 0.7239583333333334 0.38981481481481484 0.019791666666666666 0.03518518518518519
1 0.7510416666666667 0.2587962962962963 0.015625 0.04537037037037037
1 0.7260416666666667 0.7245370370370371 0.0125 0.030555555555555555
1 0.7481770833333333 0.7282407407407407 0.019270833333333334 0.041666666666666664
1 0.6643229166666667 0.6726851851851852 0.005729166666666666 0.019444444444444445
1 0.696875 0.812962962962963 0.005208333333333333 0.014814814814814815
1 0.7536458333333333 0.8 0.009375 0.014814814814814815
1 0.8020833333333334 0.7902777777777777 0.0125 0.017592592592592594
1 0.5223958333333333 0.9592592592592593 0.017708333333333333 0.02962962962962963
1 0.3651041666666667 0.7537037037037037 0.009375 0.025925925925925925
1 0.38177083333333334 0.8314814814814815 0.009375 0.016666666666666666
1 0.40390625 0.7962962962962963 0.0078125 0.022222222222222223
1 0.25442708333333336 0.7291666666666666 0.0109375 0.023148148148148147
1 0.56796875 0.03425925925925926 0.0078125 0.03148148148148148
1 0.83515625 0.1787037037037037 0.013020833333333334 0.02962962962962963
1 0.784375 0.1699074074074074 0.005208333333333333 0.008333333333333333
1 0.6630208333333333 0.2 0.005208333333333333 0.009259259259259259
1 0.6552083333333333 0.2523148148148148 0.005208333333333333 0.008333333333333333
1 0.7270833333333333 0.5652777777777778 0.014583333333333334 0.05092592592592592
1 0.6869791666666667 0.3486111111111111 0.013541666666666667 0.03981481481481482
1 0.6276041666666666 0.11574074074074074 0.00625 0.011111111111111112
