2 0.49973958333333335 0.5375 0.9994791666666667 0.9231481481481482
1 0.027083333333333334 0.4537037037037037 0.011458333333333333 0.03518518518518519
1 0.05572916666666667 0.44814814814814813 0.014583333333333334 0.03888888888888889
1 0.121875 0.836574074074074 0.017708333333333333 0.04351851851851852
1 0.02890625 0.8388888888888889 0.009895833333333333 0.025925925925925925
1 0.027604166666666666 0.8837962962962963 0.005208333333333333 0.025
1 0.7838541666666666 0.6449074074074074 0.015625 0.030555555555555555
1 0.8424479166666666 0.4652777777777778 0.013020833333333334 0.03796296296296296
1 0.9505208333333334 0.2013888888888889 0.009375 0.021296296296296296
1 0.7872395833333333 0.30972222222222223 0.008854166666666666 0.025
1 0.7119791666666667 0.5611111111111111 0.009375 0.020370370370370372
1 0.53671875 0.7342592592592593 0.0234375 0.025925925925925925
1 0.3966145833333333 0.3574074074074074 0.008854166666666666 0.022222222222222223
1 0.8416666666666667 0.3625 0.017708333333333333 0.04537037037037037
