2 0.5 0.5 1.0 1.0
1 0.26314765625 0.8191495370370371 0.022128645833333335 0.04385462962962963
1 0.2848609375 0.8397375 0.009305208333333334 0.018363888888888888
1 0.28176380208333335 0.8041023148148149 0.010402604166666666 0.01931574074074074
1 0.3198666666666667 0.7169444444444444 0.011608333333333333 0.019074074074074077
1 0.14973958333333334 0.7625791666666667 0.0328125 0.04367685185185185
1 0.15923854166666668 0.5730736111111111 0.01326875 0.047999074074074076
1 0.12409296875 0.5368356481481482 0.012769270833333334 0.03848611111111111
1 0.35093671875 0.6307472222222222 0.03520677083333333 0.04853148148148148
1 0.42516588541666667 0.5094560185185185 0.0263734375 0.04483796296296296
1 0.37141119791666666 0.619199074074074 0.0188640625 0.04580555555555556
1 0.4685859375 0.5026041666666666 0.020505208333333334 0.044097222222222225
1 0.5941166666666666 0.3842189814814815 0.014275000000000001 0.02584537037037037
1 0.5614861979166667 0.4645259259259259 0.008389062499999999 0.014237037037037036
1 0.41800234374999995 0.9009421296296297 0.0141296875 0.025958333333333333
1 0.4463036458333333 0.8169777777777778 0.013440625000000001 0.020992592592592594
1 0.4453690104166667 0.922887962962963 0.010529687499999999 0.02170185185185185
1 0.46297734375000005 0.9608796296296296 0.010329687499999999 0.016203703703703703
1 0.86279296875 0.7660194444444445 0.012044270833333334 0.033890740740740735
1 0.8361565104166666 0.6990268518518518 0.009813020833333333 0.027683333333333334
1 0.8330528645833333 0.6241398148148148 0.0150640625 0.040872222222222226
1 0.9164934895833333 0.6514518518518518 0.027778645833333334 0.06771851851851851
1 0.9990062500000001 0.664913425925926 0.002179166666666667 0.033530555555555557
1 0.8935526041666667 0.7974814814814815 0.017313541666666665 0.06718518518518518
1 0.8000322916666666 0.877525462962963 0.015689583333333333 0.047643518518518516
1 0.9821127604166667 0.5481078703703703 0.011100520833333332 0.02584537037037037
1 0.7821955729166666 0.4948467592592592 0.020641145833333333 0.05080462962962963
1 0.65073515625 0.6247087962962964 0.024386979166666666 0.049417592592592596
1 0.8048143229166667 0.28236157407407403 0.022128645833333335 0.04250092592592593
1 0.7947591145833334 0.32687361111111113 0.006184895833333333 0.022265740740740742
1 0.8111416666666666 0.32032314814814816 0.014991666666666665 0.027683333333333334
1 0.9213734375 0.34675138888888885 0.009413541666666667 0.019428703703703705
1 0.8109299479166666 0.2273060185185185 0.04581822916666667 0.0823898148148148
1 0.8549065104166667 0.23944166666666664 0.009813020833333333 0.021475925925925926
1 0.6275513020833333 0.2964115740740741 0.0165609375 0.029860185185185188
1 0.60699765625 0.20495555555555556 0.0077453125000000005 0.019170370370370372
1 0.67261015625 0.24428472222222222 0.009803645833333334 0.027458333333333335
1 0.8002229166666667 0.16084537037037036 0.008779166666666668 0.01243148148148148
1 0.8894192708333333 0.24911018518518518 0.027796875 0.04451666666666667
1 0.8363390625 0.3226439814814815 0.012261458333333334 0.03047314814814815
1 0.9113268229166667 0.29675 0.007028645833333333 0.017574074074074075
1 0.9273890625 0.29436851851851853 0.011028125 0.020218518518518518
1 0.9203533854166667 0.46246898148148147 0.014665104166666667 0.02123425925925926
1 0.9699971354166668 0.10184074074074075 0.018119270833333333 0.09812592592592592
1 0.7183458333333334 0.02809537037037037 0.012733333333333334 0.019153703703703704
1 0.6740515625000001 0.005422685185185185 0.010603125 0.01084537037037037
1 0.5058684895833333 0.014733333333333334 0.012778645833333333 0.023911111111111112
1 0.48701536458333333 0.24841759259259258 0.014655729166666666 0.01905740740740741
1 0.44270911458333334 0.14566851851851853 0.008334895833333333 0.02652222222222222
1 0.4308510416666667 0.4212328703703704 0.021077083333333337 0.053576851851851855
1 0.15528802083333335 0.3943717592592592 0.018909375 0.03133611111111111
1 0.09199869791666666 0.22278657407407407 0.0162890625 0.05298055555555556
1 0.05151119791666667 0.11096851851851852 0.030105729166666664 0.036751851851851855
1 0.702984375 0.06955833333333333 0.014302083333333333 0.03356111111111111
