2 0.49973958333333335 0.5328703703703703 0.9994791666666667 0.9324074074074075
1 0.425 0.5953703703703703 0.023958333333333335 0.037037037037037035
1 0.30442708333333335 0.874537037037037 0.0265625 0.03981481481481482
1 0.2734375 0.925 0.010416666666666666 0.020370370370370372
1 0.46875 0.4986111111111111 0.04375 0.041666666666666664
1 0.05963541666666667 0.4597222222222222 0.0109375 0.03611111111111111
1 0.396875 0.9726851851851852 0.011458333333333333 0.028703703703703703
1 0.5947916666666667 0.7810185185185186 0.010416666666666666 0.017592592592592594
1 0.5763020833333333 0.5847222222222223 0.009895833333333333 0.026851851851851852
1 0.19479166666666667 0.4462962962962963 0.0125 0.016666666666666666
1 0.42630208333333336 0.44027777777777777 0.030729166666666665 0.05277777777777778
1 0.8309895833333333 0.924074074074074 0.009895833333333333 0.016666666666666666
1 0.6354166666666666 0.2023148148148148 0.015625 0.01574074074074074
1 0.5125 0.7680555555555556 0.017708333333333333 0.041666666666666664
