2 0.49973958333333335 0.5365740740740741 0.9994791666666667 0.925
1 0.2916666666666667 0.5851851851851851 0.013541666666666667 0.025925925925925925
1 0.50859375 0.5962962962962963 0.011979166666666667 0.024074074074074074
1 0.5604166666666667 0.5532407407407407 0.013541666666666667 0.05092592592592592
1 0.6142651041666666 0.38328194444444447 0.03998854166666667 0.07952685185185185
1 0.37447916666666664 0.4583333333333333 0.016666666666666666 0.06296296296296296
1 0.4674479166666667 0.24583333333333332 0.0109375 0.049074074074074076
1 0.5723958333333333 0.6458333333333334 0.027083333333333334 0.05648148148148148
1 0.5934895833333333 0.6527777777777778 0.013020833333333334 0.044444444444444446
1 0.6640625 0.36527777777777776 0.020833333333333332 0.019444444444444445
1 0.68671875 0.34444444444444444 0.0140625 0.037037037037037035
1 0.41744791666666664 0.4060185185185185 0.013020833333333334 0.028703703703703703
1 0.49635416666666665 0.36157407407407405 0.017708333333333333 0.028703703703703703
1 0.055989583333333336 0.8837962962962963 0.0140625 0.019444444444444445
1 0.69140625 0.875 0.011979166666666667 0.02962962962962963
1 0.9259838541666666 0.4324074074074074 0.010301041666666667 0.024074074074074074
1 0.6747395833333333 0.43703703703703706 0.0140625 0.03148148148148148
1 0.73125 0.16898148148148148 0.010416666666666666 0.032407407407407406
1 0.5518229166666667 0.66785 0.015104166666666667 0.02644074074074074
1 0.6065104166666667 0.5481481481481482 0.0140625 0.03148148148148148
1 0.6208333333333333 0.9398148148148148 0.011458333333333333 0.02962962962962963
1 0.7440104166666667 0.9361111111111111 0.011979166666666667 0.020370370370370372
1 0.6796875 0.9421296296296297 0.010416666666666666 0.01574074074074074
