2 0.06877473958333334 0.832438425925926 0.015674479166666665 0.02413611111111111
2 0.49730286458333334 0.44886435185185186 0.9946057291666667 0.8977287037037037
2 0.08483723958333332 0.8352393518518518 0.011341145833333333 0.02418240740740741
1 0.6453731770833334 0.4073319444444444 0.03762135416666667 0.06281203703703704
1 0.7578372395833333 0.4566773148148148 0.015674479166666665 0.02631759259259259
1 0.66526875 0.6446726851851852 0.0242875 0.050456481481481484
1 0.629615625 0.8721416666666667 0.011314583333333333 0.02020925925925926
1 0.7245736979166666 0.707462962962963 0.005397395833333333 0.024185185185185185
1 0.7458169270833334 0.6360546296296296 0.0155921875 0.029516666666666667
1 0.7335518229166667 0.6237074074074075 0.009811979166666667 0.027044444444444444
1 0.7488838541666667 0.5985046296296296 0.007142708333333333 0.011824074074074074
1 0.6873210937500001 0.40941527777777775 0.0152671875 0.022534259259259257
1 0.6971401041666667 0.5273805555555556 0.038030208333333336 0.019575925925925924
1 0.7081489583333334 0.5248810185185185 0.012131250000000001 0.016428703703703702
1 0.8305619791666667 0.2932944444444444 0.005915625 0.010662962962962963
1 0.68586953125 0.043098611111111115 0.014447395833333333 0.028789814814814813
1 0.6775921875 0.20057916666666667 0.033309375 0.07338055555555556
1 0.6683421875000001 0.37537453703703705 0.013767708333333333 0.0229712962962963
1 0.5800981770833334 0.2550375 0.010196354166666668 0.028593518518518518
1 0.42542734375 0.4033587962962963 0.018563020833333332 0.036347222222222225
1 0.26870859374999995 0.1390824074074074 0.030125520833333332 0.017053703703703703
1 0.20209192708333334 0.3673046296296297 0.0218921875 0.02535
1 0.04709244791666667 0.2716962962962963 0.005643229166666667 0.013762962962962963
1 0.12956614583333334 0.35922638888888886 0.009132291666666665 0.029563888888888886
1 0.23347109375 0.4735 0.009650520833333334 0.013666666666666667
1 0.9810166666666666 0.6182097222222223 0.015158333333333333 0.014197222222222222
