2 0.5 0.5 1.0 1.0
1 0.967040625 0.31749629629629633 0.006997916666666667 0.025733333333333334
1 0.9588971354166667 0.7299578703703704 0.009460937499999999 0.022878703703703703
1 0.93785390625 0.7820296296296296 0.01737447916666667 0.054799999999999995
1 0.92852421875 0.7149787037037038 0.0101734375 0.016994444444444444
1 0.8513552083333333 0.7186259259259259 0.016252083333333334 0.02614074074074074
1 0.8400104166666666 0.6326393518518518 0.021687500000000002 0.04861203703703704
1 0.8359184895833334 0.9522138888888889 0.015586979166666666 0.013687037037037037
1 0.5527950520833333 0.9074037037037037 0.021215104166666665 0.04814074074074074
1 0.6751752604166666 0.34519351851851854 0.015975520833333333 0.034831481481481484
1 0.6657643229166667 0.8230999999999999 0.009653645833333334 0.012866666666666667
1 0.5056958333333333 0.29105324074074074 0.012433333333333333 0.03581018518518518
1 0.42393723958333335 0.29875879629629626 0.011416145833333334 0.03825833333333334
1 0.38579765625 0.1902976851851852 0.020553645833333335 0.02874351851851852
1 0.3250869791666667 0.39553055555555555 0.016840625 0.04661666666666666
1 0.3612192708333334 0.6174643518518518 0.007855208333333334 0.025669444444444443
1 0.31412213541666667 0.8883976851851852 0.006369270833333333 0.023091666666666667
1 0.37758098958333336 0.7954481481481481 0.014536979166666667 0.03163703703703703
1 0.33179895833333334 0.7787083333333333 0.01568125 0.03334259259259259
1 0.28820234375000003 0.754511111111111 0.024321354166666666 0.020133333333333333
1 0.5539135416666666 0.770025 0.00886875 0.01782777777777778
1 0.1557515625 0.38847453703703705 0.011503125 0.03991203703703704
1 0.29813932291666667 0.9115111111111112 0.0160703125 0.024874074074074076
1 0.12953958333333335 0.5244351851851852 0.012204166666666665 0.030351851851851852
1 0.12433307291666666 0.622875462962963 0.03616614583333333 0.05871388888888889
1 0.22080078125 0.5010023148148148 0.0072265625 0.016819444444444442
1 0.183934375 0.8205189814814814 0.01474375 0.037334259259259255
1 0.13895807291666668 0.8602805555555555 0.0258328125 0.0520425925925926
1 0.11180338541666666 0.8542337962962963 0.011106770833333333 0.03254166666666667
1 0.08988359375 0.9057986111111112 0.012058854166666666 0.02085648148148148
1 0.09132291666666667 0.756625462962963 0.008687499999999999 0.022510185185185185
1 0.1776434895833333 0.5125185185185185 0.012578645833333334 0.01948148148148148
1 0.46407473958333334 0.9802027777777776 0.009399479166666667 0.01596111111111111
1 0.16682630208333335 0.9773254629629631 0.0034442708333333335 0.017613888888888887
1 0.6065398437499999 0.4920435185185186 0.005788020833333333 0.01742037037037037
