2 0.49647578125 0.5240611111111111 0.9929515625 0.9518259259259259
1 0.7574200520833333 0.21234212962962962 0.009631770833333332 0.02468425925925926
1 0.8142875 0.1286087962962963 0.0192 0.016476851851851854
1 0.8065671875 0.43805046296296296 0.02980104166666667 0.050175
1 0.7491994791666666 0.40080046296296296 0.008815624999999999 0.031230555555555557
1 0.8938906249999999 0.8665912037037037 0.05757291666666667 0.11281203703703704
1 0.6676997395833334 0.8809898148148149 0.022899479166666667 0.05086851851851852
1 0.69678671875 0.7516587962962963 0.0185734375 0.05146574074074074
1 0.7793700520833333 0.6941819444444445 0.013948437499999999 0.01799351851851852
1 0.5759380208333333 0.19424166666666667 0.015417708333333334 0.03663148148148148
1 0.4288489583333333 0.4702060185185185 0.020197916666666666 0.058930555555555555
1 0.16455859374999998 0.46274444444444446 0.03328385416666667 0.08845185185185185
1 0.33300703125000003 0.3724560185185185 0.0285140625 0.052319444444444446
1 0.3762627604166667 0.38955231481481484 0.0129421875 0.01799351851851852
1 0.4901919270833333 0.5176731481481481 0.0168421875 0.05201296296296296
1 0.270490625 0.5609152777777778 0.00973125 0.034793518518518515
1 0.3909606770833333 0.6113736111111111 0.007963020833333332 0.03385833333333333
1 0.26284270833333334 0.7661347222222222 0.019435416666666667 0.037825
1 0.31361666666666665 0.7411162037037037 0.011608333333333333 0.021121296296296298
1 0.357959375 0.7731217592592593 0.018002083333333332 0.035132407407407404
1 0.35789739583333335 0.7114231481481481 0.012669791666666668 0.022846296296296295
1 0.45162760416666664 0.7368865740740741 0.010546875 0.042291666666666665
1 0.47791822916666665 0.7770856481481482 0.010003125 0.013430555555555557
1 0.4179583333333333 0.7637851851851852 0.008833333333333334 0.02757037037037037
1 0.43613255208333335 0.9568662037037038 0.014973437499999999 0.022991666666666667
1 0.47861171874999997 0.9271638888888889 0.0103484375 0.022846296296296295
1 0.21868645833333333 0.9959226851851852 0.01133125 0.008512037037037037
1 0.3743171875 0.6059657407407407 0.009051041666666667 0.01193148148148148
1 0.9792471354166667 0.8088226851851852 0.005369270833333333 0.010237962962962963
