2 0.5 0.520887037037037 1.0 0.9584407407407407
1 0.21532708333333334 0.6031574074074074 0.016070833333333333 0.03038888888888889
1 0.29324531249999997 0.7966194444444444 0.028157291666666664 0.03397962962962963
1 0.14737265624999998 0.7986907407407408 0.0072453125 0.0159
1 0.13648046875 0.7458476851851852 0.009419270833333333 0.025028703703703702
1 0.1049609375 0.6069902777777777 0.007838541666666667 0.03620277777777777
1 0.3296364583333334 0.6464152777777779 0.013439583333333333 0.031719444444444446
1 0.6551252604166666 0.6244902777777778 0.016500520833333334 0.03231388888888889
1 0.8656424479166667 0.9833078703703705 0.009409895833333333 0.018467592592592594
1 0.7902575520833334 0.527837962962963 0.014890104166666666 0.05752777777777778
1 0.6692960937500001 0.3861569444444445 0.025050520833333333 0.03527685185185185
1 0.6836111979166667 0.43704166666666666 0.009930729166666668 0.048157407407407406
1 0.491734375 0.32546157407407406 0.007427083333333333 0.017589814814814815
1 0.7523705729166666 0.3657472222222222 0.006824479166666666 0.020383333333333333
1 0.78403671875 0.3736337962962963 0.007656770833333334 0.021341666666666665
1 0.5478479166666667 0.10742962962962962 0.008195833333333334 0.02411851851851852
1 0.45072552083333334 0.3816574074074074 0.016034375 0.02627777777777778
1 0.623796875 0.8721796296296296 0.015302083333333332 0.0313962962962963
