2 0.5 0.5016098090277779 1.0 0.9962751736111112
2 0.86930908203125 0.021691840277777777 0.0140087890625 0.020814236111111113
1 0.252905517578125 0.6480989583333333 0.01264697265625 0.03404513888888889
1 0.174230712890625 0.4709040798611111 0.01545361328125 0.019933159722222222
1 0.33782666015625 0.5653654513888889 0.0194033203125 0.03350868055555555
1 0.291583740234375 0.4921779513888889 0.01187841796875 0.020814236111111113
1 0.44635107421875 0.6051818576388889 0.0186787109375 0.05932204861111111
1 0.446122314453125 0.5982135416666667 0.01822119140625 0.026288194444444444
1 0.434915771484375 0.8008046875 0.03389404296875 0.058206597222222226
1 0.29425048828125 0.9637686631944445 0.0191650390625 0.04038454861111111
1 0.3247109375 0.9496302083333332 0.01075 0.02773263888888889
1 0.65052734375 0.9511427951388889 0.00515625 0.0151328125
1 0.60843994140625 0.6480329861111112 0.0293798828125 0.039121527777777776
1 0.974626708984375 0.5443676215277777 0.00882373046875 0.04012413194444445
1 0.931499267578125 0.4971627604166666 0.00752978515625 0.015158854166666668
1 0.9403291015625 0.5176974826388889 0.006634765625 0.028450520833333333
1 0.914677490234375 0.43608680555555557 0.00904248046875 0.035368055555555555
1 0.81938916015625 0.42863411458333334 0.0079189453125 0.015254340277777778
1 0.7043486328125 0.13110807291666665 0.015142578125 0.017424479166666666
1 0.4250576171875 0.36563541666666666 0.004412109375 0.026409722222222223
1 0.435448974609375 0.40476345486111115 0.01542919921875 0.03522135416666667
1 0.38497265625 0.5380655381944445 0.005296875 0.008422743055555555
1 0.423221923828125 0.5290091145833333 0.03492041015625 0.03024045138888889
1 0.85579248046875 0.7229114583333334 0.0299443359375 0.03436458333333334
1 0.853725830078125 0.6546267361111111 0.00627978515625 0.015850694444444445
