2 0.4774643229166667 0.416775 0.9549286458333334 0.83355
1 0.49563307291666664 0.7618592592592592 0.016266145833333336 0.038533333333333336
1 0.29785234374999997 0.27516851851851853 0.021746354166666666 0.029966666666666666
1 0.24902239583333333 0.26982638888888894 0.0074197916666666665 0.02113425925925926
1 0.3695973958333333 0.3574162037037037 0.007944791666666666 0.016684259259259256
1 0.18582708333333334 0.07711666666666667 0.004987500000000001 0.009788888888888889
1 0.525165625 0.12427407407407408 0.013872916666666667 0.02262222222222222
1 0.04917916666666667 0.7294856481481482 0.008775 0.023786111111111112
1 0.6068723958333333 0.6443425925925926 0.0064531250000000005 0.010907407407407407
1 0.036792708333333334 0.0932537037037037 0.009002083333333332 0.023544444444444444
1 0.11382109374999999 0.3800972222222222 0.022433854166666666 0.05834259259259259
1 0.3567419270833333 0.029357870370370368 0.008275520833333333 0.017975
1 0.3640565104166667 0.06448703703703704 0.008321354166666666 0.014159259259259259
1 0.3493122395833333 0.0594574074074074 0.0038328125 0.011507407407407409
