2 0.49973958333333335 0.5365740740740741 0.9994791666666667 0.925
1 0.45286458333333335 0.3736111111111111 0.019270833333333334 0.026851851851851852
1 0.43515625 0.33564814814814814 0.013020833333333334 0.032407407407407406
1 0.6546875 0.3736111111111111 0.017708333333333333 0.032407407407407406
1 0.5924479166666666 0.23657407407407408 0.0234375 0.05462962962962963
1 0.4817708333333333 0.5074074074074074 0.01875 0.046296296296296294
1 0.5770833333333333 0.47453703703703703 0.027083333333333334 0.030555555555555555
1 0.465625 0.2523148148148148 0.026041666666666668 0.04351851851851852
1 0.40390625 0.12407407407407407 0.0171875 0.03148148148148148
1 0.5953125 0.7157407407407408 0.014583333333333334 0.046296296296296294
1 0.6807291666666667 0.6555555555555556 0.0125 0.046296296296296294
1 0.51640625 0.9277777777777778 0.016145833333333335 0.024074074074074074
1 0.5372395833333333 0.8518518518518519 0.019270833333333334 0.03518518518518519
1 0.23541666666666666 0.5953703703703703 0.010416666666666666 0.027777777777777776
1 0.2752604166666667 0.7962962962962963 0.03177083333333333 0.05555555555555555
1 0.7596354166666667 0.29259259259259257 0.016145833333333335 0.027777777777777776
1 0.6940104166666666 0.36944444444444446 0.013020833333333334 0.025925925925925925
1 0.5994791666666667 0.2898148148148148 0.015625 0.014814814814814815
1 0.6317708333333333 0.3263888888888889 0.0125 0.028703703703703703
1 0.62578125 0.6662037037037037 0.021354166666666667 0.03611111111111111
1 0.6651041666666667 0.9074074074074074 0.011458333333333333 0.037037037037037035
1 0.5885416666666666 0.6162037037037037 0.022916666666666665 0.032407407407407406
1 0.478125 0.21296296296296297 0.022916666666666665 0.03888888888888889
1 0.5174479166666667 0.6263888888888889 0.0328125 0.03611111111111111
1 0.5325520833333334 0.5402777777777777 0.008854166666666666 0.023148148148148147
1 0.46875 0.6361111111111111 0.014583333333333334 0.040740740740740744
1 0.10911458333333333 0.513425925925926 0.027604166666666666 0.03981481481481482
1 0.5622395833333333 0.7898148148148149 0.0234375 0.05
1 0.56875 0.7018518518518518 0.051041666666666666 0.06481481481481481
1 0.49166666666666664 0.9328703703703703 0.022916666666666665 0.013888888888888888
1 0.565625 0.8550925925925926 0.010416666666666666 0.023148148148148147
1 0.090625 0.19675925925925927 0.0125 0.019444444444444445
