2 0.5 0.5353027777777777 1.0 0.9298648148148149
1 0.01528515625 0.2609402777777778 0.0086953125 0.020028703703703705
1 0.017199218750000002 0.3829333333333333 0.004190104166666667 0.012162962962962962
1 0.01325078125 0.5827981481481481 0.011918229166666666 0.03967037037037037
1 0.061908333333333336 0.6868837962962964 0.006108333333333333 0.031174999999999998
1 0.3615096354166667 0.6802310185185185 0.028227604166666666 0.0660175925925926
1 0.44858046875 0.5898847222222222 0.030494270833333333 0.03717685185185186
1 0.44236015625 0.6536101851851852 0.020136979166666666 0.05722037037037037
1 0.36014765625 0.5923152777777778 0.014045312499999999 0.04018611111111112
1 0.3869302083333333 0.6018324074074074 0.01656875 0.025887037037037035
1 0.40257630208333334 0.6781638888888889 0.011402604166666667 0.030401851851851854
1 0.3857041666666667 0.6633939814814815 0.0068249999999999995 0.021232407407407408
1 0.41930364583333335 0.9583689814814816 0.0073572916666666665 0.0074787037037037036
1 0.5434598958333333 0.7878189814814816 0.019211458333333334 0.029341666666666665
1 0.5081049479166667 0.8160893518518518 0.0141265625 0.024771296296296295
1 0.6032716145833333 0.7677462962962963 0.018001562500000002 0.041048148148148146
1 0.5328403645833333 0.9361606481481481 0.008389062499999999 0.014913888888888888
1 0.5958817708333334 0.8932740740740741 0.03655520833333334 0.05691851851851852
1 0.58099375 0.8753981481481481 0.014070833333333333 0.02487037037037037
1 0.6240888020833334 0.8331175925925927 0.010677604166666667 0.014383333333333335
1 0.69007109375 0.8235402777777777 0.012433854166666668 0.01745092592592593
1 0.6679002604166667 0.7953041666666667 0.013925520833333333 0.022089814814814816
1 0.65244296875 0.7116675925925926 0.03509427083333334 0.04000185185185185
1 0.7523161458333334 0.6576370370370371 0.037965625 0.0449037037037037
1 0.7097846354166666 0.8486171296296295 0.006027604166666667 0.012049074074074073
1 0.7460119791666667 0.7745263888888889 0.014940625 0.028682407407407406
1 0.7333231770833333 0.5342666666666667 0.010396354166666667 0.035199999999999995
1 0.7260796875000001 0.4781912037037037 0.006326041666666667 0.010086111111111112
1 0.72317109375 0.5675847222222222 0.007800520833333334 0.014799074074074074
1 0.7082067708333334 0.3346365740740741 0.009121875 0.017421296296296296
1 0.69904765625 0.2861796296296296 0.011636979166666667 0.02421111111111111
1 0.8847809895833334 0.1294300925925926 0.010186979166666667 0.027378703703703704
1 0.9838351562500001 0.7768435185185185 0.0239203125 0.09442777777777778
1 0.6071591145833334 0.4715944444444444 0.011193229166666667 0.017262962962962963
1 0.48409322916666664 0.11301944444444445 0.019228125 0.02974259259259259
1 0.44557838541666667 0.11581851851851852 0.025531770833333335 0.042748148148148146
1 0.4229130208333334 0.12465648148148148 0.015617708333333334 0.02709074074074074
1 0.39285989583333336 0.17866157407407407 0.013844791666666667 0.02028611111111111
1 0.4376583333333333 0.16831157407407407 0.010733333333333334 0.02736388888888889
1 0.46319453125 0.22321064814814814 0.0076390625 0.016791666666666667
1 0.475171875 0.2578476851851852 0.00971875 0.019399074074074076
1 0.5175901041666667 0.23254444444444444 0.020596875 0.042866666666666664
1 0.48622734375000004 0.21210462962962964 0.008913020833333334 0.011246296296296298
1 0.4750380208333333 0.20635555555555557 0.006326041666666667 0.01085925925925926
1 0.4314596354166667 0.311699537037037 0.016044270833333332 0.02895462962962963
1 0.44540260416666666 0.31097731481481483 0.010596875 0.02565833333333333
1 0.4561294270833333 0.3472263888888889 0.015383854166666665 0.024082407407407407
1 0.4380671875 0.32232129629629624 0.006342708333333334 0.016864814814814815
1 0.42826484375 0.27972546296296297 0.0096546875 0.018710185185185187
1 0.36240104166666665 0.18451342592592593 0.02271875 0.03939722222222222
1 0.30173177083333336 0.2451523148148148 0.015963541666666668 0.04586018518518519
1 0.2385828125 0.2546699074074074 0.007373958333333333 0.016747222222222222
1 0.251915625 0.32287916666666666 0.03299791666666667 0.08835092592592593
1 0.36161015625000004 0.35612453703703706 0.016970312499999998 0.054841666666666664
1 0.342971875 0.4858828703703704 0.02656875 0.049543518518518515
1 0.3910692708333333 0.38583935185185186 0.011305208333333334 0.04204907407407407
1 0.16948489583333334 0.9881574074074074 0.0077197916666666665 0.013351851851851853
1 0.8313645833333333 0.6397606481481481 0.006479166666666666 0.011002777777777776
1 0.73828046875 0.8370398148148148 0.006769270833333333 0.011116666666666667
1 0.4406205729166667 0.23430092592592594 0.0166578125 0.029712962962962965
1 0.4378901041666667 0.21287592592592594 0.017446874999999997 0.029455555555555558
1 0.406809375 0.2447314814814815 0.01361875 0.035759259259259255
1 0.44973359375000005 0.13697824074074075 0.016133854166666666 0.02210462962962963
