2 0.5213541666666667 0.5976851851851852 0.95625 0.8027777777777778
1 0.9325520833333333 0.3851851851851852 0.015104166666666667 0.025925925925925925
1 0.9677083333333333 0.41064814814814815 0.007291666666666667 0.032407407407407406
1 0.8971354166666666 0.5236111111111111 0.0078125 0.023148148148148147
1 0.42864583333333334 0.611574074074074 0.010416666666666666 0.025
1 0.4661458333333333 0.6819444444444445 0.015625 0.019444444444444445
1 0.3734375 0.8893518518518518 0.00625 0.010185185185185186
1 0.7763020833333333 0.5106481481481482 0.008854166666666666 0.019444444444444445
1 0.6666666666666666 0.9467592592592593 0.009375 0.012037037037037037
1 0.9122395833333333 0.6189814814814815 0.008854166666666666 0.021296296296296296
1 0.7 0.7916666666666666 0.005208333333333333 0.011111111111111112
1 0.60703125 0.46435185185185185 0.0109375 0.019444444444444445
1 0.5377604166666666 0.38564814814814813 0.0046875 0.012037037037037037
1 0.62421875 0.3861111111111111 0.0046875 0.005555555555555556
1 0.7244791666666667 0.5194444444444445 0.003125 0.007407407407407408
1 0.503125 0.475462962962963 0.004166666666666667 0.013888888888888888
1 0.5119791666666667 0.7555555555555555 0.005208333333333333 0.009259259259259259
1 0.9481770833333333 0.48842592592592593 0.0046875 0.03425925925925926
1 0.07109375 0.42314814814814816 0.0109375 0.007407407407407408
