2 0.5 0.5198824074074073 1.0 0.9601351851851851
1 0.8043638020833334 0.23138472222222223 0.025394270833333333 0.038695370370370366
1 0.8633843750000001 0.268762962962963 0.016352083333333333 0.04308148148148148
1 0.8843270833333333 0.31975092592592597 0.010320833333333333 0.02653888888888889
1 0.9921479166666667 0.3943476851851852 0.009295833333333333 0.02573240740740741
1 0.9692760416666667 0.5330537037037036 0.00834375 0.04203333333333333
1 0.8944565104166667 0.8362782407407408 0.014954687500000001 0.035519444444444444
1 0.5637669270833333 0.7056587962962962 0.03378385416666666 0.06316944444444444
1 0.5754341145833333 0.5940949074074073 0.020659895833333334 0.13633796296296297
1 0.55968125 0.6464606481481482 0.026654166666666666 0.02995833333333333
1 0.4633078125 0.7684231481481482 0.017240625 0.040549999999999996
1 0.4479239583333333 0.8314824074074074 0.01876458333333333 0.040742592592592594
1 0.9656846354166666 0.6224791666666667 0.015744270833333334 0.050513888888888886
1 0.9256013020833334 0.683425462962963 0.0126609375 0.01870277777777778
1 0.93215703125 0.6491824074074074 0.016397395833333335 0.03169814814814815
1 0.59875625 0.44668009259259256 0.0100125 0.021137962962962963
1 0.46219166666666667 0.3675949074074074 0.013966666666666665 0.029634259259259263
1 0.48372916666666665 0.35553240740740744 0.03204166666666667 0.04069444444444445
1 0.44853046874999997 0.30714675925925927 0.04810260416666667 0.11058981481481481
1 0.5075080729166667 0.23600740740740742 0.0348078125 0.04053333333333334
1 0.5178934895833334 0.31104583333333335 0.013911979166666666 0.036906481481481485
1 0.6572697916666667 0.12002731481481482 0.03016458333333333 0.04375833333333334
1 0.7389997395833333 0.1562652777777778 0.0082078125 0.02734537037037037
1 0.7574671875 0.2980402777777778 0.012851041666666667 0.046080555555555555
1 0.17427708333333333 0.09364074074074075 0.017304166666666666 0.028022222222222223
1 0.39489817708333336 0.40250925925925923 0.017921354166666667 0.03464814814814815
1 0.40941067708333334 0.34878611111111113 0.013613020833333333 0.029053703703703703
1 0.15917578125 0.5095944444444445 0.014184895833333332 0.0340037037037037
1 0.1332859375 0.766011574074074 0.025946874999999998 0.033875
1 0.27990546875 0.808963425925926 0.022310937500000003 0.04200092592592592
1 0.45673203125 0.9889439814814815 0.0103390625 0.011221296296296297
1 0.15805364583333334 0.860999537037037 0.008815624999999999 0.02755462962962963
1 0.23782135416666667 0.8827347222222223 0.006892708333333333 0.021025000000000002
1 0.23743333333333333 0.8406990740740741 0.016533333333333334 0.02399074074074074
1 0.09715130208333332 0.7940504629629629 0.0213859375 0.07884166666666667
1 0.5137651041666667 0.6873435185185185 0.009821875 0.02653888888888889
1 0.5217369791666667 0.7593662037037037 0.011182291666666667 0.01688055555555556
1 0.09378229166666667 0.676774537037037 0.008397916666666666 0.018363888888888888
1 0.8591729166666667 0.9325560185185184 0.0100125 0.01881574074074074
1 0.8214221354166666 0.9059263888888889 0.014719270833333332 0.02666759259259259
1 0.8326135416666667 0.9768046296296297 0.015227083333333334 0.027683333333333334
1 0.7747700520833334 0.6961421296296296 0.008915104166666667 0.023765740740740744
1 0.8330119791666667 0.786487962962963 0.007690625 0.022975925925925927
1 0.60985625 0.9936597222222221 0.009295833333333333 0.013245370370370371
1 0.5877234375 0.9822875 0.009821875 0.014575
1 0.9615776041666667 0.7060092592592593 0.009613541666666666 0.017574074074074075
1 0.8521403645833333 0.36423657407407406 0.011572395833333334 0.015510185185185186
1 0.9211151041666666 0.2536138888888889 0.008896875 0.023894444444444444
1 0.5522364583333333 0.10209953703703703 0.01280625 0.02271759259259259
1 0.5148377604166667 0.0648662037037037 0.0307171875 0.04269537037037037
1 0.5118651041666666 0.3540240740740741 0.013313541666666668 0.022862962962962963
1 0.9304046874999999 0.5163842592592593 0.024351041666666667 0.03832407407407407
1 0.2361674479166667 0.11519398148148148 0.012959895833333334 0.026684259259259258
1 0.5332619791666667 0.21935601851851852 0.01652395833333333 0.025749074074074074
