2 0.5 0.5147037037037037 1.0 0.9701481481481481
1 0.0630109375 0.2918800925925926 0.013521875 0.043019444444444443
1 0.18788854166666666 0.12487777777777777 0.03827708333333334 0.06271851851851852
1 0.20882317708333334 0.373937037037037 0.012438020833333334 0.025651851851851853
1 0.15699192708333334 0.374362037037037 0.0098171875 0.009835185185185185
1 0.27665989583333334 0.33599305555555553 0.008528125 0.016430555555555556
1 0.20112135416666668 0.26049999999999995 0.007451041666666667 0.008037037037037037
1 0.39678593749999996 0.7434638888888889 0.023780208333333334 0.02026111111111111
1 0.1007703125 0.31902407407407407 0.005707291666666667 0.01952962962962963
1 0.05626901041666667 0.11004675925925926 0.008371354166666668 0.02935277777777778
1 0.3753942708333333 0.114175 0.029955208333333334 0.08390555555555555
1 0.8302036458333333 0.5021300925925927 0.015615625 0.04129722222222222
1 0.7807192708333334 0.6071708333333333 0.013521875 0.03286018518518518
1 0.7829276041666666 0.57025 0.010646875 0.02383333333333333
1 0.8205877604166666 0.6881342592592592 0.0109671875 0.020712962962962964
1 0.9069580729166666 0.5974837962962963 0.011832812500000001 0.02459722222222222
1 0.8156416666666666 0.6156722222222223 0.005241666666666667 0.012825925925925926
1 0.8323244791666667 0.5923282407407408 0.011523958333333334 0.017989814814814813
1 0.8053239583333334 0.5499462962962963 0.008564583333333332 0.01655925925925926
1 0.8527091145833333 0.35369814814814815 0.0137515625 0.018507407407407406
1 0.8909848958333334 0.9177884259259259 0.06009479166666667 0.16520648148148148
1 0.8413765625 0.9948569444444445 0.007753125 0.01008425925925926
1 0.8604497395833334 0.9736055555555555 0.010482812499999999 0.017581481481481483
1 0.6786143229166667 0.9944259259259259 0.010353645833333334 0.011074074074074075
1 0.5646854166666666 0.8776828703703704 0.023120833333333334 0.046106481481481484
1 0.7781677083333334 0.986950462962963 0.009460416666666667 0.01834537037037037
1 0.31035729166666665 0.8507134259259259 0.01550625 0.027352777777777778
1 0.3979213541666667 0.8531782407407408 0.014592708333333334 0.011912037037037037
1 0.28297812499999997 0.9496111111111111 0.012831249999999999 0.021444444444444443
1 0.3791716145833333 0.9831236111111111 0.0135515625 0.018099074074074073
1 0.25044921875 0.5197555555555555 0.007148437499999999 0.020992592592592594
1 0.3661760416666667 0.5840620370370371 0.009435416666666667 0.029235185185185187
1 0.32812161458333333 0.9171555555555556 0.0114515625 0.021348148148148147
1 0.34272421875 0.8346050925925926 0.0073234375 0.01365462962962963
1 0.6622841145833332 0.9102986111111111 0.0141515625 0.033560185185185186
1 0.45763776041666665 0.9016055555555555 0.017358854166666667 0.01247037037037037
1 0.9458213541666667 0.43396574074074074 0.108309375 0.10682037037037037
