2 0.49973958333333335 0.5291666666666667 0.9994791666666667 0.9398148148148148
1 0.48359375 0.41944444444444445 0.013020833333333334 0.046296296296296294
1 0.6333333333333333 0.26805555555555555 0.011458333333333333 0.017592592592592594
1 0.35104166666666664 0.6393518518518518 0.016666666666666666 0.026851851851851852
1 0.7328125 0.7675925925925926 0.014583333333333334 0.024074074074074074
1 0.94296875 0.42777777777777776 0.008854166666666666 0.018518518518518517
1 0.49140625 0.27870370370370373 0.013020833333333334 0.03148148148148148
1 0.8770833333333333 0.9712962962962963 0.011458333333333333 0.03333333333333333
1 0.43307291666666664 0.6657407407407407 0.011979166666666667 0.016666666666666666
1 0.47890625 0.9314814814814815 0.0067708333333333336 0.009259259259259259
1 0.10442708333333334 0.5680555555555555 0.0046875 0.008333333333333333
1 0.03046875 0.8189814814814815 0.0046875 0.006481481481481481
1 0.26588541666666665 0.2412037037037037 0.005729166666666666 0.013888888888888888
1 0.80390625 0.4587962962962963 0.0046875 0.013888888888888888
1 0.9153645833333334 0.6208333333333333 0.0067708333333333336 0.01574074074074074
1 0.49635416666666665 0.749537037037037 0.007291666666666667 0.004629629629629629
