2 0.49973958333333335 0.5370370370370371 0.9994791666666667 0.924074074074074
2 0.8986979166666667 0.14027777777777778 0.034895833333333334 0.025
1 0.08958333333333333 0.7939814814814815 0.019791666666666666 0.03425925925925926
1 0.6515625 0.9037037037037037 0.01875 0.027777777777777776
1 0.61796875 0.9643518518518519 0.0296875 0.028703703703703703
1 0.40859375 0.6388888888888888 0.011979166666666667 0.022222222222222223
1 0.61484375 0.38935185185185184 0.0203125 0.062037037037037036
1 0.7963541666666667 0.1439814814814815 0.016666666666666666 0.03425925925925926
1 0.7033854166666667 0.5995370370370371 0.0140625 0.03611111111111111
1 0.8846354166666667 0.5486111111111112 0.0078125 0.01574074074074074
1 0.9166666666666666 0.8824074074074074 0.005208333333333333 0.009259259259259259
1 0.9911458333333333 0.9416666666666667 0.008333333333333333 0.018518518518518517
1 0.5294270833333333 0.6532407407407408 0.0036458333333333334 0.006481481481481481
1 0.5098958333333333 0.7305555555555555 0.005208333333333333 0.003703703703703704
1 0.5739583333333333 0.7300925925925926 0.004166666666666667 0.006481481481481481
