2 0.5 0.519075 1.0 0.9622240740740741
1 0.01951067708333333 0.8812777777777777 0.014021354166666666 0.03477777777777778
1 0.24321432291666667 0.4256009259259259 0.0124703125 0.021572222222222222
1 0.23678098958333335 0.3124055555555556 0.008978645833333333 0.02295925925925926
1 0.3266640625 0.29798240740740745 0.010619791666666666 0.044112962962962965
1 0.12157239583333333 0.2662509259259259 0.008769791666666667 0.017687037037037036
1 0.33067421874999997 0.17110046296296297 0.013431770833333334 0.021830555555555558
1 0.6871671875 0.3877717592592593 0.010792708333333335 0.01628425925925926
1 0.7495322916666667 0.35117453703703705 0.012606250000000001 0.03753425925925926
1 0.8435710937500001 0.763437962962963 0.02568385416666667 0.03798703703703704
1 0.9076653645833334 0.7193050925925927 0.011164062499999999 0.02194351851851852
1 0.42512083333333334 0.9420263888888889 0.012741666666666667 0.04701574074074074
