2 0.5 0.5 1.0 1.0
1 0.21290208333333333 0.8774217592592592 0.0153875 0.021510185185185188
1 0.15610234375 0.4329763888888889 0.011163020833333334 0.021508333333333334
1 0.23748411458333332 0.2718583333333333 0.019759895833333332 0.04371666666666667
1 0.49292083333333336 0.4139393518518519 0.013966666666666665 0.04639722222222222
1 0.46558671875 0.19034861111111112 0.0186734375 0.047363888888888886
1 0.6237494791666667 0.29181111111111113 0.017290625 0.041029629629629624
1 0.6008299479166667 0.4524444444444444 0.023534895833333333 0.02525925925925926
1 0.5075549479166667 0.6070842592592592 0.02344322916666667 0.03824259259259259
1 0.44693984375 0.7470462962962963 0.027213020833333334 0.04409259259259259
1 0.344975 0.6971986111111111 0.013908333333333333 0.027730555555555557
1 0.20430755208333334 0.7401722222222222 0.0075734375 0.013677777777777778
1 0.10840364583333333 0.28757777777777777 0.012640624999999999 0.025155555555555556
1 0.27172994791666666 0.07538842592592593 0.026793229166666665 0.03040648148148148
1 0.6470877604166667 0.2967828703703704 0.016050520833333335 0.02504722222222222
1 0.6275111979166667 0.3552648148148148 0.008147395833333333 0.023492592592592593
1 0.9423229166666667 0.44059444444444446 0.022145833333333333 0.03304074074074074
1 0.8553940104166667 0.1423050925925926 0.007663020833333333 0.016091666666666667
1 0.8297671875 0.05864861111111111 0.007451041666666667 0.019149074074074075
1 0.31400572916666664 0.2618402777777778 0.011344791666666666 0.025532407407407406
1 0.23719348958333333 0.18750740740740743 0.009803645833333334 0.034274074074074075
1 0.09204947916666667 0.22889675925925929 0.005973958333333334 0.020756481481481483
1 0.44723802083333336 0.42023796296296295 0.018434375 0.031216666666666667
1 0.3292966145833333 0.5566708333333333 0.016926562500000002 0.031860185185185186
1 0.34924401041666664 0.4906263888888889 0.0245296875 0.018289814814814814
1 0.3755447916666667 0.4613699074074074 0.01671458333333333 0.02644351851851852
1 0.5016927083333333 0.8909657407407408 0.01484375 0.00970925925925926
1 0.5266161458333333 0.9058199074074074 0.020940625 0.043121296296296296
1 0.7754713541666667 0.4081111111111111 0.010317708333333333 0.018074074074074072
