2 0.5 0.46345925925925924 1.0 0.9269185185185185
2 0.11536692708333333 0.6628287037037037 0.056775520833333336 0.03676851851851852
2 0.03394166666666667 0.7328263888888888 0.06788333333333334 0.06565277777777778
1 0.5543585937500001 0.6530726851851851 0.022258854166666668 0.0394787037037037
1 0.54233828125 0.6475273148148148 0.009676562500000001 0.019128703703703703
1 0.6016010416666667 0.5465745370370371 0.01049375 0.020926851851851853
1 0.6085242187500001 0.46891944444444444 0.0295484375 0.01932037037037037
1 0.6875945312499999 0.5557416666666667 0.008522395833333333 0.020742592592592594
1 0.33506796875 0.4464842592592592 0.027427604166666668 0.06519074074074074
1 0.4510229166666667 0.4941967592592592 0.016629166666666667 0.032837962962962965
1 0.32089427083333333 0.7567722222222222 0.015746875 0.026507407407407407
1 0.05474166666666667 0.5958106481481481 0.0074 0.011991666666666668
1 0.06616562499999999 0.12547314814814814 0.008372916666666667 0.01576111111111111
1 0.22681796875 0.04654490740740741 0.021344270833333335 0.04864537037037037
1 0.11180052083333333 0.3348412037037037 0.004851041666666667 0.010423148148148148
1 0.06885364583333334 0.2916050925925926 0.005415624999999999 0.010987962962962963
1 0.06339270833333334 0.4130259259259259 0.008035416666666666 0.018644444444444443
1 0.04937578125 0.38142175925925925 0.0081265625 0.03136203703703704
1 0.023367708333333334 0.08096018518518518 0.009235416666666666 0.03043888888888889
