2 0.50985625 0.4810379629629629 0.9801291666666666 0.9620759259259258
1 0.4661783854166667 0.014275 0.03131510416666667 0.024846296296296297
1 0.4431140625 0.06433611111111112 0.019561458333333333 0.01756111111111111
1 0.5243526041666666 0.04164444444444444 0.008080208333333333 0.020325925925925928
1 0.50180859375 0.16324768518518518 0.017158854166666668 0.020939814814814814
1 0.44525234375 0.2664462962962963 0.029046354166666667 0.03289259259259259
1 0.3681994791666667 0.2417902777777778 0.008273958333333333 0.01876574074074074
1 0.29890520833333334 0.2373476851851852 0.014477083333333333 0.04136203703703704
1 0.3260552083333333 0.29070694444444445 0.026068749999999998 0.0388212962962963
1 0.21310989583333334 0.6043407407407407 0.006428125000000001 0.012385185185185185
1 0.2823325520833333 0.7651731481481481 0.014665104166666667 0.02479074074074074
1 0.31693671875 0.8083458333333333 0.017206770833333333 0.03150648148148148
1 0.25726875 0.8562523148148149 0.015579166666666667 0.029171296296296296
1 0.47515625 0.7246106481481482 0.013854166666666667 0.02329537037037037
1 0.5663059895833332 0.6197912037037037 0.030528645833333333 0.06365648148148148
1 0.5637651041666667 0.5412842592592593 0.02128020833333333 0.07330925925925927
1 0.5160888020833333 0.6219958333333333 0.008219270833333334 0.01991759259259259
1 0.8601880208333333 0.4187560185185185 0.015167708333333333 0.01714166666666667
1 0.8715736979166666 0.6245777777777778 0.015022395833333334 0.025081481481481482
1 0.6354510416666667 0.6117319444444443 0.00631875 0.012352777777777777
1 0.27922031249999996 0.8237805555555555 0.030315625000000002 0.09941296296296297
