2 0.52408359375 0.4215226851851852 0.9523338541666667 0.8430453703703704
1 0.43499010416666667 0.44222824074074074 0.010605208333333333 0.01964166666666667
1 0.8647963541666667 0.43713240740740744 0.01709270833333333 0.04833888888888889
1 0.9978536458333332 0.51415 0.004040625 0.022744444444444446
1 0.8588861979166666 0.45918888888888887 0.008397395833333333 0.012822222222222223
1 0.6927924479166666 0.3441967592592593 0.012668229166666666 0.025430555555555557
1 0.4597692708333333 0.03345462962962963 0.009121875 0.015057407407407408
1 0.5764966145833333 0.021531481481481478 0.013409895833333333 0.015285185185185185
1 0.05568541666666667 0.4587842592592593 0.007204166666666667 0.015716666666666667
1 0.07210755208333335 0.47247407407407405 0.0056734375000000005 0.013466666666666667
1 0.34137135416666664 0.7083675925925926 0.025451041666666667 0.035253703703703704
1 0.36984973958333334 0.09873194444444444 0.021991145833333333 0.03450092592592593
