2 0.49973958333333335 0.5370370370370371 0.9994791666666667 0.924074074074074
1 0.13411458333333334 0.5879629629629629 0.011979166666666667 0.02962962962962963
1 0.1921875 0.34120370370370373 0.01875 0.04722222222222222
1 0.18697916666666667 0.4393518518518518 0.013541666666666667 0.03425925925925926
1 0.1734375 0.9412037037037037 0.015625 0.012037037037037037
1 0.49765625 0.3490740740740741 0.011979166666666667 0.024074074074074074
1 0.36223958333333334 0.13564814814814816 0.0203125 0.028703703703703703
1 0.4041666666666667 0.09444444444444444 0.022916666666666665 0.03888888888888889
1 0.32057291666666665 0.14212962962962963 0.008854166666666666 0.021296296296296296
1 0.5127604166666667 0.4101851851851852 0.0067708333333333336 0.025925925925925925
1 0.7229166666666667 0.37037037037037035 0.011458333333333333 0.027777777777777776
1 0.7234375 0.7912037037037037 0.021875 0.028703703703703703
1 0.7596354166666667 0.725925925925926 0.016145833333333335 0.03333333333333333
1 0.8044270833333333 0.7976851851851852 0.0171875 0.025
1 0.7669270833333334 0.7018518518518518 0.009895833333333333 0.018518518518518517
1 0.8692708333333333 0.41574074074074074 0.008333333333333333 0.03148148148148148
1 0.8997395833333334 0.4546296296296296 0.013020833333333334 0.03148148148148148
1 0.49895833333333334 0.2675925925925926 0.008333333333333333 0.018518518518518517
1 0.31927083333333334 0.937962962962963 0.013541666666666667 0.04814814814814815
1 0.65078125 0.8444444444444444 0.008854166666666666 0.016666666666666666
1 0.7708333333333334 0.31527777777777777 0.009375 0.017592592592592594
