2 0.5 0.5180458333333333 1.0 0.9638694444444444
1 0.6157458333333333 0.6468833333333334 0.020033333333333334 0.06043333333333333
1 0.6353466145833334 0.5559810185185186 0.024859895833333333 0.03233240740740741
1 0.7750119791666666 0.09516944444444445 0.010440625 0.019968518518518517
1 0.9428955729166667 0.17582777777777778 0.0212078125 0.02758148148148148
1 0.3860513020833333 0.3414472222222222 0.03251927083333333 0.06252407407407407
1 0.39401223958333337 0.26971342592592595 0.014066145833333333 0.026463888888888887
1 0.41520625 0.34597361111111113 0.007495833333333333 0.019725
1 0.13685286458333332 0.43142268518518523 0.020580729166666666 0.048030555555555556
1 0.12043411458333333 0.7292995370370371 0.010659895833333332 0.04008055555555556
