2 0.5 0.4592314814814815 1.0 0.918462962962963
1 0.9884835937500001 0.13307546296296296 0.0113421875 0.016150925925925926
1 0.8608708333333334 0.43464907407407405 0.010283333333333334 0.028557407407407406
1 0.8839932291666667 0.059031481481481476 0.010694791666666667 0.023618518518518518
1 0.5701177083333333 0.24802083333333336 0.023568750000000003 0.04604166666666667
1 0.33080078125 0.12790555555555555 0.023059895833333333 0.024329629629629628
1 0.030378125 0.12021805555555555 0.009714583333333334 0.021917592592592593
1 0.19657369791666665 0.5273055555555556 0.015022395833333334 0.030537037037037033
1 0.34893697916666666 0.24341666666666664 0.010373958333333332 0.016462962962962964
1 0.14205625 0.2200074074074074 0.004945833333333333 0.04371851851851852
1 0.47942109375 0.6655217592592593 0.019258854166666665 0.029191666666666668
1 0.8522729166666667 0.510512962962963 0.004545833333333333 0.019174074074074073
1 0.7919158854166667 0.41897685185185185 0.0067484375 0.01573148148148148
