2 0.5 0.5224384259259259 1.0 0.9559879629629631
2 0.06710208333333334 0.264774537037037 0.031079166666666665 0.03140092592592592
1 0.15379010416666666 0.4966023148148148 0.016955208333333336 0.04135277777777778
1 0.0616578125 0.47908101851851853 0.007690625 0.013717592592592592
1 0.10472890625 0.6111305555555555 0.011541145833333332 0.03152037037037037
1 0.05717395833333334 0.7713768518518519 0.008097916666666666 0.01867962962962963
1 0.10584713541666665 0.6917129629629629 0.007527604166666666 0.027870370370370372
1 0.13625052083333333 0.8704050925925926 0.008959375 0.02599537037037037
1 0.084471875 0.9852861111111111 0.014777083333333333 0.029831481481481483
1 0.41518828125 0.9504199074074074 0.026209895833333333 0.023062037037037037
1 0.9926075520833333 0.8117328703703705 0.007090104166666666 0.021613888888888887
1 0.8893377604166666 0.8233782407407407 0.01617552083333333 0.065275
1 0.7775981770833333 0.6587800925925925 0.012488020833333334 0.03793055555555556
1 0.76627890625 0.7006597222222222 0.013807812499999999 0.02724537037037037
1 0.83924921875 0.5749851851851853 0.013915104166666666 0.022192592592592594
1 0.9415145833333334 0.6376513888888888 0.011154166666666666 0.027154629629629633
1 0.8190140625000001 0.3529731481481482 0.021361458333333336 0.03187222222222222
1 0.87029140625 0.23886296296296294 0.010374479166666667 0.027725925925925925
1 0.6597484375 0.11329907407407408 0.019496875 0.02845
1 0.6602708333333334 0.39134027777777775 0.018458333333333334 0.04564351851851852
1 0.6552708333333332 0.4797833333333334 0.029291666666666667 0.054011111111111114
1 0.81986015625 0.8846833333333333 0.010553645833333335 0.03418148148148148
1 0.7459322916666667 0.6583912037037037 0.010614583333333334 0.01863425925925926
1 0.49568124999999996 0.750549074074074 0.009070833333333334 0.014061111111111111
1 0.36120989583333335 0.6297287037037037 0.004711458333333333 0.0076055555555555555
1 0.430015625 0.6539819444444445 0.00690625 0.009815740740740741
1 0.40656302083333334 0.7143004629629629 0.006876041666666667 0.008230555555555555
1 0.37169713541666666 0.4006148148148148 0.021519270833333333 0.06604444444444445
1 0.3330083333333333 0.3352819444444445 0.032683333333333335 0.052045370370370374
1 0.353378125 0.2705120370370371 0.0077979166666666665 0.020653703703703705
1 0.36945520833333334 0.13345601851851852 0.009743749999999999 0.03172685185185185
1 0.43917838541666665 0.16594675925925925 0.0033567708333333336 0.005967592592592593
