2 0.5 0.5 1.0 1.0
2 0.9835401041666666 0.21924907407407407 0.03270520833333333 0.014424074074074074
1 0.26183125 0.3784074074074074 0.0142875 0.03088888888888889
1 0.08476979166666668 0.4076666666666666 0.00808125 0.033851851851851855
1 0.09283359375 0.48510462962962964 0.012750520833333334 0.03317222222222222
1 0.46062161458333334 0.3238898148148148 0.0170765625 0.023705555555555556
1 0.506284375 0.3425787037037037 0.022985416666666664 0.031453703703703706
1 0.38879401041666667 0.19646944444444445 0.0161296875 0.02442037037037037
1 0.5864197916666666 0.4883675925925926 0.021797916666666663 0.03043888888888889
1 0.5360953125000001 0.7179833333333333 0.012815625 0.03781851851851852
1 0.5375291666666667 0.7624476851851851 0.018808333333333333 0.030450925925925926
1 0.4504971354166667 0.737724537037037 0.012452604166666666 0.02174537037037037
1 0.7526289062499999 0.6989407407407408 0.012549479166666665 0.02751111111111111
1 0.6160390625000001 0.8931722222222221 0.045619791666666666 0.07523333333333333
1 0.6177515625000001 0.9687449074074074 0.011544791666666667 0.02082314814814815
1 0.5484049479166667 0.9359921296296296 0.005143229166666667 0.01087314814814815
1 0.6671765625 0.8550222222222222 0.012478125 0.024859259259259258
1 0.8465328125 0.3805060185185185 0.008690625 0.02582685185185185
1 0.7441770833333333 0.2647393518518518 0.008145833333333333 0.01836759259259259
