2 0.5 0.5 1.0 1.0
1 0.7910638020833333 0.8720208333333334 0.014419270833333333 0.029226851851851855
1 0.6568729166666666 0.6637166666666666 0.007495833333333333 0.018174074074074075
1 0.6082520833333334 0.6517527777777778 0.014420833333333332 0.018320370370370372
1 0.5624807291666667 0.7454310185185186 0.016628125 0.02234351851851852
1 0.5221768229166667 0.9166620370370371 0.019353645833333332 0.03702777777777778
1 0.6428596354166667 0.9881287037037038 0.024260937500000003 0.024405555555555555
1 0.9190197916666667 0.4794953703703704 0.006789583333333333 0.021953703703703704
1 0.47123098958333337 0.057794907407407406 0.014336979166666668 0.035960185185185185
1 0.35681666666666667 0.05511944444444444 0.028216666666666668 0.025053703703703703
1 0.3121606770833333 0.6154921296296296 0.0139046875 0.045799074074074075
1 0.2991080729166667 0.7221055555555556 0.0148828125 0.042359259259259256
1 0.283153125 0.8195462962962963 0.01005625 0.0427962962962963
1 0.24379713541666667 0.8783842592592592 0.017802604166666666 0.027138888888888886
1 0.28088645833333337 0.9522722222222222 0.032606249999999996 0.023062962962962966
1 0.18959713541666667 0.6965694444444444 0.0458609375 0.12091666666666667
1 0.009482291666666667 0.7444537037037037 0.018964583333333333 0.06853703703703704
1 0.14134791666666666 0.5806060185185185 0.016029166666666667 0.026026851851851853
1 0.12755416666666666 0.4869685185185186 0.017608333333333333 0.05171481481481481
1 0.12907552083333332 0.4007587962962963 0.008151041666666668 0.016332407407407407
1 0.1113265625 0.3217009259259259 0.008069791666666666 0.021179629629629628
1 0.94489921875 0.8049657407407408 0.010631770833333333 0.02845
1 0.8567966145833333 0.7535842592592592 0.010468229166666667 0.02568703703703704
