2 0.5 0.49137083333333337 1.0 0.9827416666666667
1 0.25474739583333333 0.8899865740740741 0.010536458333333333 0.026269444444444442
1 0.3942770833333333 0.9187458333333334 0.015637500000000002 0.033787962962962964
1 0.3145838541666667 0.8514148148148148 0.025001041666666668 0.021348148148148147
1 0.21563984375 0.8289148148148148 0.007321354166666667 0.02079259259259259
1 0.16693098958333333 0.6412462962962964 0.016153645833333334 0.028788888888888888
1 0.19227083333333334 0.6874486111111111 0.006416666666666667 0.01563796296296296
1 0.17292473958333332 0.4808328703703703 0.008349479166666667 0.01166574074074074
1 0.19894322916666668 0.5069439814814815 0.012469791666666667 0.026850925925925924
1 0.14830703125 0.49090972222222223 0.017447395833333334 0.03922685185185185
1 0.178334375 0.40261620370370366 0.011877083333333333 0.01819537037037037
1 0.10868828125 0.30927824074074073 0.012168229166666666 0.02966759259259259
1 0.09950494791666667 0.1208625 0.01775989583333333 0.03987314814814815
1 0.06727161458333333 0.10345 0.0147515625 0.032825925925925925
1 0.020877604166666668 0.11804305555555557 0.008421875 0.028678703703703703
1 0.22988645833333335 0.4210449074074074 0.005606249999999999 0.012460185185185185
1 0.01449375 0.7872703703703703 0.009195833333333332 0.02083703703703704
1 0.6575145833333333 0.809550462962963 0.030654166666666666 0.007989814814814814
1 0.5406010416666667 0.815174537037037 0.006202083333333333 0.05812685185185185
1 0.5583096354166667 0.8775930555555556 0.013494270833333332 0.029260185185185184
1 0.7525403645833334 0.8023796296296297 0.006122395833333334 0.05290740740740741
1 0.69498671875 0.660425462962963 0.008723437499999999 0.015295370370370369
1 0.52745625 0.5422374999999999 0.012204166666666665 0.017808333333333332
1 0.5352192708333334 0.4979875 0.007938541666666667 0.02560462962962963
1 0.7591286458333334 0.4857949074074074 0.028673958333333336 0.03640462962962963
1 0.6921916666666666 0.44041574074074075 0.011466666666666665 0.019720370370370367
1 0.7936658854166667 0.5071537037037037 0.009206770833333332 0.014307407407407408
1 0.7056453125 0.3326685185185185 0.026915625 0.0857074074074074
1 0.6567802083333334 0.32569166666666666 0.017727083333333334 0.03286481481481481
1 0.6161567708333333 0.26823009259259256 0.010438541666666667 0.016089814814814814
1 0.6087296875 0.22405833333333333 0.008084375 0.012931481481481481
1 0.5041213541666667 0.14744675925925926 0.007201041666666667 0.009708333333333333
1 0.513709375 0.1306 0.011793749999999999 0.016755555555555555
1 0.5286901041666667 0.11136574074074075 0.008421875 0.011620370370370371
1 0.46566041666666663 0.059606018518518517 0.015695833333333332 0.015508333333333332
1 0.6086153645833333 0.1599712962962963 0.012022395833333333 0.01623888888888889
1 0.70303203125 0.11135231481481482 0.016480729166666666 0.04122314814814815
1 0.7117768229166667 0.219175 0.0120953125 0.00872037037037037
1 0.8618406249999999 0.004281944444444445 0.009097916666666667 0.00856388888888889
1 0.9115419270833333 0.21126944444444443 0.0314171875 0.05587222222222222
1 0.9690848958333333 0.28432453703703703 0.009003125 0.02605648148148148
