2 0.5 0.49499351851851847 1.0 0.9899870370370369
1 0.38895729166666665 0.4971027777777778 0.022706249999999997 0.05346481481481481
1 0.6396830729166666 0.48532685185185187 0.0210328125 0.031764814814814815
1 0.48692578125 0.6555768518518519 0.009268229166666668 0.022264814814814814
1 0.09865052083333332 0.41154953703703706 0.007717708333333333 0.024950925925925925
1 0.4278356770833333 0.17520833333333333 0.0202546875 0.03930555555555556
1 0.38759739583333336 0.2640078703703703 0.013736458333333333 0.022460185185185187
1 0.4174263020833333 0.33445555555555556 0.012977604166666667 0.024466666666666668
1 0.01973932291666667 0.5062319444444444 0.010311979166666667 0.04579722222222222
1 0.016498958333333334 0.5490685185185186 0.005914583333333333 0.024062962962962963
1 0.0407796875 0.5060430555555555 0.012809375000000001 0.03245648148148148
1 0.04613489583333333 0.2347675925925926 0.005811458333333333 0.030646296296296296
1 0.061120052083333334 0.7994787037037037 0.006615104166666667 0.03043888888888889
1 0.01669296875 0.710663888888889 0.0083859375 0.02503148148148148
1 0.05309921875 0.07503518518518518 0.013490104166666666 0.014885185185185185
1 0.2623606770833333 0.24991388888888888 0.013263020833333333 0.014642592592592592
1 0.29047291666666664 0.12095092592592593 0.008029166666666667 0.014124074074074074
1 0.3850161458333333 0.20657083333333331 0.008573958333333333 0.01684537037037037
1 0.4061088541666667 0.2889657407407408 0.009092708333333333 0.011264814814814814
1 0.9662744791666668 0.2868412037037037 0.021090624999999998 0.09034907407407407
1 0.9651200520833334 0.23976898148148146 0.005240104166666666 0.023982407407407407
1 0.9398723958333334 0.06906898148148148 0.008911458333333334 0.02702685185185185
1 0.917728125 0.11296805555555556 0.008372916666666667 0.018528703703703703
1 0.44887630208333335 0.9559537037037038 0.0123359375 0.02487037037037037
1 0.783984375 0.7611162037037037 0.00859375 0.018528703703703703
1 0.6605981770833333 0.841949074074074 0.005571354166666666 0.009824074074074074
1 0.7927645833333333 0.3535773148148148 0.006362499999999999 0.014562037037037037
1 0.30587421875 0.4706208333333334 0.007581770833333334 0.02642685185185185
