2 0.5 0.5 1.0 1.0
1 0.8555088541666667 0.11077592592592593 0.013101041666666667 0.05118148148148149
1 0.5121940104166667 0.13992685185185186 0.017096354166666668 0.03540925925925926
1 0.52189453125 0.10502407407407408 0.013580729166666666 0.026714814814814816
1 0.4831377604166667 0.10137592592592592 0.04440052083333333 0.15830740740740742
1 0.45768411458333336 0.05765648148148148 0.0143265625 0.030127777777777774
1 0.47761614583333334 0.24797592592592593 0.012523958333333333 0.014470370370370371
1 0.41985859375 0.20342916666666666 0.036592187500000005 0.06796944444444444
1 0.4359049479166667 0.20582685185185184 0.023893229166666665 0.03387592592592593
1 0.37850468750000005 0.24883564814814815 0.014301041666666665 0.02174537037037037
1 0.35294140625000003 0.1720361111111111 0.019424479166666668 0.045924074074074075
1 0.3528153645833333 0.3544597222222222 0.008755729166666667 0.01632685185185185
1 0.3376221354166667 0.6051657407407407 0.017952604166666667 0.03440555555555556
1 0.362665625 0.5361634259259259 0.008664583333333333 0.014919444444444444
1 0.381325 0.6868597222222222 0.008483333333333334 0.02001574074074074
1 0.3962395833333333 0.6572740740740741 0.012270833333333333 0.018251851851851852
1 0.3510171875 0.7845986111111111 0.028076041666666666 0.06178981481481482
1 0.35841328125 0.7643953703703704 0.012659895833333332 0.028790740740740742
1 0.4128145833333334 0.8038768518518519 0.014170833333333332 0.02442037037037037
1 0.38213098958333336 0.8717449074074074 0.014261979166666666 0.028675000000000003
1 0.39780234374999995 0.8429958333333334 0.0070630208333333335 0.010065740740740741
1 0.16022890625 0.8293925925925926 0.0079578125 0.05137777777777778
1 0.1927703125 0.711761574074074 0.008457291666666667 0.029078703703703704
1 0.15342760416666668 0.7035421296296297 0.012063541666666667 0.03301018518518519
1 0.033424739583333335 0.44631157407407407 0.0220578125 0.06484537037037037
1 0.07613932291666667 0.5845587962962963 0.008528645833333333 0.033932407407407404
1 0.037786718749999997 0.7299291666666666 0.015156770833333333 0.033932407407407404
1 0.009941927083333333 0.7587578703703703 0.016758854166666667 0.023071296296296298
1 0.05859765625 0.9005666666666666 0.009903645833333334 0.021503703703703705
1 0.04565286458333333 0.8183185185185186 0.0058890625 0.01071111111111111
1 0.10313385416666666 0.6556958333333334 0.007309375000000001 0.011391666666666668
