2 0.49973958333333335 0.538425925925926 0.9994791666666667 0.9231481481481482
1 0.28454869791666665 0.1412037037037037 0.039930729166666665 0.062037037037037036
1 0.7411458333333333 0.3744046296296296 0.01875 0.03029074074074074
1 0.42630208333333336 0.5143518518518518 0.013020833333333334 0.032407407407407406
1 0.5841145833333333 0.9120370370370371 0.0140625 0.05185185185185185
1 0.37421875 0.6972222222222222 0.018229166666666668 0.022222222222222223
1 0.5609375 0.7462962962962963 0.0125 0.025925925925925925
1 0.83125 0.8541666666666666 0.023958333333333335 0.06388888888888888
1 0.17057291666666666 0.9851851851851852 0.0171875 0.027777777777777776
1 0.18723958333333332 0.7263888888888889 0.0078125 0.04722222222222222
1 0.058854166666666666 0.8587962962962963 0.00625 0.01574074074074074
1 0.07317708333333334 0.8462962962962963 0.008854166666666666 0.018518518518518517
1 0.19895833333333332 0.6268518518518519 0.010416666666666666 0.018518518518518517
1 0.025520833333333333 0.24074074074074073 0.007291666666666667 0.012962962962962963
1 0.31927083333333334 0.3365740740740741 0.008333333333333333 0.017592592592592594
1 0.6440104166666667 0.16342592592592592 0.0109375 0.017592592592592594
1 0.9763020833333333 0.45185185185185184 0.009895833333333333 0.05740740740740741
1 0.94921875 0.6458333333333334 0.009895833333333333 0.025
1 0.8364583333333333 0.8023148148148148 0.014583333333333334 0.028703703703703703
1 0.68828125 0.8333333333333334 0.009895833333333333 0.014814814814814815
1 0.4828125 0.9208333333333333 0.009375 0.017592592592592594
