2 0.49973958333333335 0.5370370370370371 0.9994791666666667 0.924074074074074
1 0.1640625 0.31157407407407406 0.011458333333333333 0.032407407407407406
1 0.27890625 0.12777777777777777 0.024479166666666666 0.046296296296296294
1 0.08776041666666666 0.2800925925925926 0.011979166666666667 0.021296296296296296
1 0.21614583333333334 0.8967592592592593 0.028125 0.041666666666666664
1 0.3697916666666667 0.9263888888888889 0.010416666666666666 0.03981481481481482
1 0.5934895833333333 0.8425925925925926 0.0265625 0.037037037037037035
1 0.5880208333333333 0.8060185185185185 0.023958333333333335 0.03981481481481482
1 0.5872395833333334 0.9768518518518519 0.0921875 0.044444444444444446
1 0.6328125 0.8837962962962963 0.023958333333333335 0.025
1 0.6619791666666667 0.9143518518518519 0.034375 0.049074074074074076
1 0.6653645833333334 0.9203703703703704 0.0265625 0.03888888888888889
1 0.5885416666666666 0.6865740740740741 0.014583333333333334 0.028703703703703703
1 0.044270833333333336 0.837037037037037 0.011458333333333333 0.03333333333333333
1 0.8734375 0.5625 0.009375 0.028703703703703703
1 0.7979166666666667 0.5518518518518518 0.020833333333333332 0.04814814814814815
1 0.47239583333333335 0.29259259259259257 0.011458333333333333 0.022222222222222223
1 0.19296875 0.22870370370370371 0.0078125 0.018518518518518517
1 0.7098958333333333 0.9810185185185185 0.015625 0.03611111111111111
1 0.6354166666666666 0.9782407407407407 0.020833333333333332 0.032407407407407406
1 0.68125 0.8930555555555556 0.015625 0.025
1 0.72578125 0.9138888888888889 0.0109375 0.018518518518518517
1 0.55234375 0.7282407407407407 0.0390625 0.06388888888888888
1 0.8372395833333334 0.7587962962962963 0.009895833333333333 0.025
1 0.7361979166666667 0.7226851851851852 0.0078125 0.03425925925925926
1 0.9302083333333333 0.41388888888888886 0.010416666666666666 0.011111111111111112
1 0.709375 0.5291666666666667 0.007291666666666667 0.019444444444444445
1 0.6421875 0.5407407407407407 0.008333333333333333 0.011111111111111112
1 0.4830729166666667 0.2 0.03697916666666667 0.07407407407407407
1 0.3953125 0.6888888888888889 0.0125 0.014814814814814815
1 0.0109375 0.8152777777777778 0.009375 0.026851851851851852
1 0.36354166666666665 0.8833333333333333 0.0125 0.016666666666666666
1 0.31744791666666666 0.6194444444444445 0.009895833333333333 0.014814814814814815
