1 0.5 0.4601050925925926 1.0 0.9202101851851852
2 0.5 0.4606925925925926 1.0 0.9213851851851852
1 0.9799791666666666 0.6559342592592593 0.005791666666666666 0.02297962962962963
1 0.7990453125 0.6793592592592592 0.01579895833333333 0.047607407407407404
1 0.88265546875 0.38587546296296293 0.017394270833333333 0.014343518518518518
1 0.8391078125 0.5204333333333333 0.0052989583333333335 0.009385185185185184
1 0.83167890625 0.5457699074074074 0.012316145833333332 0.021169444444444446
1 0.9295463541666666 0.19137916666666668 0.009092708333333333 0.014239814814814815
1 0.90426640625 0.20767546296296296 0.007491145833333333 0.01720277777777778
1 0.89309296875 0.02689722222222222 0.013269270833333334 0.027868518518518518
1 0.55671875 0.4762884259259259 0.01864583333333333 0.052576851851851854
1 0.6031744791666667 0.7520412037037038 0.043848958333333334 0.0855638888888889
1 0.46788880208333333 0.6911805555555556 0.0128609375 0.021249999999999998
1 0.49136380208333336 0.7541555555555556 0.017102604166666667 0.036088888888888886
1 0.32210651041666666 0.7937884259259259 0.025463020833333336 0.028317592592592592
1 0.524771875 0.3326717592592593 0.012043749999999999 0.019047222222222222
1 0.3855296875 0.2841106481481481 0.029392708333333333 0.029332407407407408
1 0.7852953125000001 0.17431064814814817 0.017465625 0.033806481481481486
1 0.48383828125 0.14601203703703705 0.0083015625 0.012394444444444444
1 0.2974895833333333 0.2543416666666667 0.010604166666666666 0.02349814814814815
1 0.32418046875 0.4603865740740741 0.009819270833333334 0.018921296296296294
1 0.3060713541666667 0.3860689814814815 0.004851041666666667 0.022137962962962963
1 0.1982729166666667 0.47454537037037037 0.011129166666666666 0.03797962962962963
1 0.30679557291666665 0.5600884259259259 0.012549479166666665 0.02943611111111111
1 0.21462161458333334 0.19090555555555555 0.0157015625 0.03181111111111111
1 0.17378854166666666 0.18726666666666666 0.01736875 0.028237037037037036
1 0.21971875000000002 0.10576944444444444 0.009229166666666667 0.015242592592592592
1 0.21975026041666668 0.10443842592592592 0.01658385416666667 0.02739537037037037
1 0.21966041666666666 0.27849305555555554 0.009112499999999999 0.016245370370370372
1 0.032453125 0.1420912037037037 0.04511458333333333 0.14714537037037037
1 0.23669010416666666 0.3562430555555556 0.015046875 0.03100462962962963
