2 0.5208333333333334 0.5805555555555556 0.9572916666666667 0.837037037037037
1 0.5171875 0.23935185185185184 0.016666666666666666 0.03981481481481482
1 0.6901041666666666 0.7550925925925925 0.021875 0.028703703703703703
1 0.7388020833333333 0.7680555555555556 0.0078125 0.021296296296296296
1 0.6229166666666667 0.6620370370370371 0.007291666666666667 0.016666666666666666
1 0.7924479166666667 0.9703703703703703 0.0046875 0.009259259259259259
1 0.45651041666666664 0.8703703703703703 0.0140625 0.022222222222222223
1 0.9606770833333333 0.3416666666666667 0.008854166666666666 0.024074074074074074
1 0.4005208333333333 0.3398148148148148 0.00625 0.011111111111111112
1 0.9411458333333333 0.9773148148148149 0.009375 0.023148148148148147
1 0.878125 0.6791666666666667 0.020833333333333332 0.06018518518518518
1 0.6200520833333333 0.9907407407407407 0.008854166666666666 0.016666666666666666
1 0.6143229166666667 0.9550925925925926 0.008854166666666666 0.013888888888888888
1 0.6286458333333333 0.9625 0.004166666666666667 0.012037037037037037
