2 0.49873932291666667 0.5486435185185186 0.9974786458333333 0.9028425925925926
1 0.66084453125 0.3712814814814815 0.03523072916666667 0.06663703703703704
1 0.7093705729166667 0.31480879629629627 0.008324479166666668 0.012950925925925926
1 0.66733828125 0.6771467592592593 0.0065515625 0.020960185185185186
1 0.508546875 0.8665615740740741 0.021260416666666667 0.03867870370370371
1 0.4033828125 0.833925925925926 0.020307291666666668 0.03266666666666667
1 0.27552916666666666 0.5751569444444444 0.011475 0.02253611111111111
1 0.07709843749999999 0.2771060185185185 0.016696875 0.033841666666666666
1 0.5367278645833333 0.8382893518518518 0.021372395833333332 0.03954166666666666
1 0.06359557291666666 0.8829601851851852 0.010524479166666666 0.021475925925925926
1 0.12682526041666667 0.4252513888888889 0.0078171875 0.028280555555555555
1 0.393975 0.24722222222222223 0.01295 0.014814814814814815
1 0.6132044270833333 0.7779699074074073 0.0222421875 0.0077916666666666655
