2 0.5 0.4798074074074074 1.0 0.9596148148148148
1 0.18488359375 0.7796189814814816 0.0135171875 0.033312037037037036
1 0.3148734375 0.929851388888889 0.026621875 0.04673981481481482
1 0.11152291666666667 0.8319013888888889 0.0115875 0.023062037037037037
1 0.18455104166666667 0.1876625 0.02639375 0.040139814814814816
1 0.3339296875 0.11481527777777778 0.012651041666666666 0.038889814814814815
1 0.5625794270833333 0.13646250000000001 0.0241171875 0.034036111111111114
1 0.5603507812499999 0.17335462962962964 0.0238265625 0.03745
1 0.5444341145833334 0.012352314814814816 0.09303489583333334 0.024704629629629632
1 0.5976750000000001 0.08439675925925925 0.023475000000000003 0.02064537037037037
1 0.6240317708333334 0.04735740740740741 0.034521875 0.05397407407407408
1 0.6264325520833334 0.03886666666666667 0.027865104166666665 0.038844444444444445
1 0.5708442708333333 0.29015092592592595 0.013563541666666668 0.02845
1 0.0202828125 0.2941824074074074 0.011398958333333332 0.03466111111111111
1 0.8637283854166667 0.33440046296296294 0.0097484375 0.028060185185185185
1 0.7901028645833333 0.3661375 0.0229140625 0.04523796296296296
1 0.4907263020833333 0.7126087962962963 0.012702604166666666 0.021513888888888888
1 0.22065572916666668 0.853025925925926 0.009019791666666667 0.019014814814814818
1 0.6444190104166666 0.06220138888888888 0.015921354166666665 0.024402777777777777
1 0.6862614583333334 0.02822777777777778 0.01210625 0.017566666666666668
1 0.5308625 0.26161527777777777 0.037766666666666664 0.06397129629629629
1 0.8104125 0.15061435185185185 0.009366666666666667 0.027154629629629633
1 0.71333203125 0.2139236111111111 0.009997395833333334 0.03340277777777778
1 0.9324505208333334 0.4648115740740741 0.009692708333333333 0.012956481481481482
1 0.7041713541666667 0.4134509259259259 0.008342708333333334 0.019494444444444443
1 0.6369598958333333 0.4205347222222222 0.007253125 0.013291666666666667
1 0.5094541666666667 0.8028597222222221 0.03245 0.07794166666666667
1 0.3796106770833333 0.3431532407407408 0.012346354166666665 0.01593611111111111
1 0.33105963541666666 0.15964074074074075 0.013160937499999999 0.01742962962962963
1 0.30889062500000003 0.43296805555555556 0.009447916666666667 0.01593611111111111
