2 0.5 0.5 1.0 1.0
1 0.6467221354166667 0.6049361111111111 0.04240260416666666 0.06357592592592594
1 0.46802578125 0.6599250000000001 0.024593229166666668 0.08466481481481482
1 0.27024791666666664 0.5108356481481481 0.032162500000000004 0.05315277777777778
1 0.19290442708333336 0.5349569444444445 0.014975520833333334 0.0347287037037037
1 0.005842447916666666 0.7344157407407407 0.011684895833333332 0.0410537037037037
1 0.8869992187500001 0.26161712962962963 0.0271234375 0.13804907407407407
1 0.8486791666666667 0.17924351851851852 0.009858333333333334 0.02330185185185185
1 0.8232786458333333 0.14097546296296296 0.018432291666666666 0.04676574074074074
1 0.8218440104166667 0.21013055555555557 0.014521354166666667 0.04063148148148148
1 0.5565697916666666 0.2211888888888889 0.013139583333333335 0.04422962962962963
1 0.5411804687499999 0.17287268518518517 0.007360937499999999 0.029078703703703704
1 0.6348356770833333 0.2061236111111111 0.014463020833333333 0.041876851851851846
1 0.9775942708333333 0.5798203703703704 0.005188541666666667 0.015196296296296295
1 0.9605765625 0.573112962962963 0.006569791666666667 0.018448148148148148
1 0.9159210937500001 0.5373208333333334 0.0068421875 0.030197222222222223
1 0.6702138020833334 0.8225481481481481 0.022719270833333336 0.05065185185185185
1 0.5760307291666666 0.9757925925925925 0.031228125 0.02751111111111111
1 0.5095161458333333 0.8991509259259259 0.023198958333333335 0.044598148148148144
1 0.5962901041666666 0.9139060185185185 0.011330208333333334 0.04262685185185185
1 0.37877500000000003 0.08234537037037036 0.029425 0.029505555555555556
1 0.8894638020833334 0.31102685185185186 0.021635937499999997 0.03501666666666666
1 0.96522421875 0.1379962962962963 0.013781770833333333 0.027844444444444442
1 0.96676640625 0.652650925925926 0.015824479166666666 0.04233888888888889
1 0.91906875 0.6756013888888889 0.012095833333333333 0.021573148148148147
1 0.9388533854166667 0.7231092592592593 0.008956770833333332 0.02029259259259259
1 0.9670062500000001 0.7066143518518518 0.007970833333333333 0.024339814814814814
1 0.9745580729166666 0.5235074074074074 0.0064078125 0.01182962962962963
1 0.9917721354166668 0.4332944444444445 0.004377604166666666 0.02029259259259259
1 0.9542151041666667 0.46088101851851854 0.005305208333333334 0.01435462962962963
1 0.9522682291666666 0.9910768518518519 0.011828125 0.017338888888888886
1 0.7910273437500001 0.9594976851851851 0.009138020833333335 0.011587962962962963
1 0.5607145833333332 0.950799537037037 0.0110125 0.023821296296296295
1 0.44312734374999996 0.7104458333333333 0.0175046875 0.030150925925925928
1 0.5139513020833334 0.6504375 0.0206109375 0.08606018518518518
1 0.6560200520833334 0.9649078703703704 0.0078734375 0.015000925925925926
1 0.5641502604166667 0.4303990740740741 0.008508854166666666 0.018205555555555555
1 0.668359375 0.060846296296296294 0.00859375 0.023544444444444444
1 0.6120619791666667 0.11711388888888889 0.004332291666666667 0.008301851851851852
1 0.826040625 0.2876962962962963 0.012497916666666666 0.036503703703703705
1 0.18041953125000001 0.5723884259259259 0.008755729166666667 0.028110185185185186
1 0.18070546875 0.5370490740740741 0.0072442708333333335 0.01483888888888889
1 0.21787213541666667 0.4719277777777778 0.052410937500000004 0.09941111111111112
1 0.024862760416666668 0.47932777777777774 0.012225520833333333 0.021618518518518516
1 0.01855859375 0.5690060185185186 0.004825520833333334 0.008382407407407408
1 0.043872395833333334 0.762375462962963 0.007536458333333333 0.022899074074074075
1 0.11737760416666668 0.7719643518518519 0.018088541666666666 0.019854629629629632
1 0.14312161458333333 0.761362037037037 0.015409895833333333 0.01716851851851852
1 0.14821041666666668 0.7179699074074074 0.018295833333333334 0.026680555555555558
1 0.17937552083333333 0.9379962962962962 0.015001041666666666 0.027844444444444442
1 0.06480416666666668 0.8762805555555556 0.013983333333333332 0.017375925925925923
