2 0.4998046875 0.5222222222222223 0.999609375 0.9541666666666667
1 0.341796875 0.6163194444444444 0.015625 0.04513888888888889
1 0.2515625 0.7489583333333333 0.008984375 0.018750000000000003
1 0.31796875 0.8239583333333333 0.012890625 0.0125
1 0.30947265625 0.7355902777777777 0.0046875 0.0076388888888888895
1 0.34912109375 0.9006944444444444 0.015625 0.020138888888888887
1 0.36552734375 0.8885416666666667 0.030859375 0.030555555555555558
1 0.33955078125 0.7340277777777778 0.012109375 0.013194444444444444
1 0.49765625 0.653125 0.016796875 0.03194444444444444
1 0.45068359375 0.5743055555555556 0.009765625 0.027083333333333334
1 0.47177734375 0.5255208333333333 0.0109375 0.042361111111111106
1 0.4646484375 0.4378472222222222 0.015234375 0.028472222222222218
1 0.42470703125 0.1371527777777778 0.0359375 0.08333333333333333
1 0.4412109375 0.08402777777777777 0.01328125 0.018750000000000003
1 0.45458984375 0.1359375 0.0234375 0.051388888888888894
1 0.4578125 0.1032986111111111 0.0171875 0.020833333333333332
1 0.7111328125 0.6619791666666667 0.04921875 0.044444444444444446
1 0.64599609375 0.5967013888888889 0.013671875 0.025
1 0.6798828125 0.6717013888888889 0.031640625 0.04652777777777778
1 0.6251953125 0.5147569444444444 0.004296875 0.010416666666666666
1 0.63671875 0.5342013888888889 0.00390625 0.011111111111111112
1 0.63681640625 0.5506944444444444 0.008984375 0.018055555555555557
1 0.894140625 0.19652777777777777 0.005078125 0.0076388888888888895
1 0.7880859375 0.5043402777777778 0.017578125 0.041666666666666664
1 0.94609375 0.7017361111111111 0.007421875 0.049305555555555554
1 0.88349609375 0.6157986111111111 0.012109375 0.011111111111111112
1 0.89248046875 0.6821180555555555 0.00859375 0.022222222222222223
1 0.447265625 0.4263888888888889 0.0078125 0.01597222222222222
1 0.4248046875 0.25121527777777775 0.01953125 0.03194444444444444
