2 0.4889109375 0.582361574074074 0.977821875 0.8350935185185184
2 0.10383802083333334 0.8783921296296296 0.178509375 0.24382129629629629
1 0.5704596354166667 0.7689652777777778 0.0107109375 0.019412037037037037
1 0.2870958333333334 0.835611574074074 0.027316666666666666 0.024926851851851853
1 0.2766791666666667 0.8972106481481481 0.012733333333333334 0.020347222222222225
1 0.2578703125 0.9434296296296296 0.027198958333333335 0.012785185185185186
1 0.21598255208333333 0.9867976851851853 0.006965104166666666 0.016187962962962963
1 0.1856984375 0.9261828703703704 0.008896875 0.024587962962962964
1 0.08520364583333334 0.7439013888888889 0.028740625000000002 0.05817314814814815
1 0.11609635416666667 0.7980319444444445 0.008234375 0.03310092592592593
1 0.08432369791666666 0.7864407407407408 0.0196890625 0.0376962962962963
1 0.05002083333333333 0.832388888888889 0.026083333333333333 0.03514814814814815
1 0.15920520833333332 0.6493148148148148 0.018410416666666665 0.024555555555555556
1 0.33465416666666664 0.5731217592592592 0.012016666666666667 0.022169444444444446
1 0.073703125 0.6316476851851851 0.011989583333333333 0.03366574074074074
1 0.39427552083333334 0.3552666666666667 0.007301041666666667 0.014237037037037036
1 0.28970182291666663 0.3780263888888889 0.0085703125 0.024571296296296296
1 0.21808906249999999 0.39955 0.008053125 0.026877777777777778
1 0.27037265625 0.3073037037037037 0.0094953125 0.014607407407407407
1 0.25786822916666663 0.30211435185185187 0.009486458333333333 0.02089537037037037
1 0.21838984374999998 0.3109375 0.0180296875 0.057060185185185186
1 0.027815364583333335 0.5406277777777778 0.0045890625 0.012737037037037038
1 0.3657239583333334 0.5690782407407408 0.006447916666666667 0.01963796296296296
1 0.11614010416666667 0.7449810185185186 0.012488541666666667 0.021443518518518518
