2 0.5 0.5319513888888888 1.0 0.936125
1 0.19436015625 0.18306018518518516 0.015803645833333334 0.04760185185185185
1 0.2166359375 0.1345134259259259 0.021813541666666665 0.04865648148148148
1 0.18263723958333333 0.22221435185185184 0.0079828125 0.025910185185185185
1 0.20037734375 0.2310148148148148 0.0038796875 0.01202962962962963
1 0.20750494791666665 0.2221064814814815 0.005634895833333334 0.009027777777777777
1 0.2961640625 0.20322129629629632 0.007953125 0.010146296296296296
1 0.4293791666666667 0.4113819444444445 0.019175 0.04683796296296296
1 0.44450104166666665 0.49700046296296296 0.020252083333333334 0.05696388888888889
1 0.41998046875 0.606212037037037 0.026419270833333335 0.03464629629629629
1 0.3987994791666667 0.6163560185185185 0.014265625 0.030860185185185185
1 0.3869197916666666 0.5635814814814815 0.01550625 0.019755555555555554
1 0.4686763020833334 0.7060796296296297 0.024852604166666667 0.06401111111111112
1 0.38456171875 0.7205976851851852 0.013915104166666666 0.03008425925925926
1 0.6361947916666666 0.2176324074074074 0.009889583333333334 0.027857407407407407
1 0.6275572916666667 0.26689722222222223 0.01553125 0.039349999999999996
1 0.5544247395833334 0.22091064814814815 0.0078078125 0.012191666666666667
1 0.6223747395833333 0.12451203703703705 0.0093328125 0.028653703703703706
1 0.18097812500000002 0.0771337962962963 0.007789583333333333 0.009823148148148149
1 0.3369065104166667 0.3663578703703704 0.010271354166666666 0.025308333333333332
1 0.053328906249999995 0.8527421296296296 0.0066578125 0.011039814814814815
1 0.23932109375000002 0.6340555555555555 0.01718385416666667 0.031074074074074077
1 0.5684768229166667 0.7997365740740741 0.011953645833333333 0.016139814814814815
1 0.7997458333333333 0.9789472222222222 0.020325 0.03011666666666667
1 0.6815791666666667 0.5865513888888889 0.013158333333333333 0.021250925925925927
1 0.7949776041666666 0.7156402777777777 0.005580208333333334 0.010910185185185184
1 0.8213333333333334 0.7926842592592593 0.008291666666666666 0.01685
1 0.8508234375 0.7818907407407407 0.011021874999999999 0.017485185185185187
1 0.7541361979166666 0.3132601851851852 0.010355729166666666 0.013557407407407407
1 0.8530531250000001 0.3484902777777778 0.008189583333333333 0.024758333333333334
1 0.99414140625 0.3460212962962963 0.0070328125 0.01982037037037037
1 0.982184375 0.5124925925925926 0.00499375 0.024985185185185187
1 0.9005192708333334 0.46304074074074075 0.005205208333333333 0.009414814814814813
1 0.86359453125 0.6483069444444445 0.005314062499999999 0.009576851851851852
1 0.8399044270833333 0.6359472222222222 0.0100171875 0.007079629629629629
