2 0.48831119791666666 0.5141638888888889 0.9766223958333333 0.9709203703703704
1 0.3783796875 0.23040601851851852 0.018217708333333336 0.05710833333333333
1 0.3241895833333333 0.9140166666666667 0.03067083333333333 0.06321851851851852
1 0.4180700520833333 0.5238495370370371 0.02364010416666667 0.05695833333333333
1 0.36695364583333334 0.6291032407407408 0.009948958333333334 0.021169444444444446
1 0.3816484375 0.7266064814814815 0.011213541666666667 0.025435185185185186
1 0.8823833333333333 0.5683324074074074 0.030391666666666664 0.045924074074074075
1 0.6901692708333333 0.7646847222222223 0.008463541666666666 0.025665740740740742
1 0.72943984375 0.748486574074074 0.0120046875 0.022899074074074075
1 0.6331861979166666 0.9697388888888889 0.012205729166666667 0.015403703703703702
1 0.37140260416666665 0.33109351851851854 0.005305208333333334 0.012187037037037038
1 0.36774973958333335 0.43928518518518517 0.007374479166666667 0.013755555555555556
1 0.5761963541666667 0.40843981481481484 0.0076010416666666665 0.01687962962962963
1 0.7272036458333333 0.23922731481481482 0.008573958333333333 0.013639814814814815
