2 0.5020833333333333 0.5481481481481482 0.9947916666666666 0.9018518518518519
1 0.5799479166666667 0.39537037037037037 0.03697916666666667 0.08703703703703704
1 0.5515625 0.3768518518518518 0.022916666666666665 0.06481481481481481
1 0.5692708333333333 0.2916666666666667 0.020833333333333332 0.03888888888888889
1 0.59522421875 0.3183537037037037 0.0185734375 0.05152222222222222
1 0.5127604166666667 0.2638888888888889 0.0109375 0.024074074074074074
1 0.6153645833333333 0.21898148148148147 0.011979166666666667 0.021296296296296296
1 0.5536458333333333 0.22962962962962963 0.009375 0.011111111111111112
1 0.7731770833333333 0.2986111111111111 0.0421875 0.08611111111111111
1 0.9020833333333333 0.7555555555555555 0.013541666666666667 0.046296296296296294
1 0.38177083333333334 0.7185185185185186 0.026041666666666668 0.06111111111111111
1 0.4244791666666667 0.1884259259259259 0.009375 0.026851851851851852
1 0.35182291666666665 0.1574074074074074 0.009895833333333333 0.018518518518518517
1 0.5057291666666667 0.8217592592592593 0.009375 0.05462962962962963
1 0.42083333333333334 0.9328703703703703 0.022916666666666665 0.09351851851851851
1 0.6450520833333333 0.9268518518518518 0.0171875 0.03888888888888889
1 0.6864583333333333 0.8439814814814814 0.009375 0.01574074074074074
1 0.4083333333333333 0.8199074074074074 0.009375 0.013888888888888888
1 0.4783854166666667 0.5675925925925925 0.0078125 0.018518518518518517
1 0.4231770833333333 0.6069444444444444 0.013020833333333334 0.017592592592592594
1 0.23932291666666666 0.6814814814814815 0.005729166666666666 0.014814814814814815
1 0.85078125 0.9944444444444445 0.0140625 0.009259259259259259
1 0.8638020833333333 0.9856481481481482 0.0078125 0.026851851851851852
1 0.5994791666666667 0.42824074074074076 0.01875 0.026851851851851852
