2 0.5 0.4709462962962963 1.0 0.9418925925925926
1 0.7682078125 0.3028865740740741 0.016623958333333334 0.031699074074074074
1 0.6712309895833334 0.13796064814814815 0.027878645833333333 0.03888425925925926
1 0.8135533854166667 0.08746064814814815 0.008356770833333334 0.015662037037037037
1 0.8309291666666667 0.1356189814814815 0.009775 0.024941666666666668
1 0.8766864583333334 0.2613800925925926 0.009622916666666667 0.03572314814814815
1 0.6514510416666667 0.2975875 0.014360416666666665 0.030360185185185188
1 0.3345416666666667 0.4298046296296297 0.018041666666666668 0.033683333333333336
1 0.08948177083333334 0.14965694444444444 0.009171875 0.01968425925925926
1 0.21097734375000002 0.5712083333333333 0.014663020833333333 0.05723148148148148
1 0.345484375 0.6701032407407408 0.025343749999999998 0.034650925925925925
1 0.32654973958333333 0.6235861111111111 0.0114328125 0.049024074074074074
1 0.5266645833333333 0.6695712962962962 0.0085375 0.01877222222222222
1 0.2672 0.7162291666666667 0.006275 0.021347222222222222
1 0.23482395833333333 0.7207782407407408 0.00923125 0.02118611111111111
1 0.4943799479166667 0.9018296296296296 0.009593229166666667 0.02402962962962963
1 0.5609833333333333 0.5989601851851851 0.0178 0.021994444444444445
1 0.33862031249999996 0.17749722222222222 0.013698958333333334 0.03277222222222222
