2 0.5 0.5 1.0 1.0
1 0.7705036458333333 0.5235185185185185 0.024340625 0.021111111111111112
1 0.7637065104166666 0.44041435185185185 0.0159546875 0.03453240740740741
1 0.7177307291666666 0.42180833333333334 0.024003125 0.028801851851851853
1 0.6902247395833334 0.30991435185185184 0.0356578125 0.066125
1 0.8369898437500001 0.3874611111111111 0.0114796875 0.041588888888888884
1 0.8950174479166667 0.4230791666666667 0.012951562500000001 0.02393611111111111
1 0.82568046875 0.46145138888888887 0.0169859375 0.034013888888888885
1 0.32955 0.6728060185185185 0.017433333333333335 0.0548712962962963
1 0.27832473958333337 0.6196319444444445 0.0181078125 0.050375
1 0.2922190104166667 0.6340962962962963 0.0073546875 0.012637037037037037
1 0.22307552083333335 0.5540226851851853 0.019067708333333332 0.045082407407407404
1 0.32815807291666665 0.16618796296296295 0.021941145833333335 0.041635185185185185
1 0.11916484375 0.26147037037037035 0.011246354166666667 0.04516296296296297
1 0.05245416666666667 0.3814796296296296 0.006991666666666666 0.022218518518518516
1 0.08372083333333333 0.2554324074074074 0.01015 0.021975925925925927
1 0.12406380208333333 0.12851064814814817 0.004377604166666666 0.007021296296296296
1 0.1406682291666667 0.3185643518518519 0.006336458333333334 0.009350925925925926
1 0.444896875 0.054052777777777776 0.020002083333333334 0.041438888888888886
1 0.8832132812500001 0.12451527777777777 0.018509895833333335 0.04162314814814815
1 0.9750067708333333 0.1365236111111111 0.021888541666666667 0.10823240740740742
1 0.7533260416666666 0.9315958333333334 0.019152083333333333 0.028006481481481483
1 0.710559375 0.7960578703703703 0.01903541666666667 0.03100462962962963
1 0.6165559895833332 0.9274587962962962 0.0101953125 0.021584259259259258
1 0.49897317708333333 0.9638749999999999 0.004196354166666667 0.007379629629629629
1 0.41296354166666666 0.9119421296296296 0.006135416666666667 0.007217592592592592
1 0.1910375 0.9628555555555556 0.012283333333333334 0.04422962962962963
1 0.18168125 0.8961888888888889 0.014404166666666666 0.04422962962962963
1 0.2462783854166667 0.979124074074074 0.017556770833333336 0.01935925925925926
1 0.05343515625 0.6998592592592592 0.0131203125 0.07379259259259259
1 0.04078098958333333 0.7008763888888889 0.0086453125 0.02582685185185185
