2 0.5002604166666667 0.5370370370370371 0.9994791666666667 0.9259259259259259
1 0.17369791666666667 0.7800925925925926 0.009895833333333333 0.013888888888888888
1 0.1484375 0.7148148148148148 0.005208333333333333 0.011111111111111112
1 0.16145833333333334 0.7148148148148148 0.008333333333333333 0.022222222222222223
1 0.19140625 0.836574074074074 0.0109375 0.03981481481481482
1 0.12109375 0.6717592592592593 0.0109375 0.021296296296296296
1 0.246875 0.6083333333333333 0.013541666666666667 0.024074074074074074
1 0.5005208333333333 0.5324074074074074 0.03229166666666667 0.05740740740740741
1 0.0921875 0.3486111111111111 0.030208333333333334 0.041666666666666664
1 0.15364583333333334 0.25925925925925924 0.008333333333333333 0.018518518518518517
1 0.34661458333333334 0.18981481481481483 0.009895833333333333 0.018518518518518517
1 0.27239583333333334 0.24583333333333332 0.027083333333333334 0.04351851851851852
1 0.028385416666666666 0.3972222222222222 0.05677083333333333 0.14074074074074075
1 0.043229166666666666 0.36898148148148147 0.08645833333333333 0.04722222222222222
1 0.21015625 0.25462962962962965 0.008854166666666666 0.009259259259259259
1 0.67265625 0.2847222222222222 0.0140625 0.030555555555555555
1 0.5268229166666667 0.2375 0.0067708333333333336 0.017592592592592594
1 0.759375 0.5611111111111111 0.0125 0.044444444444444446
1 0.6075520833333333 0.6666666666666666 0.027604166666666666 0.06296296296296296
1 0.8971354166666666 0.29212962962962963 0.0265625 0.075
1 0.9674479166666666 0.35324074074074074 0.009895833333333333 0.041666666666666664
1 0.9588541666666667 0.4527777777777778 0.010416666666666666 0.03888888888888889
1 0.98203125 0.3819444444444444 0.0046875 0.030555555555555555
1 0.9619791666666667 0.611574074074074 0.014583333333333334 0.05648148148148148
1 0.96484375 0.5398148148148149 0.0078125 0.025925925925925925
1 0.9778645833333334 0.55 0.008854166666666666 0.016666666666666666
1 0.9799479166666667 0.6046296296296296 0.0109375 0.022222222222222223
1 0.8096354166666667 0.8263888888888888 0.009895833333333333 0.025
1 0.9752604166666666 0.7296296296296296 0.015104166666666667 0.024074074074074074
1 0.5747395833333333 0.8226851851851852 0.011979166666666667 0.026851851851851852
1 0.8895833333333333 0.9912037037037037 0.017708333333333333 0.01574074074074074
1 0.7036458333333333 0.9629629629629629 0.007291666666666667 0.007407407407407408
1 0.77265625 0.9138888888888889 0.0067708333333333336 0.007407407407407408
1 0.8111979166666666 0.7842592592592592 0.005729166666666666 0.014814814814814815
1 0.7145833333333333 0.18888888888888888 0.019791666666666666 0.0962962962962963
1 0.5859375 0.5263888888888889 0.007291666666666667 0.019444444444444445
1 0.21328125 0.8375 0.005729166666666666 0.012037037037037037
1 0.14713541666666666 0.8865740740740741 0.0067708333333333336 0.021296296296296296
