2 0.5205729166666667 0.5981481481481481 0.9588541666666667 0.8037037037037037
1 0.4278645833333333 0.825462962962963 0.03177083333333333 0.026851851851851852
1 0.60234375 0.5546296296296296 0.018229166666666668 0.02962962962962963
1 0.5630208333333333 0.687962962962963 0.008333333333333333 0.012962962962962963
1 0.5950520833333334 0.6587962962962963 0.009895833333333333 0.008333333333333333
1 0.9161458333333333 0.41805555555555557 0.015625 0.0824074074074074
1 0.8252604166666667 0.3972222222222222 0.0067708333333333336 0.011111111111111112
1 0.89609375 0.5342592592592592 0.0046875 0.018518518518518517
1 0.97265625 0.6703703703703704 0.0109375 0.014814814814814815
1 0.9802083333333333 0.9189814814814815 0.004166666666666667 0.025
1 0.5731770833333333 0.7685185185185185 0.0109375 0.025925925925925925
