1 0.5157692708333333 0.4276083333333333 0.9679968750000001 0.8552166666666666
1 0.3486677083333333 0.22262222222222222 0.03379375 0.013762962962962963
1 0.502909375 0.5560694444444444 0.03290208333333333 0.017694444444444443
1 0.40589427083333335 0.09056574074074075 0.006580208333333334 0.012612962962962963
1 0.6314825520833334 0.18235509259259258 0.029631770833333335 0.05915462962962963
1 0.673528125 0.13706064814814814 0.023097916666666666 0.031528703703703705
1 0.5756229166666667 0.054820370370370373 0.046037499999999995 0.046677777777777776
1 0.5076028645833334 0.4133939814814815 0.016247395833333334 0.032343518518518515
1 0.5729875 0.09312638888888888 0.006391666666666667 0.012178703703703704
1 0.5504911458333334 0.44784398148148147 0.011398958333333332 0.010502777777777778
1 0.55245625 0.44857546296296297 0.005954166666666667 0.01011388888888889
1 0.5215002604166666 0.31778703703703703 0.0096671875 0.0115
1 0.5378088541666667 0.33520046296296296 0.009992708333333333 0.012993518518518519
1 0.5392299479166667 0.2867328703703704 0.0107515625 0.017910185185185185
1 0.5429614583333334 0.17766805555555554 0.009881250000000001 0.018299074074074075
1 0.5406401041666666 0.23209907407407407 0.006280208333333333 0.00679074074074074
1 0.5056434895833334 0.34582037037037033 0.005036979166666666 0.010159259259259259
1 0.6643307291666667 0.30023240740740736 0.005744791666666666 0.01713148148148148
1 0.7132205729166666 0.35921759259259256 0.0035244791666666666 0.018435185185185186
1 0.5280802083333334 0.053331018518518514 0.007202083333333333 0.02888425925925926
1 0.5955549479166666 0.012887962962962964 0.016109895833333335 0.025775925925925928
1 0.5084432291666666 0.7391180555555555 0.015844791666666667 0.037495370370370366
1 0.5981830729166667 0.754862037037037 0.021366145833333336 0.024538888888888888
1 0.5924005208333334 0.6907148148148148 0.045217708333333335 0.024022222222222223
1 0.5767299479166667 0.716636574074074 0.0107515625 0.01660648148148148
1 0.5831109375000001 0.7004125 0.009971875 0.03971388888888889
1 0.5743440104166667 0.7515018518518518 0.008063020833333333 0.025225925925925926
1 0.4173614583333333 0.748700462962963 0.009722916666666666 0.008512037037037037
1 0.6399075520833333 0.6377462962962963 0.005856770833333333 0.034751851851851846
1 0.5953020833333333 0.5032277777777777 0.004145833333333333 0.013862962962962962
1 0.77489765625 0.5694069444444445 0.010211979166666666 0.025850925925925927
1 0.8245630208333333 0.5685421296296296 0.0064177083333333326 0.024121296296296293
1 0.8756859375 0.4835203703703704 0.006580208333333334 0.013337037037037036
1 0.6757460937499999 0.4914916666666667 0.005658854166666667 0.008909259259259259
1 0.9602776041666666 0.5895333333333334 0.004930208333333333 0.017955555555555554
1 0.9303864583333333 0.5626546296296296 0.004522916666666666 0.010494444444444443
1 0.75671328125 0.2140986111111111 0.005093229166666667 0.013382407407407407
1 0.8166346354166667 0.14959629629629628 0.005144270833333334 0.010303703703703704
1 0.8440291666666667 0.022005555555555553 0.019308333333333334 0.031048148148148144
1 0.8859869791666667 0.037783796296296294 0.005307291666666667 0.008900925925925925
1 0.65632734375 0.21049027777777776 0.005363020833333333 0.009869444444444445
1 0.6873760416666667 0.26357314814814814 0.00704375 0.01973888888888889
1 0.6639234374999999 0.19928425925925927 0.007013541666666666 0.00967962962962963
1 0.6015671875 0.10539212962962963 0.008342708333333334 0.014487962962962963
1 0.6059757812500001 0.07971759259259259 0.0067432291666666665 0.009435185185185185
1 0.6211807291666667 0.1007962962962963 0.0059031249999999995 0.009000000000000001
1 0.6299643229166667 0.14431898148148148 0.015136979166666667 0.020119444444444443
