1 0.52109375 0.5805555555555556 0.9567708333333333 0.837037037037037
1 0.5208333333333334 0.5805555555555556 0.9572916666666667 0.837037037037037
1 0.52109375 0.5805555555555556 0.9567708333333333 0.837037037037037
1 0.5208333333333334 0.5800925925925926 0.9572916666666667 0.8379629629629629
2 0.5208333333333334 0.5800925925925926 0.9572916666666667 0.8379629629629629
1 0.1328125 0.6662037037037037 0.004166666666666667 0.006481481481481481
1 0.140625 0.6037037037037037 0.005208333333333333 0.007407407407407408
1 0.3190104166666667 0.6754629629629629 0.009895833333333333 0.01574074074074074
1 0.4205729166666667 0.9731481481481481 0.0140625 0.024074074074074074
1 0.5356770833333333 0.9694444444444444 0.09427083333333333 0.05185185185185185
1 0.5580729166666667 0.9717592592592592 0.0390625 0.05462962962962963
1 0.5330729166666667 0.9814814814814815 0.008854166666666666 0.014814814814814815
1 0.5533854166666666 0.5203703703703704 0.0171875 0.022222222222222223
1 0.5135416666666667 0.8435185185185186 0.007291666666666667 0.009259259259259259
1 0.5307291666666667 0.7986111111111112 0.011458333333333333 0.021296296296296296
1 0.49765625 0.8976851851851851 0.0078125 0.010185185185185186
1 0.64609375 0.9907407407407407 0.0067708333333333336 0.016666666666666666
1 0.6927083333333334 0.6037037037037037 0.020833333333333332 0.046296296296296294
1 0.67578125 0.5027777777777778 0.009895833333333333 0.020370370370370372
1 0.70546875 0.45787037037037037 0.005729166666666666 0.012037037037037037
1 0.8424479166666666 0.7050925925925926 0.009895833333333333 0.03796296296296296
1 0.8299479166666667 0.6712962962962963 0.0046875 0.009259259259259259
1 0.8692708333333333 0.9078703703703703 0.03958333333333333 0.09907407407407408
1 0.8666666666666667 0.9356481481481481 0.011458333333333333 0.025
1 0.8807291666666667 0.9069444444444444 0.010416666666666666 0.017592592592592594
1 0.9067708333333333 0.6986111111111111 0.005208333333333333 0.010185185185185186
1 0.59140625 0.29305555555555557 0.8161458333333333 0.262037037037037
1 0.8872395833333333 0.3939814814814815 0.011979166666666667 0.030555555555555555
1 0.87734375 0.5185185185185185 0.015104166666666667 0.03518518518518519
1 0.8885416666666667 0.4583333333333333 0.0010416666666666667 0.007407407407407408
1 0.8893229166666666 0.4532407407407407 0.0067708333333333336 0.019444444444444445
1 0.8854166666666666 0.44351851851851853 0.00625 0.011111111111111112
1 0.8854166666666666 0.5675925925925925 0.005208333333333333 0.009259259259259259
1 0.9846354166666667 0.6111111111111112 0.0046875 0.020370370370370372
1 0.9755208333333333 0.9037037037037037 0.005208333333333333 0.007407407407407408
1 0.97578125 0.9083333333333333 0.0078125 0.018518518518518517
1 0.9716145833333333 0.8648148148148148 0.0026041666666666665 0.009259259259259259
1 0.9104166666666667 0.3699074074074074 0.004166666666666667 0.012037037037037037
1 0.921875 0.36064814814814816 0.004166666666666667 0.017592592592592594
1 0.821875 0.49583333333333335 0.004166666666666667 0.008333333333333333
1 0.9286458333333333 0.7194444444444444 0.005208333333333333 0.009259259259259259
1 0.8046875 0.4305555555555556 0.005208333333333333 0.011111111111111112
