2 0.49214791666666663 0.4836208333333334 0.9842958333333333 0.9672416666666668
1 0.7819109375 0.029497685185185186 0.009655208333333333 0.0349212962962963
1 0.6228385416666666 0.012627777777777778 0.010260416666666666 0.0197
1 0.49321640625 0.4325907407407407 0.0301828125 0.06332962962962962
1 0.40639453125 0.1527263888888889 0.0127890625 0.03878611111111111
1 0.69332890625 0.6498407407407407 0.0210328125 0.042274074074074075
1 0.5257489583333333 0.599600462962963 0.0067062499999999995 0.014015740740740742
1 0.5638877604166667 0.4965583333333333 0.024650520833333335 0.06163518518518519
1 0.41689036458333334 0.6037185185185184 0.0056557291666666665 0.014844444444444445
1 0.6197252604166666 0.9000041666666667 0.019658854166666666 0.05371203703703704
1 0.030211979166666666 0.788513425925926 0.010423958333333334 0.01591574074074074
1 0.04240625 0.4112226851851852 0.010854166666666666 0.018741666666666667
1 0.0452984375 0.30561064814814815 0.004138541666666666 0.016776851851851852
1 0.08254661458333333 0.09163981481481481 0.010926562499999999 0.03142777777777778
1 0.04342994791666667 0.15652824074074073 0.008734895833333334 0.02046388888888889
1 0.033058854166666665 0.22316342592592595 0.005701041666666667 0.012993518518518519
1 0.441378125 0.13483425925925926 0.01088125 0.014112962962962964
1 0.25625416666666667 0.3310180555555556 0.004175 0.008332407407407408
1 0.07857682291666666 0.2894069444444445 0.012361979166666667 0.01770277777777778
