1 0.4517578125 0.5453125000000001 0.903515625 0.9083333333333334
2 0.4509765625 0.5453125000000001 0.901953125 0.9083333333333334
1 0.09501953125 0.6647569444444444 0.009375 0.05
1 0.04296875 0.7178819444444444 0.00390625 0.010416666666666666
1 0.00390625 0.8034722222222223 0.0078125 0.013194444444444444
1 0.08525390625 0.7651041666666667 0.00546875 0.011111111111111112
1 0.0162109375 0.9288194444444444 0.005078125 0.010416666666666666
1 0.423046875 0.7130208333333333 0.012109375 0.011111111111111112
1 0.0705078125 0.6177083333333333 0.01796875 0.02361111111111111
1 0.03623046875 0.5649305555555555 0.016796875 0.036111111111111115
1 0.004296875 0.48107638888888893 0.00859375 0.022916666666666665
1 0.019921875 0.45434027777777775 0.018359375 0.049305555555555554
1 0.2177734375 0.3880208333333333 0.0234375 0.03819444444444445
1 0.103611083984375 0.25069444444444444 0.01190966796875 0.03263888888888889
1 0.14013671875 0.3104166666666667 0.015625 0.020138888888888887
1 0.06201171875 0.38784722222222223 0.005859375 0.008333333333333333
1 0.03388671875 0.18333333333333332 0.00625 0.009027777777777779
1 0.463671875 0.28229166666666666 0.030859375 0.022916666666666665
1 0.499385009765625 0.42423046875000003 0.00951220703125 0.025544270833333334
1 0.323828125 0.39947916666666666 0.01875 0.01597222222222222
1 0.51513671875 0.2222222222222222 0.00390625 0.006944444444444444
1 0.48876953125 0.9203125000000001 0.01171875 0.022916666666666665
1 0.4677734375 0.6815972222222223 0.005859375 0.009027777777777779
1 0.5859375 0.6588541666666666 0.00390625 0.010416666666666666
