2 0.5 0.5395759259259258 1.0 0.9217444444444445
1 0.6090067708333333 0.09824722222222222 0.018013541666666667 0.029827777777777776
1 0.8964674479166667 0.4830611111111111 0.013768229166666666 0.04019629629629629
1 0.9641109375 0.4762958333333333 0.010513541666666666 0.02666574074074074
1 0.8685648437500001 0.6330689814814815 0.011088020833333333 0.029100925925925926
1 0.8241119791666667 0.6644087962962963 0.014890625 0.02326203703703704
1 0.94844609375 0.6774736111111112 0.007308854166666667 0.016058333333333334
1 0.9819854166666667 0.7583180555555556 0.0056375 0.022191666666666665
1 0.7444557291666667 0.8841226851851851 0.010786458333333334 0.021949074074074072
1 0.33246276041666667 0.886050462962963 0.010758854166666667 0.014693518518518519
1 0.32438697916666664 0.831675462962963 0.013357291666666667 0.035573148148148145
1 0.2979015625 0.7664365740740741 0.018719791666666666 0.049539814814814814
1 0.35129531249999996 0.7623935185185186 0.009882291666666666 0.013675925925925925
1 0.31023046875000004 0.7372699074074074 0.0110859375 0.01713240740740741
1 0.5038515625 0.2533902777777778 0.020203125 0.03270648148148148
1 0.48339609375 0.08743888888888889 0.009500520833333333 0.015618518518518518
1 0.06654609375000001 0.23818564814814813 0.013300520833333333 0.03192685185185185
1 0.07099010416666666 0.4625962962962963 0.011771875 0.0363037037037037
1 0.07373333333333335 0.3946523148148148 0.007883333333333332 0.015230555555555556
1 0.13443098958333335 0.564237037037037 0.0178203125 0.058103703703703706
1 0.09159869791666667 0.7613509259259259 0.019655729166666667 0.03936851851851852
1 0.03569036458333333 0.8584699074074075 0.0234640625 0.08360648148148149
