2 0.5 0.4847842592592593 1.0 0.9695685185185186
1 0.43786718750000003 0.16770972222222222 0.028859375 0.053937962962962965
1 0.37838723958333337 0.16079814814814816 0.03489947916666667 0.04937407407407407
1 0.49570598958333334 0.7931314814814815 0.018495312500000003 0.06404074074074075
1 0.5148473958333333 0.7938231481481481 0.010944791666666667 0.028387037037037037
1 0.5020684895833333 0.8296759259259259 0.014553645833333333 0.027870370370370372
1 0.4917703125 0.7232999999999999 0.011665625 0.07067407407407408
1 0.6170895833333333 0.5616194444444444 0.013345833333333333 0.04360925925925926
1 0.5950098958333334 0.4144625 0.017103125 0.034480555555555556
1 0.5925013020833333 0.4851013888888889 0.016252604166666667 0.04057314814814815
1 0.6125166666666666 0.4645930555555555 0.019825 0.01622314814814815
1 0.51890625 0.08088796296296297 0.03364583333333333 0.0321462962962963
1 0.6123890625 0.04597407407407408 0.022694791666666665 0.04750370370370371
1 0.33379869791666666 0.37929444444444443 0.012389062499999999 0.021551851851851853
1 0.4679859375 0.5536921296296295 0.013055208333333334 0.048125
1 0.6380760416666666 0.8085226851851852 0.021985416666666667 0.022600925925925924
1 0.21947395833333333 0.18377592592592593 0.03686458333333333 0.024959259259259257
1 0.31808177083333333 0.16510324074074073 0.026788541666666665 0.03391018518518518
1 0.2242091145833333 0.10185787037037038 0.0067515625 0.024086111111111114
1 0.9126846354166667 0.5757439814814814 0.02432760416666667 0.05519166666666667
