2 0.4998046875 0.5217013888888888 0.999609375 0.9548611111111112
2 0.891796875 0.0798611111111111 0.0140625 0.020833333333333332
1 0.246875 0.609375 0.011328125 0.034722222222222224
1 0.17666015625 0.4204861111111111 0.014453125 0.021527777777777778
1 0.33515625 0.5392361111111111 0.019921875 0.03333333333333333
1 0.29248046875 0.4600694444444444 0.01171875 0.020833333333333332
1 0.4419921875 0.5960069444444445 0.01875 0.058333333333333334
1 0.441796875 0.5895833333333333 0.018359375 0.02638888888888889
1 0.42041015625 0.7901041666666667 0.033203125 0.05763888888888889
1 0.272265625 0.9300347222222223 0.0171875 0.042361111111111106
1 0.30322265625 0.9210069444444444 0.009765625 0.027777777777777776
1 0.6279296875 0.9734375000000001 0.005859375 0.014583333333333334
1 0.60048828125 0.6645833333333333 0.028125 0.04097222222222222
1 0.9705078125 0.6182291666666667 0.007421875 0.04027777777777777
1 0.93046875 0.5640624999999999 0.007421875 0.015277777777777779
1 0.93818359375 0.5857638888888889 0.00625 0.029166666666666667
1 0.916015625 0.5006944444444444 0.0078125 0.036111111111111115
1 0.821484375 0.47777777777777775 0.008203125 0.014583333333333334
1 0.721484375 0.1642361111111111 0.015234375 0.01597222222222222
1 0.43173828125 0.35434027777777777 0.005078125 0.02638888888888889
1 0.43994140625 0.39444444444444443 0.015625 0.035416666666666666
1 0.3833984375 0.5197916666666667 0.005078125 0.008333333333333333
1 0.42236328125 0.5159722222222222 0.03515625 0.028472222222222218
1 0.8443359375 0.778125 0.03046875 0.03194444444444444
1 0.8447265625 0.7085069444444445 0.005859375 0.01597222222222222
