2 0.49973958333333335 0.5199074074074074 0.9994791666666667 0.9583333333333334
1 0.421875 0.23148148148148148 0.027083333333333334 0.06111111111111111
1 0.42161458333333335 0.23194444444444445 0.027604166666666666 0.062037037037037036
1 0.20911458333333333 0.37546296296296294 0.0203125 0.03796296296296296
1 0.20911458333333333 0.37546296296296294 0.0203125 0.03796296296296296
1 0.46171875 0.4375 0.0078125 0.013888888888888888
1 0.5604166666666667 0.3453703703703704 0.03125 0.06666666666666667
1 0.45390625 0.611574074074074 0.019270833333333334 0.028703703703703703
1 0.03515625 0.8273148148148148 0.011979166666666667 0.032407407407407406
1 0.05078125 0.7217592592592592 0.0109375 0.026851851851851852
1 0.07395833333333333 0.6375 0.010416666666666666 0.021296296296296296
1 0.17395833333333333 0.5703703703703704 0.028125 0.03148148148148148
1 0.165625 0.3509259259259259 0.016666666666666666 0.037037037037037035
1 0.5565104166666667 0.20277777777777778 0.021354166666666667 0.05925925925925926
1 0.07239583333333334 0.16666666666666666 0.008333333333333333 0.016666666666666666
1 0.06380208333333333 0.12638888888888888 0.005729166666666666 0.01574074074074074
1 0.09557291666666666 0.13472222222222222 0.0140625 0.026851851851851852
1 0.7388020833333333 0.5509259259259259 0.005729166666666666 0.009259259259259259
1 0.8481770833333333 0.5416666666666666 0.0296875 0.06666666666666667
1 0.8604166666666667 0.3333333333333333 0.013541666666666667 0.03148148148148148
1 0.86875 0.26342592592592595 0.009375 0.021296296296296296
1 0.90625 0.2513888888888889 0.015625 0.026851851851851852
1 0.74296875 0.950462962962963 0.0140625 0.028703703703703703
1 0.80234375 0.9217592592592593 0.015104166666666667 0.021296296296296296
1 0.9059895833333333 0.8736111111111111 0.034895833333333334 0.11388888888888889
1 0.15859375 0.9601851851851851 0.0067708333333333336 0.012962962962962963
1 0.7747395833333334 0.7462962962962963 0.0046875 0.007407407407407408
1 0.8700520833333333 0.7138888888888889 0.009895833333333333 0.025925925925925925
1 0.8247395833333333 0.22453703703703703 0.0109375 0.021296296296296296
1 0.5309895833333333 0.6180555555555556 0.027604166666666666 0.06388888888888888
1 0.6291666666666667 0.9217592592592593 0.0125 0.021296296296296296
1 0.3177083333333333 0.7916666666666666 0.014583333333333334 0.025925925925925925
1 0.27890625 0.5148148148148148 0.0203125 0.02962962962962963
1 0.8364583333333333 0.6666666666666666 0.0125 0.02962962962962963
1 0.78203125 0.8796296296296297 0.03177083333333333 0.02962962962962963
1 0.47708333333333336 0.475462962962963 0.010416666666666666 0.017592592592592594
1 0.7002604166666667 0.4777777777777778 0.008854166666666666 0.020370370370370372
1 0.20572916666666666 0.2462962962962963 0.013541666666666667 0.022222222222222223
1 0.5375 0.11898148148148148 0.0125 0.03981481481481482
1 0.5739583333333333 0.5523148148148148 0.016666666666666666 0.026851851851851852
1 0.49322916666666666 0.9828703703703704 0.015625 0.032407407407407406
1 0.865625 0.5935185185185186 0.007291666666666667 0.024074074074074074
1 0.60078125 0.7546296296296297 0.011979166666666667 0.011111111111111112
1 0.74609375 0.5013888888888889 0.0067708333333333336 0.01574074074074074
1 0.68671875 0.3314814814814815 0.0067708333333333336 0.014814814814814815
1 0.9161458333333333 0.2023148148148148 0.00625 0.023148148148148147
1 0.94140625 0.2064814814814815 0.011979166666666667 0.020370370370370372
1 0.9322916666666666 0.20277777777777778 0.0020833333333333333 0.007407407407407408
1 0.07916666666666666 0.7828703703703703 0.005208333333333333 0.010185185185185186
