2 0.5 0.5352828703703704 1.0 0.929825
1 0.11269557291666667 0.3413231481481482 0.009766145833333333 0.04190555555555556
1 0.3536372395833334 0.1483398148148148 0.016649479166666665 0.022605555555555556
1 0.4591015625 0.1383912037037037 0.027578125000000002 0.03048611111111111
1 0.46222161458333333 0.4571388888888889 0.011943229166666668 0.02353703703703704
1 0.19449244791666667 0.769437962962963 0.020234895833333332 0.04257962962962963
1 0.13295234375 0.7089981481481481 0.021113020833333333 0.05318148148148148
1 0.12993515625000002 0.7022291666666667 0.014036979166666666 0.03223611111111111
1 0.011734635416666667 0.5831995370370371 0.009927604166666666 0.02565833333333333
1 0.03432421875 0.5866981481481481 0.010315104166666667 0.01598888888888889
1 0.02214296875 0.6659513888888888 0.0099109375 0.061532407407407404
1 0.17978255208333332 0.8411166666666666 0.009565104166666666 0.01927037037037037
1 0.055936458333333335 0.8228680555555555 0.010831249999999999 0.01425462962962963
1 0.04178619791666667 0.9549680555555556 0.005447395833333333 0.013639814814814815
1 0.8364479166666666 0.5489875000000001 0.0270625 0.10723425925925927
1 0.8000848958333333 0.5321851851851852 0.028294791666666666 0.056962962962962965
1 0.7773822916666667 0.5938162037037037 0.016222916666666667 0.03207685185185185
1 0.9210648437500001 0.4341013888888889 0.015046354166666666 0.04227685185185185
1 0.9838640625 0.7916148148148148 0.017728124999999997 0.10174814814814816
1 0.90651171875 0.869375 0.014065104166666667 0.06097222222222222
1 0.7437440104166666 0.8437726851851852 0.0135296875 0.01902685185185185
1 0.68549921875 0.7777055555555555 0.006415104166666667 0.01467037037037037
1 0.6550549479166666 0.8555495370370371 0.008026562499999999 0.012950925925925926
1 0.70920546875 0.612450462962963 0.0038276041666666667 0.010086111111111112
1 0.9269216145833333 0.28051157407407407 0.019468229166666667 0.057319444444444444
1 0.8919716145833333 0.14114027777777777 0.0141515625 0.05265092592592593
1 0.93839921875 0.241512037037037 0.013256770833333332 0.033024074074074074
1 0.9464864583333333 0.4137986111111111 0.008597916666666667 0.033152777777777774
1 0.83706328125 0.2584018518518519 0.012668229166666666 0.02421111111111111
1 0.8888247395833333 0.6766791666666666 0.015149479166666667 0.03669166666666667
1 0.9568971354166667 0.5431527777777778 0.010669270833333333 0.02149074074074074
1 0.9775661458333332 0.7099300925925927 0.021798958333333333 0.060600925925925926
1 0.24537239583333334 0.3081157407407407 0.008453125 0.016231481481481482
1 0.28460234375 0.19357685185185183 0.0067046875 0.013079629629629629
1 0.3411296875 0.5861949074074074 0.004134375 0.009426851851851851
1 0.1439640625 0.8243777777777778 0.0077197916666666665 0.019125925925925925
