2 0.5 0.5166300925925926 1.0 0.9665935185185186
1 0.7681890625 0.3482837962962963 0.012419791666666668 0.031752777777777776
1 0.9555606770833334 0.4369587962962963 0.007996354166666667 0.044287962962962966
1 0.9832604166666666 0.41236249999999997 0.0113125 0.02657685185185185
1 0.9602765625 0.6481523148148148 0.0038864583333333333 0.03889722222222222
1 0.7063830729166667 0.1986037037037037 0.019016145833333335 0.043503703703703704
1 0.3730221354166667 0.4083912037037037 0.011669270833333334 0.022337962962962962
1 0.386303125 0.6996759259259259 0.01323125 0.021574074074074075
1 0.19758124999999999 0.7728083333333333 0.0076625 0.019690740740740738
1 0.90880703125 0.8680606481481481 0.0051140625000000006 0.0361212962962963
1 0.7637591145833333 0.929000462962963 0.0108515625 0.03392685185185185
1 0.8668791666666666 0.5636611111111112 0.007716666666666667 0.023618518518518518
1 0.07246692708333334 0.8276430555555556 0.005350520833333333 0.018249074074074074
1 0.9841942708333333 0.21575 0.0069302083333333325 0.02224074074074074
