2 0.5 0.47092962962962964 1.0 0.9418592592592593
1 0.70219921875 0.515199537037037 0.011690104166666666 0.035954629629629635
1 0.20666536458333334 0.18010555555555557 0.019580729166666665 0.03984074074074074
1 0.18511171875 0.2313837962962963 0.011890104166666667 0.023878703703703704
1 0.6572247395833333 0.6285222222222222 0.051949479166666666 0.08482222222222223
1 0.6561812499999999 0.5345726851851852 0.006112500000000001 0.024700925925925925
1 0.26564895833333335 0.45933287037037035 0.03129791666666667 0.0668138888888889
1 0.2825028645833333 0.48877037037037036 0.011880729166666666 0.02939259259259259
1 0.35023125 0.7021916666666667 0.007754166666666667 0.015494444444444446
1 0.4009385416666667 0.7263152777777777 0.00916875 0.01744537037037037
1 0.4354528645833333 0.684799537037037 0.014655729166666666 0.014043518518518518
1 0.7681127604166667 0.4804810185185185 0.009142187500000001 0.047999074074074076
1 0.8728330729166667 0.6119787037037037 0.011291145833333332 0.04803148148148148
1 0.7265640624999999 0.5882962962962963 0.03229479166666667 0.06918518518518518
1 0.7524252604166667 0.5845736111111112 0.011100520833333332 0.0395175925925926
1 0.7617622395833333 0.547126851851852 0.007899479166666666 0.040549999999999996
1 0.5070348958333333 0.7725124999999999 0.013028125 0.02650648148148148
1 0.421878125 0.7720356481481482 0.01979791666666667 0.04962685185185185
1 0.032478125000000004 0.7414953703703704 0.00870625 0.04780555555555556
1 0.20117239583333332 0.8979305555555556 0.0065114583333333335 0.012527777777777777
1 0.03901536458333333 0.521712962962963 0.004072395833333333 0.010092592592592592
1 0.04114322916666667 0.4626268518518519 0.010411458333333333 0.04192037037037037
1 0.07991953125000001 0.26025092592592597 0.016089062499999997 0.014946296296296296
1 0.8508080729166667 0.4926162037037037 0.0245328125 0.061158333333333335
1 0.8416098958333333 0.5206907407407407 0.010303125 0.03582592592592593
1 0.32569348958333333 0.8955175925925926 0.0159703125 0.04659074074074074
1 0.32346223958333337 0.8577125000000001 0.0177578125 0.02468425925925926
1 0.06373098958333333 0.8675574074074074 0.03162864583333333 0.04622592592592593
1 0.04926015625 0.8324532407407407 0.019353645833333332 0.03527685185185185
