2 0.5 0.5 1.0 1.0
1 0.8404869791666666 0.9232601851851852 0.009098958333333332 0.03540925925925926
1 0.8395489583333333 0.7884185185185185 0.014514583333333332 0.034244444444444445
1 0.6506341145833333 0.616862962962963 0.010643229166666665 0.024466666666666668
1 0.8544809895833333 0.16169351851851851 0.0110453125 0.03449814814814815
1 0.8283536458333334 0.14978101851851852 0.009832291666666666 0.03289537037037037
1 0.311515625 0.041561111111111104 0.02615625 0.055344444444444446
1 0.9057020833333334 0.09392546296296296 0.012445833333333333 0.03229537037037037
1 0.9300356770833333 0.3596273148148148 0.006946354166666667 0.019254629629629632
1 0.8258247395833334 0.6121768518518518 0.007899479166666666 0.020649999999999998
1 0.12830390625000002 0.3626888888888889 0.017024479166666665 0.05871111111111111
1 0.18263906249999998 0.4736143518518518 0.009028125 0.019450925925925927
1 0.12180911458333334 0.5496810185185185 0.012368229166666666 0.021584259259259258
1 0.04871588541666667 0.4211328703703704 0.016181770833333334 0.03115462962962963
1 0.013063541666666668 0.3504203703703704 0.016752083333333334 0.04343333333333334
1 0.175434375 0.016450925925925924 0.015452083333333333 0.03290185185185185
1 0.4263486979166667 0.09025787037037036 0.013114062499999999 0.028663888888888888
1 0.166609375 0.3764425925925926 0.019677083333333335 0.032514814814814816
1 0.48601822916666665 0.7392393518518519 0.010578124999999999 0.03773796296296296
1 0.5650390625 0.1691601851851852 0.010286458333333333 0.012394444444444444
1 0.5293018229166667 0.29618564814814813 0.012770312499999999 0.036815740740740746
1 0.9765091145833333 0.38965509259259257 0.004059895833333333 0.010791666666666666
1 0.9604502604166666 0.41183009259259257 0.0063171875 0.014400925925925926
1 0.5915768229166667 0.5406231481481482 0.011278645833333333 0.0312462962962963
1 0.1983625 0.8809532407407407 0.015475 0.0341287037037037
