2 0.505840625 0.4678569444444445 0.9887645833333334 0.935713888888889
2 0.9420638020833334 0.6875564814814815 0.0143359375 0.028816666666666668
2 0.9573804687499999 0.682573611111111 0.019969270833333334 0.028110185185185186
2 0.12500520833333334 0.27061805555555557 0.24584375 0.46716203703703707
2 0.08353723958333334 0.16635787037037036 0.15249114583333334 0.2308638888888889
1 0.26601979166666667 0.5674185185185185 0.00808125 0.02742962962962963
1 0.2880080729166667 0.6479444444444444 0.013516145833333333 0.021814814814814815
1 0.52663046875 0.636549074074074 0.0188859375 0.04346851851851852
1 0.9426994791666666 0.23862407407407407 0.011440625000000001 0.023544444444444444
1 0.7496643229166666 0.1360759259259259 0.008703645833333332 0.018448148148148148
1 0.7495973958333334 0.21780972222222222 0.009611458333333333 0.022656481481481482
1 0.4052526041666667 0.8068124999999999 0.017796875 0.035847222222222225
1 0.41032109375000003 0.8469537037037037 0.009183854166666667 0.02538888888888889
1 0.38166822916666665 0.6110972222222222 0.006044791666666666 0.007379629629629629
1 0.33945026041666665 0.4625611111111111 0.0049421875 0.010307407407407407
1 0.2260322916666667 0.5296833333333333 0.008314583333333334 0.04455185185185185
1 0.24998802083333332 0.5769449074074074 0.006226041666666667 0.015000925925925926
1 0.14739088541666667 0.615287962962963 0.009365104166666667 0.01576111111111111
1 0.20672656250000002 0.7570634259259259 0.006161458333333333 0.010423148148148148
1 0.21445026041666668 0.7767902777777778 0.0049421875 0.010987962962962963
1 0.22884192708333334 0.7755138888888888 0.0097671875 0.015842592592592592
1 0.22430052083333332 0.7653023148148149 0.004851041666666667 0.008382407407407408
1 0.1671755208333333 0.37433518518518516 0.006226041666666667 0.011633333333333334
1 0.04638619791666666 0.46748981481481483 0.0031890625 0.03868333333333333
1 0.04726536458333333 0.4247638888888889 0.0122390625 0.027305555555555555
1 0.20284192708333335 0.20681296296296298 0.006725520833333333 0.017329629629629632
