2 0.5 0.49562731481481487 1.0 0.9912546296296297
1 0.96160703125 0.14126851851851852 0.010714062500000001 0.0417962962962963
1 0.97337421875 0.18303842592592592 0.009248437500000001 0.017928703703703704
1 0.874775 0.25007870370370366 0.017258333333333334 0.03163888888888889
1 0.9643197916666666 0.29665416666666666 0.006764583333333333 0.024789814814814813
1 0.9113359375000001 0.2902268518518518 0.011213541666666667 0.02675
1 0.9086468750000001 0.29713981481481483 0.00791875 0.012798148148148147
1 0.8990645833333333 0.3287513888888889 0.021045833333333333 0.020465740740740743
1 0.8493596354166667 0.3149166666666667 0.008094270833333334 0.022425925925925926
1 0.9055138020833333 0.09684212962962963 0.01727760416666667 0.023313888888888887
1 0.7606651041666667 0.08937546296296296 0.06091354166666666 0.09356574074074074
1 0.9694325520833333 0.3959486111111111 0.010740104166666665 0.012267592592592594
1 0.8874046875 0.4979018518518519 0.017517708333333333 0.05321111111111111
1 0.9683177083333334 0.5111967592592592 0.006427083333333333 0.018689814814814815
1 0.8337247395833334 0.4708736111111111 0.008074479166666667 0.021376851851851852
1 0.8028270833333334 0.43429074074074075 0.0077375 0.02598888888888889
1 0.9052893229166667 0.5431467592592593 0.0053703125 0.015923148148148148
1 0.8906809895833334 0.545149537037037 0.0115703125 0.021780555555555556
1 0.8717763020833333 0.5206791666666666 0.003969270833333333 0.008025
1 0.8917109375 0.6164527777777777 0.012588541666666668 0.01809074074074074
1 0.85456484375 0.6169578703703703 0.0216296875 0.041323148148148144
1 0.88798828125 0.6610652777777778 0.005143229166666667 0.023982407407407407
1 0.8800484375 0.7041842592592593 0.006971875 0.012072222222222222
1 0.8159268229166667 0.6366648148148147 0.0141453125 0.025181481481481482
1 0.8568684895833333 0.7679064814814816 0.008528645833333333 0.026553703703703704
1 0.8330747395833333 0.7536032407407407 0.010941145833333334 0.031280555555555555
1 0.84109453125 0.8076069444444445 0.0165640625 0.03188055555555555
1 0.8759213541666667 0.8325546296296297 0.0049677083333333335 0.01696111111111111
1 0.8258611979166666 0.8268203703703704 0.0058890625 0.016603703703703704
1 0.8117549479166667 0.7899476851851852 0.009968229166666667 0.024339814814814814
1 0.7887432291666666 0.8117837962962963 0.022278125 0.05690092592592593
1 0.810228125 0.8745546296296296 0.010039583333333333 0.012072222222222222
1 0.8327927083333333 0.9111967592592592 0.010377083333333334 0.018689814814814815
1 0.7832544270833334 0.8780282407407407 0.012342187499999999 0.02642685185185185
1 0.77525625 0.862324537037037 0.014054166666666668 0.019093518518518517
1 0.7391619791666667 0.9755574074074075 0.012698958333333335 0.023337037037037038
1 0.7605903645833333 0.8650833333333333 0.0045140625 0.007944444444444445
1 0.7496851562500001 0.8687726851851851 0.004578645833333334 0.015323148148148148
1 0.6884627604166667 0.8081087962962964 0.0310921875 0.047699074074074074
1 0.7160208333333333 0.6888023148148149 0.014333333333333333 0.03316018518518519
1 0.65911171875 0.8555717592592593 0.028640104166666666 0.13706944444444444
1 0.6634723958333333 0.805124074074074 0.012361458333333334 0.03802592592592592
1 0.6945026041666666 0.9408087962962962 0.02858854166666667 0.027913888888888887
1 0.654059375 0.9573912037037038 0.00499375 0.029597222222222223
1 0.56381484375 0.6790314814814815 0.0120046875 0.019174074074074073
1 0.6169635416666667 0.7242879629629629 0.004760416666666667 0.015242592592592592
1 0.5823518229166668 0.8289546296296296 0.004286979166666666 0.01716851851851852
1 0.5351304687499999 0.6868967592592592 0.006719270833333333 0.021941666666666665
1 0.64829921875 0.13669351851851852 0.01951510416666667 0.03449814814814815
1 0.6295658854166667 0.14637685185185184 0.014340104166666668 0.033494444444444445
1 0.5443463541666667 0.16389907407407406 0.011609375 0.07039074074074074
1 0.62684296875 0.3710259259259259 0.0099359375 0.047607407407407404
1 0.6096901041666667 0.4310115740740741 0.022505208333333335 0.049060185185185186
1 0.4795520833333333 0.22465416666666665 0.0299375 0.05671574074074074
1 0.5146166666666666 0.08688055555555556 0.011525 0.018205555555555555
1 0.47106796875 0.10744212962962962 0.020260937500000003 0.02414351851851852
1 0.4265796875 0.06226342592592593 0.030242708333333333 0.05415648148148148
1 0.43137395833333336 0.06236157407407407 0.022122916666666666 0.05435277777777778
1 0.40965885416666664 0.1553240740740741 0.023484375000000002 0.018055555555555554
1 0.41684010416666667 0.1540351851851852 0.009721875 0.017329629629629632
1 0.40393697916666665 0.1200736111111111 0.021415625 0.04940648148148148
1 0.46624010416666667 0.3374319444444444 0.03248020833333334 0.050789814814814815
1 0.4857510416666667 0.40653703703703703 0.009002083333333332 0.022333333333333334
1 0.40893098958333335 0.20382083333333334 0.0074453125 0.01134537037037037
1 0.4055682291666667 0.01631064814814815 0.019469791666666666 0.028917592592592595
1 0.3549893229166667 0.21688935185185185 0.0141453125 0.03192685185185185
1 0.35003046875 0.09884722222222221 0.014644270833333334 0.02176851851851852
1 0.39911302083333333 0.3438972222222222 0.0076010416666666665 0.01372037037037037
1 0.3729955729166667 0.308975 0.0064078125 0.012394444444444444
1 0.3469578125 0.27014768518518517 0.004332291666666667 0.010665740740740741
1 0.3283684895833333 0.24075277777777776 0.0088203125 0.01483888888888889
1 0.32863489583333333 0.02551574074074074 0.017686458333333332 0.02695740740740741
1 0.28437395833333334 0.034091666666666666 0.044789583333333334 0.0422574074074074
1 0.3160875 0.08540601851851852 0.013425 0.02081203703703704
1 0.28517317708333334 0.1089861111111111 0.04222135416666666 0.09760185185185184
1 0.2866520833333333 0.10328842592592594 0.03997083333333333 0.08435462962962963
1 0.29273385416666664 0.08061064814814815 0.02921770833333333 0.04085092592592592
1 0.30478124999999995 0.13128657407407407 0.010604166666666666 0.038499074074074074
1 0.1335216145833333 0.1463962962962963 0.24933489583333335 0.2927925925925926
1 0.27748203125 0.12764398148148148 0.024755729166666667 0.036769444444444445
1 0.29965572916666666 0.19424398148148148 0.028478125 0.06256203703703703
1 0.30325390625 0.1819162037037037 0.02109114583333333 0.03605462962962963
1 0.3037565104166667 0.21518287037037037 0.0085546875 0.02851388888888889
1 0.2690065104166666 0.2156912037037037 0.008846354166666666 0.02582685185185185
1 0.2834536458333333 0.2914925925925926 0.022115625000000003 0.03668888888888889
1 0.2998361979166667 0.35456481481481483 0.009047395833333333 0.012833333333333332
1 0.28642109374999997 0.33531805555555555 0.009300520833333333 0.024339814814814814
1 0.055832291666666665 0.03201805555555556 0.07103958333333332 0.06403611111111111
1 0.10518723958333333 0.06517777777777778 0.047874479166666664 0.13035555555555556
1 0.29324895833333336 0.3852972222222222 0.008372916666666667 0.02615
1 0.25969375 0.3705912037037037 0.012095833333333333 0.02081203703703704
1 0.24693619791666668 0.38501851851851854 0.0105390625 0.023740740740740743
1 0.25981770833333334 0.4333106481481482 0.010260416666666666 0.024028703703703705
1 0.23456536458333332 0.4260717592592593 0.012880729166666667 0.020662037037037038
1 0.22874140625 0.3930486111111111 0.009566145833333334 0.015726851851851853
1 0.2687036458333333 0.46104814814814815 0.012407291666666665 0.02394814814814815
1 0.2734940104166667 0.4864893518518519 0.014696354166666667 0.04149722222222222
1 0.2212734375 0.4412981481481481 0.008171875 0.023337037037037038
1 0.204409375 0.4332240740740741 0.010902083333333333 0.023855555555555553
1 0.2496203125 0.5249611111111111 0.009657291666666668 0.02029259259259259
1 0.21514270833333335 0.4978990740740741 0.01049375 0.03653888888888889
1 0.16275625000000002 0.5180449074074075 0.014054166666666668 0.026830555555555555
1 0.13290286458333334 0.5552425925925927 0.0241390625 0.08826296296296296
1 0.13732760416666664 0.5286171296296297 0.015280208333333333 0.03316018518518519
1 0.21501432291666667 0.6492773148148149 0.011278645833333333 0.020776851851851852
1 0.20406640625 0.669824537037037 0.0081328125 0.043352777777777775
1 0.26785234374999994 0.7748768518518518 0.0200796875 0.021975925925925927
1 0.2531583333333333 0.7475935185185185 0.011525 0.02666851851851852
1 0.23730963541666666 0.7748069444444445 0.02461927083333333 0.04961388888888889
1 0.1643390625 0.6930129629629629 0.012011458333333334 0.04343333333333334
1 0.18278958333333334 0.7202949074074074 0.0051625 0.01836759259259259
1 0.12263932291666667 0.5878074074074074 0.022361979166666667 0.0996888888888889
1 0.11790442708333333 0.6772777777777778 0.0097671875 0.01937037037037037
1 0.11934375 0.6974115740740742 0.009520833333333334 0.01889722222222222
1 0.11688151041666667 0.7317898148148148 0.011888020833333334 0.017283333333333335
1 0.12027604166666667 0.7319143518518518 0.0072187499999999995 0.015680555555555555
1 0.07388828124999999 0.7359023148148148 0.014443229166666667 0.03661944444444444
1 0.16640520833333333 0.7570319444444444 0.005727083333333333 0.017767592592592592
1 0.09154635416666666 0.6775444444444445 0.0049677083333333335 0.0162
1 0.13874973958333334 0.5675819444444444 0.0035411458333333336 0.00553425925925926
1 0.12914296875 0.592550462962963 0.0072442708333333335 0.022137962962962963
1 0.10145572916666666 0.7566847222222223 0.008119791666666666 0.020776851851851852
