1 0.44925927734375 0.4475099826388889 0.8985185546875 0.8950199652777778
2 0.44925927734375 0.4474010416666666 0.8985185546875 0.8948020833333332
1 0.114648193359375 0.22494053819444446 0.01347607421875 0.04710329861111111
1 0.067593505859375 0.15812239583333335 0.00432763671875 0.010689236111111111
1 0.03639013671875 0.06272222222222222 0.0083271484375 0.012597222222222223
1 0.113937744140625 0.12294531250000001 0.00619580078125 0.00977951388888889
1 0.442839111328125 0.26758680555555553 0.01165478515625 0.012604166666666666
1 0.086114501953125 0.26488194444444446 0.01890869140625 0.024555555555555556
1 0.0478876953125 0.3068615451388889 0.016673828125 0.03559809027777778
1 0.008089599609375001 0.38089149305555553 0.00934326171875 0.02219965277777778
1 0.022650390625000003 0.41061588541666666 0.02088671875 0.04692621527777777
1 0.211676513671875 0.5324835069444445 0.02003271484375 0.044133680555555554
1 0.08676904296875 0.6360199652777778 0.0094755859375 0.034192708333333335
1 0.12773291015625 0.5874188368055555 0.0162080078125 0.018587673611111112
1 0.057611572265625 0.4890876736111111 0.00584814453125 0.009425347222222222
1 0.011844970703124999 0.6824639756944444 0.00611181640625 0.00902517361111111
1 0.4452939453125 0.7044019097222223 0.031212890625 0.016442708333333333
1 0.492595458984375 0.573453125 0.00765185546875 0.027114583333333334
1 0.317212890625 0.5497708333333333 0.01919140625 0.014472222222222223
1 0.49033251953125 0.7780607638888889 0.0041025390625 0.007510416666666666
1 0.525919921875 0.08103211805555556 0.01277734375 0.02143923611111111
1 0.484115478515625 0.3122387152777778 0.00534033203125 0.009894097222222223
1 0.598874267578125 0.3667986111111111 0.00438916015625 0.011375
