2 0.5 0.44735879629629627 1.0 0.8947175925925925
1 0.5569000000000001 0.8507171296296296 0.015883333333333333 0.03661944444444444
1 0.4745255208333334 0.30585694444444445 0.011551041666666668 0.020973148148148147
1 0.24572291666666668 0.38910092592592593 0.004987500000000001 0.03746111111111111
1 0.6409041666666667 0.10771944444444445 0.008891666666666666 0.01543888888888889
1 0.20306380208333333 0.0442949074074074 0.02175260416666667 0.023775
1 0.057241406249999995 0.17814027777777777 0.009274479166666665 0.052576851851851854
1 0.52909375 0.4608 0.022770833333333334 0.06604444444444445
1 0.53893828125 0.7458138888888889 0.0122515625 0.019405555555555554
1 0.6041046875 0.5495912037037037 0.010292708333333334 0.023256481481481482
1 0.7921697916666666 0.7600152777777778 0.00413125 0.01632685185185185
1 0.15260911458333334 0.294925 0.0041765625 0.012072222222222222
1 0.18292708333333335 0.31107222222222225 0.006479166666666666 0.02029259259259259
1 0.17833385416666667 0.20963796296296294 0.015001041666666666 0.05631296296296296
1 0.16829322916666667 0.14599583333333332 0.020961458333333335 0.017917592592592593
1 0.16256718750000002 0.14676944444444445 0.007426041666666666 0.01576111111111111
1 0.14736979166666667 0.024274537037037035 0.016614583333333332 0.04854907407407407
1 0.14720651041666669 0.005405555555555556 0.013163020833333334 0.010811111111111112
1 0.31071145833333336 0.2693287037037037 0.0057979166666666665 0.009027777777777777
1 0.3330138020833333 0.29666574074074076 0.013944270833333333 0.015553703703703702
1 0.38830572916666667 0.3369212962962963 0.010986458333333334 0.018287037037037036
1 0.12513072916666668 0.6822513888888889 0.011719791666666667 0.04228055555555555
1 0.10987239583333334 0.43195787037037037 0.015578125 0.06576759259259259
1 0.9356041666666666 0.6096097222222222 0.010791666666666666 0.03773796296296296
1 0.8518830729166668 0.566436574074074 0.011057812500000002 0.02361388888888889
1 0.8622299479166667 0.48921944444444443 0.0255015625 0.04510555555555555
1 0.99252578125 0.5276879629629629 0.0069265624999999996 0.0257462962962963
1 0.9214640625 0.3236851851851852 0.034594791666666666 0.06403703703703703
1 0.9342606770833334 0.3338541666666667 0.0070630208333333335 0.012152777777777778
1 0.92105234375 0.46572314814814814 0.004604687499999999 0.009224074074074074
1 0.9973809895833334 0.4452175925925926 0.005178645833333333 0.01636111111111111
1 0.9982505208333333 0.1827726851851852 0.0037927083333333333 0.013693518518518518
1 0.9571604166666667 0.17197500000000002 0.009112499999999999 0.01432037037037037
1 0.8827020833333333 0.33713703703703707 0.004987500000000001 0.01131111111111111
1 0.5611338541666666 0.2843837962962963 0.004559375 0.007656481481481482
1 0.5858734375 0.06042175925925926 0.011330208333333334 0.033806481481481486
1 0.5396317708333334 0.29491435185185183 0.005305208333333334 0.017606481481481483
1 0.16980755208333334 0.060284722222222226 0.0104484375 0.020569444444444446
1 0.05801380208333333 0.02930509259259259 0.0087359375 0.021573148148148147
1 0.02431145833333333 0.019068981481481482 0.005914583333333333 0.017767592592592592
1 0.014222395833333335 0.23017685185185185 0.006569791666666667 0.01961296296296296
1 0.27392578125 0.28786805555555556 0.005143229166666667 0.007217592592592592
1 0.16294010416666668 0.36666481481481483 0.008171875 0.022218518518518516
1 0.23313984375 0.5234708333333333 0.005863020833333333 0.00990462962962963
1 0.16483671875 0.5868037037037037 0.003631770833333333 0.006940740740740741
1 0.68991171875 0.8692444444444445 0.012115104166666666 0.01071111111111111
1 0.8336309895833334 0.6660462962962963 0.021428645833333333 0.033944444444444444
1 0.8271940104166667 0.6543523148148148 0.0085546875 0.01796388888888889
1 0.8775260416666666 0.6158407407407407 0.005052083333333333 0.01131111111111111
1 0.8641 0.5152583333333334 0.004241666666666667 0.010146296296296296
1 0.9223257812500001 0.6923587962962963 0.014443229166666667 0.025458333333333333
