1 0.49973958333333335 0.5217592592592593 0.9994791666666667 0.9546296296296296
1 0.3963541666666667 0.46574074074074073 0.011458333333333333 0.037037037037037035
1 0.49270833333333336 0.44537037037037036 0.029166666666666667 0.04814814814814815
1 0.5403645833333334 0.4046296296296296 0.0640625 0.0962962962962963
1 0.5114583333333333 0.5212962962962963 0.013541666666666667 0.025925925925925925
1 0.3296875 0.1375 0.659375 0.19722222222222222
1 0.31536458333333334 0.15046296296296297 0.005729166666666666 0.008333333333333333
1 0.41744791666666664 0.1486111111111111 0.0265625 0.03611111111111111
1 0.11067708333333333 0.21898148148148147 0.019270833333333334 0.06018518518518518
1 0.10963541666666667 0.25787037037037036 0.011979166666666667 0.008333333333333333
1 0.004166666666666667 0.8180296296296297 0.008333333333333333 0.026799999999999997
1 0.03671875 0.7379629629629629 0.018229166666666668 0.06851851851851852
1 0.12838541666666667 0.6101851851851852 0.022395833333333334 0.06666666666666667
1 0.4127604166666667 0.040740740740740744 0.011979166666666667 0.012962962962962963
1 0.4661458333333333 0.05787037037037037 0.014583333333333334 0.01574074074074074
1 0.044270833333333336 0.17824074074074073 0.0125 0.026851851851851852
1 0.19505208333333332 0.6527777777777778 0.0109375 0.022222222222222223
1 0.27682291666666664 0.5828703703703704 0.018229166666666668 0.03981481481481482
1 0.11901041666666666 0.7902777777777777 0.022395833333333334 0.05092592592592592
1 0.08151041666666667 0.7421296296296296 0.011979166666666667 0.021296296296296296
1 0.00625 0.6291666666666667 0.0125 0.07685185185185185
1 0.0046875 0.6134259259259259 0.009375 0.03611111111111111
1 0.40130208333333334 0.674537037037037 0.034895833333333334 0.05648148148148148
1 0.41458333333333336 0.925 0.01875 0.046296296296296294
1 0.9096354166666667 0.8726851851851852 0.0390625 0.13055555555555556
1 0.8015625 0.6722222222222223 0.009375 0.012962962962962963
1 0.8583333333333333 0.21342592592592594 0.28229166666666666 0.20833333333333334
1 0.71796875 0.1675925925925926 0.0234375 0.04259259259259259
1 0.8072916666666666 0.1935185185185185 0.019791666666666666 0.03518518518518519
1 0.5635416666666667 0.7958333333333333 0.07291666666666667 0.1398148148148148
1 0.6453125 0.6768518518518518 0.013541666666666667 0.02962962962962963
1 0.19114583333333332 0.8050925925925926 0.009375 0.025
1 0.6841145833333333 0.9092592592592592 0.0234375 0.02962962962962963
1 0.46119791666666665 0.262037037037037 0.013020833333333334 0.020370370370370372
1 0.15364583333333334 0.9462962962962963 0.023958333333333335 0.025925925925925925
1 0.05520833333333333 0.5662037037037037 0.009375 0.017592592592592594
1 0.05703125 0.5263888888888889 0.008854166666666666 0.023148148148148147
