1 0.5 0.46053342013888887 1.0 0.9210668402777777
2 0.5 0.40709982638888886 1.0 0.8141996527777777
1 0.5 0.3350533854166666 1.0 0.6701067708333333
1 0.541071533203125 0.12755338541666666 0.01085400390625 0.0311484375
1 0.916436767578125 0.6260316840277778 0.03111572265625 0.05067447916666667
1 0.841537109375 0.20126822916666665 0.02584765625 0.10218923611111111
1 0.84641357421875 0.3527065972222222 0.0209521484375 0.03353819444444445
1 0.729822265625 0.6146002604166667 0.03386328125 0.04343663194444444
1 0.2190625 0.6852109375000001 0.0133203125 0.021463541666666665
1 0.313270263671875 0.32922265625 0.02595458984375 0.03170920138888889
1 0.31621337890625 0.3307339409722222 0.0113330078125 0.017370659722222223
1 0.897191162109375 0.4937426215277778 0.01020263671875 0.015263020833333332
1 0.191824951171875 0.7188845486111111 0.01939208984375 0.033255208333333335
1 0.166943603515625 0.07525347222222223 0.01162158203125 0.03939583333333333
1 0.1708173828125 0.06965842013888889 0.006673828125 0.026469618055555554
1 0.26729150390625 0.44098307291666666 0.0062626953125 0.013910590277777777
1 0.1585126953125 0.4741553819444444 0.005501953125 0.012546875
1 0.162684814453125 0.04274348958333333 0.00505712890625 0.016042534722222224
1 0.302586181640625 0.5518780381944445 0.00946923828125 0.018686631944444445
