2 0.5033557291666667 0.5477671296296297 0.9931697916666666 0.9047935185185185
1 0.4184104166666666 0.28663518518518516 0.0253625 0.049196296296296294
1 0.39107161458333334 0.4189787037037037 0.019643229166666668 0.037957407407407405
1 0.37335442708333333 0.36013425925925924 0.016500520833333334 0.03323148148148148
1 0.7015791666666666 0.3683300925925926 0.020866666666666665 0.03295648148148148
1 0.3728609375 0.16252222222222223 0.016555208333333335 0.028748148148148148
1 0.44765963541666665 0.19290046296296298 0.016152604166666668 0.022837962962962963
1 0.51688515625 0.6884138888888889 0.015020312499999999 0.05460555555555555
1 0.4987966145833333 0.7619597222222223 0.017384895833333334 0.059104629629629625
1 0.5562299479166666 0.8713490740740741 0.026001562500000002 0.051957407407407404
1 0.42638411458333336 0.9297708333333333 0.015268229166666668 0.05398611111111111
1 0.6285763020833334 0.8772805555555555 0.018610937499999997 0.02493148148148148
1 0.6969372395833333 0.9401222222222222 0.019916145833333333 0.028392592592592594
1 0.4646138020833333 0.7466523148148149 0.017769270833333333 0.02293425925925926
1 0.394796875 0.5805375 0.02084375 0.025889814814814813
1 0.5453703125 0.7574050925925926 0.015740625 0.029625000000000002
1 0.43770807291666664 0.6116750000000001 0.03166614583333333 0.05297962962962963
1 0.5194981770833333 0.9260435185185185 0.016079687500000002 0.044679629629629625
1 0.4948265625 0.9235773148148148 0.020903125 0.017525
1 0.566903125 0.9737069444444444 0.01505625 0.01778425925925926
1 0.5658846354166667 0.7601916666666666 0.009894270833333333 0.020383333333333333
1 0.3994778645833333 0.21101990740740742 0.015622395833333334 0.033150925925925924
1 0.6743783854166666 0.3523611111111111 0.0091734375 0.0287962962962963
