2 0.5 0.5354986111111112 1.0 0.9284046296296297
1 0.026622656249999998 0.4832416666666666 0.011578645833333335 0.03500185185185185
1 0.055179947916666666 0.47604351851851845 0.0145265625 0.039124074074074075
1 0.12851953124999999 0.86015 0.018497395833333333 0.042522222222222225
1 0.03582864583333333 0.8675847222222222 0.010198958333333334 0.025910185185185185
1 0.03546041666666667 0.9133050925925926 0.005295833333333333 0.024758333333333334
1 0.7864354166666666 0.6270629629629629 0.015579166666666667 0.030051851851851854
1 0.841375 0.44411527777777776 0.012958333333333332 0.03823055555555556
1 0.9443135416666667 0.1737337962962963 0.009460416666666667 0.021541666666666667
1 0.7834455729166667 0.29215416666666666 0.008557812500000001 0.025049074074074074
1 0.7129726562500001 0.5481421296296297 0.009278645833333333 0.020358333333333332
1 0.5414536458333333 0.7317481481481481 0.023532291666666667 0.02645925925925926
1 0.3939622395833334 0.36386574074074074 0.0087578125 0.022175925925925925
1 0.8387726562500001 0.34104444444444443 0.0181703125 0.04505185185185185
