2 0.49973958333333335 0.49953703703703706 0.9994791666666667 0.9990740740740741
1 0.7200520833333334 0.060648148148148145 0.0171875 0.028703703703703703
1 0.8708333333333333 0.10462962962962963 0.014583333333333334 0.03888888888888889
1 0.6580729166666667 0.4287037037037037 0.018229166666666668 0.040740740740740744
1 0.6744791666666666 0.5037037037037037 0.016666666666666666 0.06666666666666667
1 0.8283854166666667 0.4425925925925926 0.0203125 0.037037037037037035
1 0.8942708333333333 0.5523148148148148 0.019791666666666666 0.04537037037037037
1 0.9395833333333333 0.48703703703703705 0.04583333333333333 0.11666666666666667
1 0.9856770833333334 0.22592592592592592 0.009895833333333333 0.03518518518518519
1 0.97265625 0.6560185185185186 0.018229166666666668 0.05092592592592592
1 0.9763020833333333 0.638425925925926 0.0109375 0.01574074074074074
1 0.90625 0.725462962962963 0.008333333333333333 0.025
1 0.9296875 0.7305555555555555 0.004166666666666667 0.005555555555555556
1 0.9203125 0.7439814814814815 0.016666666666666666 0.019444444444444445
1 0.9208333333333333 0.7060185185185185 0.007291666666666667 0.03981481481481482
1 0.8770833333333333 0.7481481481481481 0.007291666666666667 0.04259259259259259
1 0.98515625 0.8092592592592592 0.022395833333333334 0.08333333333333333
1 0.734375 0.8708333333333333 0.020833333333333332 0.03981481481481482
1 0.6651041666666667 0.950925925925926 0.05416666666666667 0.09259259259259259
1 0.6809895833333334 0.9324074074074075 0.018229166666666668 0.024074074074074074
1 0.4622395833333333 0.9666666666666667 0.008854166666666666 0.022222222222222223
1 0.4010416666666667 0.9199074074074074 0.014583333333333334 0.023148148148148147
1 0.425 0.8675925925925926 0.014583333333333334 0.024074074074074074
1 0.41901041666666666 0.7430555555555556 0.0328125 0.08055555555555556
1 0.43802083333333336 0.6694444444444444 0.01875 0.05555555555555555
1 0.5127604166666667 0.5458333333333333 0.018229166666666668 0.049074074074074076
1 0.515625 0.4675925925925926 0.019791666666666666 0.027777777777777776
1 0.44557291666666665 0.40879629629629627 0.0203125 0.06574074074074074
1 0.496875 0.27314814814814814 0.026041666666666668 0.020370370370370372
1 0.45598958333333334 0.21157407407407408 0.008854166666666666 0.017592592592592594
1 0.39453125 0.018518518518518517 0.016145833333333335 0.037037037037037035
1 0.24973958333333332 0.05555555555555555 0.016145833333333335 0.03148148148148148
1 0.24869791666666666 0.1814814814814815 0.018229166666666668 0.018518518518518517
1 0.22526041666666666 0.06805555555555555 0.0078125 0.019444444444444445
1 0.27838541666666666 0.13148148148148148 0.011979166666666667 0.027777777777777776
1 0.33255208333333336 0.15694444444444444 0.008854166666666666 0.017592592592592594
1 0.32083333333333336 0.12268518518518519 0.011458333333333333 0.021296296296296296
1 0.28489583333333335 0.25925925925925924 0.014583333333333334 0.03888888888888889
1 0.246875 0.24675925925925926 0.007291666666666667 0.013888888888888888
1 0.234375 0.3194444444444444 0.014583333333333334 0.025925925925925925
1 0.20651041666666667 0.14212962962962963 0.0203125 0.06388888888888888
1 0.3143229166666667 0.32222222222222224 0.024479166666666666 0.03518518518518519
1 0.36276041666666664 0.5027777777777778 0.009895833333333333 0.024074074074074074
1 0.3359375 0.4777777777777778 0.011458333333333333 0.018518518518518517
1 0.25078125 0.9898148148148148 0.027604166666666666 0.018518518518518517
1 0.7611979166666667 0.8629629629629629 0.015104166666666667 0.020370370370370372
1 0.8231770833333333 0.7546296296296297 0.015104166666666667 0.03148148148148148
1 0.7776041666666667 0.7810185185185186 0.009375 0.012037037037037037
1 0.8856770833333333 0.9013888888888889 0.009895833333333333 0.025
1 0.97890625 0.3439814814814815 0.015104166666666667 0.04537037037037037
1 0.97734375 0.3449074074074074 0.011979166666666667 0.04537037037037037
1 0.8033854166666666 0.20972222222222223 0.015104166666666667 0.09351851851851851
1 0.6450520833333333 0.21064814814814814 0.0067708333333333336 0.025
1 0.12473958333333333 0.033796296296296297 0.018229166666666668 0.03611111111111111
1 0.17916666666666667 0.10925925925925926 0.016666666666666666 0.020370370370370372
1 0.15598958333333332 0.0824074074074074 0.019270833333333334 0.027777777777777776
1 0.09791666666666667 0.10925925925925926 0.013541666666666667 0.03518518518518519
1 0.029947916666666668 0.1638888888888889 0.005729166666666666 0.016666666666666666
1 0.028385416666666666 0.23472222222222222 0.015104166666666667 0.058333333333333334
1 0.10338541666666666 0.44212962962962965 0.008854166666666666 0.019444444444444445
1 0.11614583333333334 0.48564814814814816 0.010416666666666666 0.03796296296296296
1 0.128125 0.5342592592592592 0.005208333333333333 0.027777777777777776
1 0.06666666666666667 0.6240740740740741 0.011458333333333333 0.027777777777777776
1 0.012239583333333333 0.7166666666666667 0.0067708333333333336 0.020370370370370372
1 0.14635416666666667 0.7101851851851851 0.013541666666666667 0.025925925925925925
1 0.10598958333333333 0.7430555555555556 0.0046875 0.017592592592592594
1 0.06822916666666666 0.8222222222222222 0.007291666666666667 0.007407407407407408
