2 0.49973958333333335 0.5305555555555556 0.9994791666666667 0.937037037037037
1 0.3528645833333333 0.08518518518518518 0.016145833333333335 0.03333333333333333
1 0.42473958333333334 0.3712962962962963 0.025520833333333333 0.053703703703703705
1 0.38645833333333335 0.487962962962963 0.009375 0.016666666666666666
1 0.21015625 0.38796296296296295 0.005729166666666666 0.016666666666666666
1 0.4046875 0.7393518518518518 0.019791666666666666 0.049074074074074076
1 0.42864583333333334 0.6930555555555555 0.005208333333333333 0.025
1 0.5622395833333333 0.5388888888888889 0.015104166666666667 0.020370370370370372
1 0.5796875 0.3226851851851852 0.008333333333333333 0.019444444444444445
1 0.5598958333333334 0.37175925925925923 0.008333333333333333 0.010185185185185186
1 0.5419270833333333 0.14444444444444443 0.005729166666666666 0.025925925925925925
1 0.7416666666666667 0.16898148148148148 0.016666666666666666 0.025
1 0.8057291666666667 0.350462962962963 0.004166666666666667 0.012037037037037037
1 0.67578125 0.46296296296296297 0.0046875 0.009259259259259259
1 0.7598958333333333 0.5064814814814815 0.007291666666666667 0.018518518518518517
1 0.6125 0.6847222222222222 0.007291666666666667 0.01574074074074074
1 0.59296875 0.6444444444444445 0.0046875 0.011111111111111112
1 0.7239583333333334 0.9041666666666667 0.0125 0.025
1 0.7619791666666667 0.7819444444444444 0.011458333333333333 0.013888888888888888
1 0.7346354166666667 0.7328703703703704 0.011979166666666667 0.013888888888888888
1 0.75078125 0.8680555555555556 0.0078125 0.03425925925925926
1 0.9971354166666667 0.6 0.0046875 0.024074074074074074
1 0.91640625 0.4287037037037037 0.0109375 0.04259259259259259
1 0.9166666666666666 0.3902777777777778 0.0125 0.019444444444444445
1 0.98046875 0.5083333333333333 0.0067708333333333336 0.016666666666666666
1 0.55078125 0.48564814814814816 0.015104166666666667 0.01574074074074074
1 0.39869791666666665 0.8736111111111111 0.0109375 0.023148148148148147
1 0.28151041666666665 0.7865740740740741 0.013020833333333334 0.023148148148148147
