2 0.49973958333333335 0.5375 0.9994791666666667 0.9231481481481482
1 0.8049479166666667 0.2550925925925926 0.0109375 0.028703703703703703
1 0.8119791666666667 0.21805555555555556 0.013541666666666667 0.05277777777777778
1 0.8903645833333333 0.36666666666666664 0.011979166666666667 0.05
1 0.8864583333333333 0.6620370370370371 0.013541666666666667 0.03333333333333333
1 0.7848958333333333 0.8490740740740741 0.019791666666666666 0.018518518518518517
1 0.9916666666666667 0.5791666666666667 0.015625 0.03981481481481482
1 0.9794270833333333 0.6736111111111112 0.005729166666666666 0.023148148148148147
1 0.9947916666666666 0.42916666666666664 0.009375 0.04351851851851852
1 0.6591145833333333 0.8189814814814815 0.015104166666666667 0.032407407407407406
1 0.6838541666666667 0.8009259259259259 0.013541666666666667 0.03148148148148148
1 0.6432291666666666 0.9203703703703704 0.025 0.03148148148148148
1 0.6109375 0.8722222222222222 0.016666666666666666 0.025925925925925925
1 0.5434895833333333 0.6805555555555556 0.011979166666666667 0.025925925925925925
1 0.5533854166666666 0.7518518518518519 0.0067708333333333336 0.014814814814814815
1 0.42630208333333336 0.9375 0.0171875 0.030555555555555555
1 0.38255208333333335 0.9050925925925926 0.008854166666666666 0.021296296296296296
1 0.3763020833333333 0.7439814814814815 0.0067708333333333336 0.01574074074074074
1 0.38385416666666666 0.7013888888888888 0.016666666666666666 0.026851851851851852
1 0.05182291666666667 0.9824074074074074 0.008854166666666666 0.018518518518518517
1 0.07942708333333333 0.9884259259259259 0.016145833333333335 0.021296296296296296
1 0.050520833333333334 0.8393518518518519 0.011458333333333333 0.05092592592592592
1 0.05572916666666667 0.7865740740740741 0.009375 0.028703703703703703
1 0.15625 0.4398148148148148 0.004166666666666667 0.020370370370370372
1 0.027864583333333335 0.3425925925925926 0.005729166666666666 0.02962962962962963
1 0.03359375 0.30694444444444446 0.0109375 0.013888888888888888
1 0.28203125 0.4300925925925926 0.009895833333333333 0.012037037037037037
1 0.4083333333333333 0.3421296296296296 0.009375 0.01574074074074074
1 0.34296875 0.24166666666666667 0.0109375 0.016666666666666666
1 0.47291666666666665 0.22685185185185186 0.008333333333333333 0.014814814814814815
1 0.5963541666666666 0.6666666666666666 0.030208333333333334 0.05
1 0.9067708333333333 0.25833333333333336 0.00625 0.011111111111111112
