2 0.5 0.5 1.0 1.0
1 0.38611796875 0.7793592592592592 0.008694270833333333 0.016125925925925925
1 0.12315677083333335 0.12622777777777777 0.014021875 0.03764074074074074
1 0.11142447916666667 0.22633425925925926 0.010348958333333333 0.028594444444444447
1 0.99166484375 0.5512125 0.009371354166666667 0.020943518518518518
1 0.44317369791666666 0.5166023148148149 0.011347395833333333 0.018389814814814814
1 0.9432942708333333 0.890123611111111 0.016796875 0.03950648148148148
1 0.6596559895833334 0.6905740740740741 0.009936979166666667 0.03485185185185185
1 0.16747942708333333 0.6413888888888889 0.017250520833333335 0.03648148148148148
1 0.48172604166666666 0.09101898148148148 0.007202083333333333 0.006112037037037037
1 0.7974627604166666 0.12617407407407408 0.013675520833333335 0.02271851851851852
