2 0.49270833333333336 0.5837962962962963 0.9854166666666667 0.8305555555555556
1 0.19140625 0.5203703703703704 0.019270833333333334 0.037037037037037035
1 0.3450520833333333 0.4444444444444444 0.0390625 0.05925925925925926
1 0.21197916666666666 0.5893518518518519 0.015625 0.019444444444444445
1 0.22864583333333333 0.5953703703703703 0.013541666666666667 0.018518518518518517
1 0.10625 0.9120370370370371 0.013541666666666667 0.02962962962962963
1 0.7221354166666667 0.8185185185185185 0.021354166666666667 0.037037037037037035
1 0.7052083333333333 0.9518518518518518 0.009375 0.014814814814814815
1 0.8192708333333333 0.46111111111111114 0.020833333333333332 0.02962962962962963
1 0.8317708333333333 0.42592592592592593 0.007291666666666667 0.009259259259259259
1 0.8354166666666667 0.4162037037037037 0.005208333333333333 0.004629629629629629
1 0.8369791666666667 0.4425925925925926 0.003125 0.009259259259259259
1 0.73671875 0.6504629629629629 0.005729166666666666 0.01574074074074074
1 0.8036458333333333 0.5685185185185185 0.007291666666666667 0.016666666666666666
1 0.7518229166666667 0.6523148148148148 0.0078125 0.010185185185185186
1 0.11770833333333333 0.8685185185185185 0.011458333333333333 0.03148148148148148
1 0.2484375 0.7379629629629629 0.027083333333333334 0.08333333333333333
1 0.15520833333333334 0.24027777777777778 0.007291666666666667 0.021296296296296296
1 0.29765625 0.18935185185185185 0.015104166666666667 0.023148148148148147
1 0.21223958333333334 0.65 0.005729166666666666 0.022222222222222223
