2 0.5 0.4620740740740741 1.0 0.9241481481481482
1 0.23086770833333334 0.6591458333333334 0.02319375 0.034958333333333334
1 0.21279401041666668 0.5628837962962963 0.0203796875 0.04798981481481482
1 0.19778567708333333 0.4421064814814815 0.012238020833333333 0.023101851851851853
1 0.12868593749999999 0.3890527777777778 0.017788541666666668 0.026253703703703703
1 0.4938651041666667 0.3893921296296296 0.010646875 0.02693240740740741
1 0.1111796875 0.20240833333333333 0.019234375 0.06407592592592593
1 0.5206526041666667 0.38513287037037036 0.0069302083333333325 0.012858333333333334
1 0.5434877604166667 0.4885689814814815 0.005725520833333333 0.008619444444444443
1 0.90100234375 0.27555277777777776 0.009296354166666666 0.023327777777777777
1 0.028216927083333336 0.2901634259259259 0.015808854166666667 0.022919444444444444
