2 0.5 0.4711875 1.0 0.942375
2 0.918111572265625 0.833255642361111 0.01395751953125 0.02067795138888889
1 0.240723876953125 0.4469396701388889 0.00976806640625 0.03624045138888889
1 0.184359619140625 0.6485338541666666 0.01325048828125 0.02449826388888889
1 0.333926513671875 0.4969157986111111 0.02039208984375 0.033762152777777776
1 0.2968994140625 0.5842083333333333 0.011767578125 0.020847222222222222
1 0.435751220703125 0.4178598090277778 0.01896337890625 0.05620572916666666
1 0.43593701171875 0.4236861979166667 0.0183583984375 0.026191840277777777
1 0.401160400390625 0.22948567708333334 0.03181298828125 0.05619357638888889
1 0.24440625 0.12249956597222221 0.014203125 0.045346354166666665
1 0.27576416015625 0.12449392361111111 0.0095361328125 0.028501736111111113
1 0.59521875 0.0046171875 0.0058671875 0.009234375
1 0.58843896484375 0.3133967013888889 0.0264873046875 0.043460069444444444
1 0.959261962890625 0.2807864583333333 0.00641455078125 0.040739583333333336
1 0.922533447265625 0.3428207465277778 0.00717626953125 0.015502604166666668
1 0.92906103515625 0.31958550347222225 0.0075361328125 0.029796006944444446
1 0.9136640625 0.40896918402777777 0.0079921875 0.03668836805555556
1 0.820667724609375 0.4521471354166667 0.00852294921875 0.015405381944444444
1 0.743424072265625 0.7857473958333334 0.01516845703125 0.014203124999999999
1 0.442425537109375 0.6597126736111112 0.00594482421875 0.026022569444444445
1 0.446814208984375 0.6187239583333333 0.01569873046875 0.03605902777777778
1 0.382867431640625 0.5050881076388889 0.00499267578125 0.008440104166666667
1 0.421958251953125 0.5019774305555555 0.03532275390625 0.028260416666666663
1 0.823023681640625 0.14796788194444443 0.03081298828125 0.02857465277777778
1 0.827614990234375 0.21829210069444444 0.00581591796875 0.0164453125
