2 0.5 0.4737518518518518 1.0 0.9475037037037036
1 0.76156953125 0.6447662037037036 0.0137640625 0.03027314814814815
1 0.92677578125 0.571187962962963 0.008759895833333333 0.022005555555555553
1 0.9034671875 0.6485101851851851 0.004851041666666667 0.03220555555555555
1 0.9107901041666667 0.6958407407407408 0.005955208333333333 0.025014814814814813
1 0.90973046875 0.7170814814814814 0.0038359375 0.008237037037037038
1 0.9221606770833334 0.7370773148148148 0.008904687500000001 0.016747222222222222
1 0.9334486979166667 0.42076851851851854 0.013772395833333334 0.02487037037037037
1 0.94543046875 0.4934208333333333 0.007527604166666666 0.01832314814814815
1 0.9828604166666667 0.5334814814814814 0.0042625 0.009555555555555555
1 0.9859289062500001 0.5106375000000001 0.008316145833333333 0.013867592592592593
1 0.9826700520833334 0.533875462962963 0.0049234375 0.010343518518518518
1 0.9860260416666667 0.5505421296296297 0.0043437499999999995 0.010343518518518518
1 0.9460929687499999 0.8697662037037037 0.006769270833333333 0.015458333333333334
1 0.9434786458333334 0.8102972222222222 0.008832291666666665 0.01689074074074074
1 0.9784502604166666 0.3532328703703703 0.010025520833333332 0.024984259259259258
1 0.9396505208333333 0.3768083333333333 0.009509374999999999 0.022135185185185185
1 0.9877411458333333 0.6771731481481481 0.011940625 0.08027222222222223
1 0.8423382812500001 0.19448935185185184 0.014884895833333333 0.026015740740740742
1 0.8180755208333333 0.1531236111111111 0.02469270833333333 0.034025
1 0.7308174479166667 0.12102314814814813 0.021009895833333334 0.0494537037037037
1 0.7024851562500001 0.13839722222222223 0.010178645833333333 0.017535185185185185
1 0.7146338541666667 0.18654537037037036 0.006351041666666667 0.017535185185185185
1 0.7895622395833333 0.27773564814814816 0.005166145833333333 0.02028611111111111
1 0.7997369791666666 0.1972162037037037 0.008848958333333332 0.012950925925925926
1 0.7011002604166666 0.3462259259259259 0.02615885416666667 0.03319259259259259
1 0.5903510416666666 0.16419259259259258 0.015077083333333333 0.05431111111111111
1 0.6034880208333333 0.2102402777777778 0.016351041666666667 0.016776851851851852
1 0.5650846354166668 0.20824305555555556 0.011419270833333333 0.018337962962962962
1 0.5681421875 0.14178796296296298 0.010242708333333333 0.015057407407407408
1 0.4818497395833333 0.08889120370370371 0.03349114583333333 0.04074537037037037
1 0.47733203124999996 0.00305 0.022372395833333333 0.0061
1 0.53906328125 0.8939768518518518 0.007293229166666667 0.01573148148148148
1 0.46600859375 0.8712365740740741 0.09555885416666668 0.09617685185185185
1 0.5021026041666666 0.8740092592592592 0.025038541666666667 0.0295
1 0.48533828125 0.8399356481481481 0.013384895833333334 0.0298712962962963
1 0.47705885416666666 0.8693361111111112 0.012451041666666666 0.022005555555555553
1 0.42389010416666667 0.896775462962963 0.011321875 0.023180555555555555
1 0.4708447916666667 0.898925462962963 0.040647916666666666 0.04044351851851852
1 0.4177359375 0.7961611111111111 0.016721875 0.027507407407407408
1 0.44481588541666667 0.7900768518518518 0.0156734375 0.024598148148148147
1 0.48293125 0.7921444444444444 0.006487499999999999 0.010214814814814815
1 0.39719427083333336 0.7485523148148149 0.015221875 0.02673425925925926
1 0.3706763020833333 0.9707638888888889 0.09239427083333333 0.02486111111111111
1 0.3617372395833333 0.7541277777777777 0.0036828125 0.006403703703703704
1 0.36276875 0.755575 0.005745833333333334 0.009298148148148147
1 0.33301328125 0.7015597222222222 0.0379015625 0.04571203703703704
1 0.309634375 0.7010949074074074 0.015102083333333332 0.03181944444444445
1 0.31993489583333334 0.7698305555555556 0.013828125 0.030401851851851854
1 0.3229015625 0.771324537037037 0.0030947916666666667 0.007463888888888889
1 0.31622369791666666 0.7402504629629629 0.019947395833333333 0.050871296296296296
1 0.3022138020833333 0.7438240740740741 0.010677604166666667 0.017277777777777777
1 0.4324838541666667 0.6193814814814815 0.005592708333333333 0.012837037037037037
1 0.3556109375 0.5916287037037037 0.017471875 0.023998148148148147
1 0.3850768229166667 0.4087125 0.0086953125 0.015573148148148147
1 0.30943203125 0.4043939814814815 0.011572395833333334 0.019899074074074072
1 0.3251625 0.4689527777777778 0.010741666666666667 0.017535185185185185
1 0.28798098958333335 0.39366064814814816 0.0155453125 0.02250648148148148
1 0.2668536458333334 0.4041601851851852 0.014957291666666667 0.01757962962962963
1 0.26457734374999997 0.444125 0.021863020833333333 0.040101851851851854
1 0.21053098958333333 0.545024074074074 0.0231453125 0.03634444444444445
1 0.2779083333333333 0.6215569444444445 0.006858333333333333 0.011632407407407407
1 0.23340651041666666 0.7184898148148149 0.007438020833333334 0.00735
1 0.34830937500000003 0.7725032407407407 0.014327083333333332 0.028339814814814814
1 0.07732682291666666 0.670887037037037 0.010903645833333333 0.02881111111111111
1 0.15842760416666665 0.7618328703703704 0.0074802083333333335 0.03848055555555555
1 0.11048645833333334 0.5985791666666667 0.014722916666666667 0.021232407407407408
1 0.123546875 0.5578194444444445 0.007510416666666667 0.011935185185185186
1 0.06726562500000001 0.39239305555555554 0.045989583333333334 0.1347861111111111
1 0.08298932291666666 0.4059148148148148 0.008686979166666666 0.02108888888888889
1 0.052417708333333334 0.41432731481481483 0.017335416666666666 0.041617592592592595
1 0.07611822916666666 0.37395833333333334 0.011611458333333333 0.03680555555555556
1 0.00404609375 0.42812083333333334 0.007050520833333334 0.022908333333333333
1 0.04786171875 0.29199166666666665 0.010306770833333334 0.026575925925925926
1 0.3162052083333334 0.48895740740740734 0.02199375 0.044581481481481486
1 0.14273515625 0.3289592592592593 0.017761979166666667 0.03199259259259259
1 0.09506979166666667 0.1813087962962963 0.007847916666666666 0.03669166666666667
1 0.042868489583333336 0.05684953703703704 0.008653645833333333 0.034069444444444444
1 0.03279817708333333 0.04043935185185185 0.0020546875 0.00680462962962963
1 0.03780833333333333 0.015106018518518517 0.009991666666666668 0.030212037037037034
1 0.11825416666666667 0.012900462962962963 0.011508333333333334 0.025800925925925925
1 0.11921171875 0.05737546296296296 0.018631770833333335 0.0462324074074074
1 0.7897291666666667 0.9090685185185186 0.010708333333333332 0.04035925925925926
