2 0.5 0.4979902777777778 1.0 0.9959805555555556
1 0.5765890625 0.834012962962963 0.010469791666666667 0.027285185185185187
1 0.6943033854166667 0.49689398148148145 0.012565104166666667 0.030824999999999998
1 0.7237528645833333 0.5276634259259259 0.024589062499999998 0.02384537037037037
1 0.41305885416666666 0.16668055555555555 0.01570104166666667 0.03891666666666667
1 0.2086140625 0.2268263888888889 0.022436458333333336 0.025875
1 0.2278609375 0.6962888888888888 0.02030520833333333 0.0648
1 0.5526927083333334 0.16971712962962962 0.012677083333333334 0.024619444444444444
1 0.6525846354166667 0.04835277777777778 0.0218359375 0.02263148148148148
1 0.75885859375 0.5369583333333333 0.017717187500000002 0.05539814814814815
1 0.6777718749999999 0.6897541666666667 0.00866875 0.022100925925925927
1 0.6957520833333334 0.7297319444444444 0.014420833333333332 0.03353796296296296
1 0.7719966145833334 0.7246245370370371 0.010659895833333332 0.012212037037037037
1 0.15340546875 0.7768856481481482 0.012019270833333335 0.040808333333333335
1 0.16229427083333334 0.5005148148148149 0.010005208333333333 0.0251037037037037
1 0.2245125 0.326087037037037 0.012566666666666667 0.020692592592592592
1 0.22366822916666665 0.4582342592592593 0.005669791666666666 0.018320370370370372
1 0.05873854166666667 0.1831837962962963 0.007060416666666666 0.027478703703703703
1 0.09470208333333334 0.29506435185185187 0.012320833333333333 0.014202777777777778
1 0.11576276041666667 0.761113888888889 0.009650520833333334 0.016672222222222224
1 0.19626640625 0.8658731481481482 0.016491145833333335 0.0317462962962963
1 0.11869010416666666 0.8313648148148148 0.006130208333333333 0.042359259259259256
1 0.41426927083333337 0.7775712962962963 0.019163541666666666 0.03106851851851852
1 0.08600755208333334 0.7833592592592593 0.009515104166666667 0.02597777777777778
1 0.07083515625 0.8194675925925926 0.0041703124999999995 0.009305555555555556
1 0.21127135416666668 0.9468810185185185 0.007959375 0.01783611111111111
