2 0.49973958333333335 0.5375 0.9994791666666667 0.9231481481481482
1 0.062239583333333334 0.9444444444444444 0.015104166666666667 0.04259259259259259
1 0.01953125 0.8356481481481481 0.011979166666666667 0.041666666666666664
1 0.4783854166666667 0.6134259259259259 0.0203125 0.03796296296296296
1 0.45703125 0.8069444444444445 0.013020833333333334 0.028703703703703703
1 0.46822916666666664 0.7402777777777778 0.01875 0.032407407407407406
1 0.4895833333333333 0.8023148148148148 0.029166666666666667 0.0712962962962963
1 0.60859375 0.17037037037037037 0.009895833333333333 0.027777777777777776
1 0.4708333333333333 0.2569444444444444 0.0125 0.041666666666666664
1 0.48880208333333336 0.5055555555555555 0.0109375 0.03518518518518519
1 0.9520833333333333 0.8425925925925926 0.010416666666666666 0.020370370370370372
1 0.011197916666666667 0.7828703703703703 0.0046875 0.01574074074074074
