2 0.49973958333333335 0.5157407407407407 0.9994791666666667 0.9666666666666667
1 0.0390625 0.8189814814814815 0.028125 0.062037037037037036
1 0.17161458333333332 0.6916666666666667 0.0171875 0.06296296296296296
1 0.13619791666666667 0.5138888888888888 0.019270833333333334 0.044444444444444446
1 0.1515625 0.5486111111111112 0.01875 0.05648148148148148
1 0.10390625 0.5717592592592593 0.0203125 0.01574074074074074
1 0.19869791666666667 0.9078703703703703 0.008854166666666666 0.019444444444444445
1 0.022916666666666665 0.6814814814814815 0.010416666666666666 0.016666666666666666
1 0.28541666666666665 0.37592592592592594 0.021875 0.04259259259259259
1 0.15755208333333334 0.47175925925925927 0.0171875 0.03425925925925926
1 0.12994791666666666 0.17222222222222222 0.0140625 0.03148148148148148
1 0.13541666666666666 0.10555555555555556 0.011458333333333333 0.04814814814814815
1 0.15703125 0.07592592592592592 0.015104166666666667 0.027777777777777776
1 0.14348958333333334 0.15462962962962962 0.009895833333333333 0.03333333333333333
1 0.11380208333333333 0.10416666666666667 0.0109375 0.03611111111111111
1 0.15442708333333333 0.27314814814814814 0.016145833333333335 0.10555555555555556
1 0.40520833333333334 0.5013888888888889 0.0375 0.049074074074074076
1 0.49921875 0.5939814814814814 0.011979166666666667 0.021296296296296296
1 0.7346354166666667 0.8458333333333333 0.024479166666666666 0.032407407407407406
1 0.7026041666666667 0.8939814814814815 0.026041666666666668 0.03611111111111111
1 0.72109375 0.9898148148148148 0.022395833333333334 0.018518518518518517
1 0.6809895833333334 0.9773148148148149 0.015104166666666667 0.028703703703703703
1 0.5041666666666667 0.3578703703703704 0.029166666666666667 0.05648148148148148
1 0.4359375 0.2439814814814815 0.013541666666666667 0.032407407407407406
1 0.37447916666666664 0.28379629629629627 0.016666666666666666 0.030555555555555555
1 0.89765625 0.8819444444444444 0.050520833333333334 0.14166666666666666
1 0.9044270833333333 0.8703703703703703 0.03697916666666667 0.1111111111111111
1 0.6216145833333333 0.7615740740740741 0.005729166666666666 0.008333333333333333
1 0.6333333333333333 0.774074074074074 0.0125 0.016666666666666666
1 0.64296875 0.6027777777777777 0.022395833333333334 0.03518518518518519
1 0.615625 0.5805555555555556 0.009375 0.014814814814814815
1 0.6059895833333333 0.45787037037037037 0.016145833333333335 0.04351851851851852
1 0.3223958333333333 0.6328703703703704 0.011458333333333333 0.026851851851851852
1 0.525 0.9856481481481482 0.009375 0.026851851851851852
