2 0.49973958333333335 0.49953703703703706 0.9994791666666667 0.9990740740740741
1 0.2046875 0.08009259259259259 0.016666666666666666 0.04722222222222222
1 0.315625 0.300462962962963 0.021875 0.04537037037037037
1 0.2734375 0.15416666666666667 0.015625 0.030555555555555555
1 0.61953125 0.5231481481481481 0.0171875 0.03518518518518519
1 0.38645833333333335 0.5037037037037037 0.010416666666666666 0.018518518518518517
1 0.08098958333333334 0.712037037037037 0.0067708333333333336 0.014814814814814815
1 0.026822916666666665 0.6875 0.005729166666666666 0.017592592592592594
1 0.12161458333333333 0.9666666666666667 0.0140625 0.03148148148148148
1 0.6450520833333333 0.9342592592592592 0.016145833333333335 0.03333333333333333
1 0.73359375 0.9921296296296296 0.009895833333333333 0.013888888888888888
1 0.8356770833333333 0.6537037037037037 0.019270833333333334 0.03333333333333333
1 0.7989583333333333 0.7268518518518519 0.007291666666666667 0.009259259259259259
1 0.9471354166666667 0.6819444444444445 0.0067708333333333336 0.01574074074074074
1 0.9854166666666667 0.5856481481481481 0.010416666666666666 0.028703703703703703
1 0.9645833333333333 0.6578703703703703 0.008333333333333333 0.017592592592592594
1 0.9947916666666666 0.7972222222222223 0.009375 0.027777777777777776
1 0.9317708333333333 0.7949074074074074 0.016666666666666666 0.008333333333333333
1 0.92109375 0.33796296296296297 0.0067708333333333336 0.027777777777777776
1 0.6252604166666667 0.018055555555555554 0.019270833333333334 0.03611111111111111
