2 0.47843151041666665 0.5617847222222222 0.9568630208333333 0.8772731481481482
1 0.7436856770833333 0.42310555555555557 0.013413020833333334 0.02398888888888889
1 0.6256424479166667 0.8614481481481482 0.010659895833333332 0.009933333333333334
1 0.6297377604166667 0.42314583333333333 0.011558854166666667 0.01851388888888889
1 0.6497947916666666 0.31996574074074075 0.019381250000000003 0.023264814814814815
1 0.68548125 0.36057453703703707 0.006379166666666667 0.02670462962962963
1 0.6677841145833334 0.29930462962962967 0.016818229166666664 0.03194259259259259
1 0.6343192708333334 0.1930125 0.010305208333333335 0.01565462962962963
1 0.5184296875 0.2930277777777778 0.006651041666666666 0.010129629629629629
1 0.49444401041666663 0.5237856481481481 0.0118046875 0.006830555555555555
1 0.2100013020833333 0.35121712962962964 0.011669270833333334 0.026508333333333335
1 0.4391981770833333 0.3897476851851852 0.010688020833333334 0.023939814814814817
1 0.19864765625 0.43604444444444446 0.03271197916666667 0.04245925925925926
1 0.09202994791666666 0.6490851851851851 0.0319765625 0.0666888888888889
