1 0.5 0.5501763888888889 1.0 0.9003527777777778
1 0.14361692708333335 0.6356532407407407 0.018483854166666664 0.0361212962962963
1 0.07004010416666667 0.6879199074074074 0.009871875 0.035099074074074074
1 0.065434375 0.6166773148148148 0.010035416666666666 0.018539814814814815
1 0.029778645833333332 0.591436111111111 0.017890625 0.032872222222222226
1 0.78809609375 0.5952851851851853 0.022025520833333333 0.033162962962962964
1 0.6285872395833334 0.6029282407407408 0.023841145833333334 0.03733796296296297
1 0.7032700520833333 0.7968787037037037 0.020081770833333335 0.0326462962962963
1 0.6225729166666666 0.9273925925925925 0.004520833333333333 0.01034074074074074
1 0.14704244791666668 0.4408638888888889 0.006584895833333334 0.020616666666666665
1 0.04633255208333333 0.33231759259259264 0.011415104166666667 0.02945
1 0.09850598958333333 0.27127546296296295 0.013678645833333334 0.014773148148148148
1 0.1415640625 0.5661319444444445 0.008128125 0.013745370370370371
1 0.08001640624999999 0.5588703703703705 0.014199479166666668 0.021444444444444443
1 0.026190104166666665 0.563050925925926 0.009671875 0.029805555555555554
1 0.015019531249999999 0.45010694444444443 0.009205729166666668 0.02058425925925926
1 0.39665546874999996 0.5031324074074074 0.0339359375 0.056264814814814816
1 0.07835598958333333 0.8459421296296296 0.006711979166666667 0.01410648148148148
1 0.036771614583333334 0.9070064814814814 0.005834895833333333 0.008457407407407408
1 0.03523619791666666 0.7910870370370371 0.0058890625 0.011803703703703703
1 0.0129828125 0.8750773148148148 0.005132291666666666 0.011265740740740741
1 0.04738515625 0.25325277777777777 0.005186979166666666 0.013912962962962962
1 0.3020184895833333 0.7991203703703703 0.004036979166666667 0.0075
1 0.35855598958333335 0.7431314814814814 0.004611979166666667 0.015892592592592594
1 0.5865942708333333 0.31026296296296296 0.03673020833333333 0.13534074074074073
1 0.5638906250000001 0.45751296296296295 0.007989583333333333 0.024285185185185187
