2 0.5096354166666667 0.5217592592592593 0.9796875 0.9564814814814815
1 0.5072916666666667 0.04675925925925926 0.01875 0.017592592592592594
1 0.5463541666666667 0.17685185185185184 0.009375 0.024074074074074074
1 0.62734375 0.1875 0.011979166666666667 0.021296296296296296
1 0.46041666666666664 0.3976851851851852 0.004166666666666667 0.058333333333333334
1 0.3098958333333333 0.5175925925925926 0.0125 0.022222222222222223
1 0.8036458333333333 0.7342592592592593 0.01875 0.02962962962962963
1 0.29244791666666664 0.7041666666666667 0.011979166666666667 0.026851851851851852
1 0.39505208333333336 0.8685185185185185 0.043229166666666666 0.06296296296296296
1 0.7138020833333333 0.9810185185185185 0.021354166666666667 0.03611111111111111
1 0.4388020833333333 0.32175925925925924 0.0140625 0.05092592592592592
1 0.4627604166666667 0.30787037037037035 0.009895833333333333 0.019444444444444445
