2 0.47527604166666665 0.5749699074074074 0.9505520833333333 0.8499398148148147
1 0.5775768229166667 0.43755324074074076 0.011403645833333333 0.03806944444444445
1 0.445153125 0.3393865740740741 0.02676458333333333 0.045439814814814815
1 0.6263643229166667 0.3292768518518519 0.004811979166666667 0.010405555555555555
1 0.5885356770833333 0.5411916666666666 0.019779687499999997 0.03979074074074074
1 0.6337848958333333 0.7989486111111112 0.029028125000000002 0.04048981481481481
1 0.7434369791666666 0.913373611111111 0.012915624999999998 0.03230277777777778
1 0.009006510416666667 0.7535351851851851 0.007596354166666667 0.021885185185185185
1 0.013575520833333332 0.8351796296296297 0.008401041666666666 0.018507407407407406
1 0.051446354166666666 0.9425717592592592 0.003934375 0.014773148148148148
1 0.14111640625 0.6952217592592593 0.0072328125000000005 0.010813888888888889
1 0.61176015625 0.32026712962962967 0.013103645833333333 0.02016388888888889
