2 0.49973958333333335 0.5194444444444445 0.9994791666666667 0.9592592592592593
1 0.46640625 0.8847222222222222 0.022395833333333334 0.030555555555555555
1 0.41770833333333335 0.9143518518518519 0.017708333333333333 0.026851851851851852
1 0.37395833333333334 0.8902777777777777 0.01875 0.03425925925925926
1 0.30885416666666665 0.9319444444444445 0.010416666666666666 0.04537037037037037
1 0.6513020833333333 0.862037037037037 0.0265625 0.04814814814814815
1 0.69375 0.7537037037037037 0.025 0.04259259259259259
1 0.32473958333333336 0.6101851851851852 0.025520833333333333 0.040740740740740744
1 0.3921875 0.5027777777777778 0.017708333333333333 0.02962962962962963
1 0.48333333333333334 0.275 0.019791666666666666 0.04259259259259259
1 0.58984375 0.31712962962962965 0.015104166666666667 0.032407407407407406
1 0.5421875 0.5476851851851852 0.035416666666666666 0.026851851851851852
1 0.8096354166666667 0.6472222222222223 0.021354166666666667 0.03888888888888889
1 0.86328125 0.549074074074074 0.0109375 0.024074074074074074
1 0.8747395833333333 0.6763888888888889 0.008854166666666666 0.021296296296296296
1 0.6153645833333333 0.7865740740740741 0.011979166666666667 0.019444444444444445
1 0.7078125 0.9212962962962963 0.010416666666666666 0.016666666666666666
1 0.8106770833333333 0.887962962962963 0.0078125 0.016666666666666666
1 0.7986979166666667 0.7601851851851852 0.0026041666666666665 0.009259259259259259
1 0.7984375 0.7439814814814815 0.004166666666666667 0.008333333333333333
1 0.7953125 0.7796296296296297 0.010416666666666666 0.016666666666666666
1 0.8830729166666667 0.7861111111111111 0.0078125 0.014814814814814815
1 0.8716145833333333 0.749537037037037 0.0067708333333333336 0.019444444444444445
1 0.6572916666666667 0.6754629629629629 0.009375 0.01574074074074074
1 0.6677083333333333 0.6398148148148148 0.0125 0.022222222222222223
1 0.7294270833333333 0.6347222222222222 0.0078125 0.017592592592592594
1 0.7497395833333333 0.6347222222222222 0.009895833333333333 0.019444444444444445
1 0.44453125 0.700925925925926 0.011979166666666667 0.016666666666666666
1 0.6447916666666667 0.6125 0.009375 0.025
1 0.11927083333333334 0.8319444444444445 0.027083333333333334 0.05092592592592592
1 0.190625 0.8074074074074075 0.014583333333333334 0.04259259259259259
1 0.35078125 0.7282407407407407 0.025520833333333333 0.04351851851851852
1 0.3299479166666667 0.7981481481481482 0.0171875 0.03148148148148148
1 0.27708333333333335 0.6694444444444444 0.022916666666666665 0.037037037037037035
1 0.09817708333333333 0.6365740740740741 0.013020833333333334 0.023148148148148147
1 0.10416666666666667 0.913425925925926 0.0125 0.026851851851851852
1 0.06354166666666666 0.9375 0.007291666666666667 0.025
1 0.06328125 0.9930555555555556 0.013020833333333334 0.012037037037037037
1 0.25104166666666666 0.9851851851851852 0.014583333333333334 0.027777777777777776
1 0.07239583333333334 0.7949074074074074 0.007291666666666667 0.01574074074074074
1 0.06796875 0.3212962962962963 0.0078125 0.03518518518518519
1 0.18463541666666666 0.11851851851851852 0.008854166666666666 0.022222222222222223
1 0.15859375 0.22777777777777777 0.0046875 0.012962962962962963
1 0.10260416666666666 0.22870370370370371 0.00625 0.009259259259259259
1 0.18880208333333334 0.16574074074074074 0.0067708333333333336 0.014814814814814815
1 0.3104166666666667 0.12916666666666668 0.016666666666666666 0.03611111111111111
1 0.3203125 0.09027777777777778 0.011458333333333333 0.010185185185185186
1 0.4083333333333333 0.10231481481481482 0.023958333333333335 0.028703703703703703
1 0.41067708333333336 0.07962962962962963 0.022395833333333334 0.02962962962962963
1 0.48359375 0.2101851851851852 0.021354166666666667 0.02962962962962963
1 0.4791666666666667 0.13425925925925927 0.004166666666666667 0.009259259259259259
1 0.4708333333333333 0.17175925925925925 0.011458333333333333 0.06388888888888888
1 0.5950520833333334 0.487962962962963 0.008854166666666666 0.012962962962962963
1 0.34375 0.04490740740740741 0.028125 0.01574074074074074
1 0.43645833333333334 0.9879629629629629 0.021875 0.022222222222222223
1 0.31536458333333334 0.5634259259259259 0.005729166666666666 0.030555555555555555
1 0.32786458333333335 0.575462962962963 0.013020833333333334 0.030555555555555555
1 0.48411458333333335 0.6328703703703704 0.0046875 0.021296296296296296
1 0.9559895833333333 0.3074074074074074 0.016145833333333335 0.020370370370370372
1 0.021614583333333333 0.4824074074074074 0.0067708333333333336 0.020370370370370372
