2 0.49973958333333335 0.5152777777777777 0.9994791666666667 0.9675925925925926
1 0.3528645833333333 0.7837962962962963 0.0171875 0.030555555555555555
1 0.4114583333333333 0.5569444444444445 0.014583333333333334 0.041666666666666664
1 0.46796875 0.5018518518518519 0.024479166666666666 0.03148148148148148
1 0.18098958333333334 0.8495370370370371 0.0234375 0.041666666666666664
1 0.06197916666666667 0.48518518518518516 0.016666666666666666 0.03518518518518519
1 0.6278645833333333 0.11944444444444445 0.0234375 0.05
1 0.5822916666666667 0.4888888888888889 0.0125 0.02962962962962963
1 0.334375 0.9550925925925926 0.017708333333333333 0.04722222222222222
1 0.3528645833333333 0.7199074074074074 0.008854166666666666 0.06574074074074074
1 0.87109375 0.5745370370370371 0.0203125 0.026851851851851852
1 0.7130208333333333 0.09722222222222222 0.008333333333333333 0.020370370370370372
1 0.08802083333333334 0.9106481481481481 0.010416666666666666 0.023148148148148147
1 0.07916666666666666 0.9736111111111111 0.009375 0.021296296296296296
1 0.03307291666666667 0.775 0.0078125 0.022222222222222223
1 0.12317708333333334 0.5365740740740741 0.015104166666666667 0.023148148148148147
1 0.07109375 0.37916666666666665 0.009895833333333333 0.017592592592592594
1 0.009114583333333334 0.662962962962963 0.0078125 0.024074074074074074
1 0.22421875 0.19444444444444445 0.009895833333333333 0.025925925925925925
1 0.23177083333333334 0.300462962962963 0.007291666666666667 0.021296296296296296
