2 0.47434479166666665 0.4166537037037037 0.9486895833333333 0.8333074074074074
1 0.4487643229166667 0.3744314814814815 0.021486979166666666 0.06738148148148149
1 0.6334325520833333 0.09736898148148149 0.023115104166666667 0.05029351851851852
1 0.3448190104166667 0.14539675925925927 0.024013020833333332 0.04079351851851852
1 0.52686796875 0.6795944444444444 0.01727760416666667 0.051781481481481484
1 0.27825494791666666 0.7477777777777778 0.0138015625 0.0362962962962963
1 0.26791197916666665 0.548388425925926 0.021240625 0.04677685185185185
1 0.22255364583333334 0.509011574074074 0.012815625 0.05691203703703704
1 0.57187578125 0.3869037037037037 0.011459895833333334 0.018251851851851852
1 0.212846875 0.6042912037037037 0.024652083333333335 0.043767592592592594
1 0.2807971354166667 0.8051083333333334 0.0188859375 0.03429074074074074
1 0.14369635416666665 0.12464583333333334 0.014476041666666667 0.040032407407407405
1 0.10371666666666667 0.18525185185185186 0.015766666666666665 0.04087407407407407
1 0.3154927083333333 0.7006768518518518 0.016402083333333334 0.03653888888888889
1 0.06753515624999999 0.09988472222222222 0.017361979166666666 0.03310277777777777
1 0.18448541666666665 0.7681361111111111 0.0137625 0.021457407407407408
1 0.03221171875 0.36516018518518517 0.006090104166666666 0.01920925925925926
1 0.5332236979166667 0.09745694444444444 0.03519739583333333 0.07083981481481481
1 0.41697239583333334 0.810662037037037 0.012069791666666666 0.013916666666666666
1 0.24917526041666666 0.6230111111111111 0.010850520833333332 0.020096296296296296
1 0.19781119791666668 0.5629888888888889 0.014372395833333333 0.016718518518518518
