2 0.5 0.4707513888888889 1.0 0.9415027777777778
1 0.8191640625000001 0.8107356481481481 0.008119791666666666 0.017767592592592592
1 0.6099833333333333 0.7054046296296296 0.018925 0.027475925925925924
1 0.5539367187500001 0.8159180555555555 0.0078734375 0.013317592592592591
1 0.5906317708333333 0.747099537037037 0.008346875 0.012717592592592593
1 0.5488666666666667 0.5568967592592592 0.025858333333333334 0.03416388888888889
1 0.6178364583333333 0.45411574074074074 0.009631250000000001 0.02675
1 0.6180388020833333 0.2788189814814815 0.02461927083333333 0.06689722222222222
1 0.47540937499999997 0.3900199074074074 0.012277083333333333 0.041150925925925924
1 0.9032947916666667 0.024103703703703704 0.006589583333333333 0.014874074074074074
1 0.8896296874999999 0.298937037037037 0.011551041666666668 0.020096296296296296
1 0.21541484375 0.8872226851851852 0.016246354166666668 0.030000925925925927
1 0.22290286458333333 0.9218166666666667 0.0072640625 0.02141111111111111
1 0.2811166666666667 0.8236268518518519 0.015358333333333333 0.03429074074074074
1 0.16889791666666668 0.5605037037037037 0.018004166666666665 0.021007407407407405
1 0.12446041666666667 0.15126574074074073 0.016629166666666667 0.043272222222222226
1 0.11715286458333334 0.12167499999999999 0.006180729166666667 0.02297962962962963
1 0.050446614583333334 0.17039814814814816 0.008184895833333334 0.02783333333333333
1 0.1103890625 0.7022342592592593 0.009319791666666665 0.011875925925925927
