2 0.49973958333333335 0.5365740740740741 0.9994791666666667 0.925
1 0.039322916666666666 0.14305555555555555 0.008854166666666666 0.019444444444444445
1 0.030989583333333334 0.26481481481481484 0.0046875 0.011111111111111112
1 0.011458333333333333 0.46111111111111114 0.011458333333333333 0.03888888888888889
1 0.05182291666666667 0.5768518518518518 0.005729166666666666 0.03148148148148148
1 0.3489583333333333 0.6435185185185185 0.025 0.06666666666666667
1 0.44140625 0.5745370370370371 0.030729166666666665 0.03611111111111111
1 0.4309895833333333 0.637962962962963 0.0171875 0.05740740740740741
1 0.3541666666666667 0.5564814814814815 0.0125 0.03888888888888889
1 0.37942708333333336 0.5736111111111111 0.016145833333333335 0.025
1 0.38958333333333334 0.6527777777777778 0.010416666666666666 0.03148148148148148
1 0.37395833333333334 0.6333333333333333 0.005208333333333333 0.022222222222222223
1 0.3841145833333333 0.9347222222222222 0.0067708333333333336 0.008333333333333333
1 0.5205729166666667 0.7953703703703704 0.018229166666666668 0.02962962962962963
1 0.4830729166666667 0.8148148148148148 0.0140625 0.025925925925925925
1 0.5815104166666667 0.7907407407407407 0.015104166666666667 0.044444444444444446
1 0.4981770833333333 0.9393518518518519 0.0078125 0.013888888888888888
1 0.5638020833333334 0.9120370370370371 0.03802083333333333 0.053703703703703705
1 0.5510416666666667 0.8916666666666667 0.014583333333333334 0.024074074074074074
1 0.596875 0.8597222222222223 0.010416666666666666 0.013888888888888888
1 0.6630208333333333 0.8671296296296296 0.011458333333333333 0.019444444444444445
1 0.64296875 0.8333333333333334 0.0140625 0.020370370370370372
1 0.6348958333333333 0.7462962962962963 0.03229166666666667 0.044444444444444446
1 0.7375 0.7185185185185186 0.03958333333333333 0.05185185185185185
1 0.6802083333333333 0.8976851851851851 0.005208333333333333 0.012037037037037037
1 0.7216145833333333 0.8328703703703704 0.0140625 0.028703703703703703
1 0.7283854166666667 0.5921296296296297 0.0109375 0.03425925925925926
1 0.72578125 0.5337962962962963 0.005729166666666666 0.010185185185185186
1 0.7161458333333334 0.6222222222222222 0.007291666666666667 0.014814814814814815
1 0.7190104166666667 0.3875 0.008854166666666666 0.017592592592592594
1 0.7135416666666666 0.3375 0.011458333333333333 0.023148148148148147
1 0.9098958333333333 0.22777777777777777 0.011458333333333333 0.027777777777777776
1 0.95625 0.8944444444444445 0.027083333333333334 0.09444444444444444
1 0.6083333333333333 0.4986111111111111 0.011458333333333333 0.01574074074074074
1 0.5151041666666667 0.11342592592592593 0.019791666666666666 0.030555555555555555
1 0.47604166666666664 0.10555555555555556 0.028125 0.03888888888888889
1 0.45286458333333335 0.10972222222222222 0.016145833333333335 0.026851851851851852
1 0.4192708333333333 0.15601851851851853 0.013541666666666667 0.019444444444444445
1 0.46432291666666664 0.15601851851851853 0.009895833333333333 0.026851851851851852
1 0.48541666666666666 0.21666666666666667 0.00625 0.018518518518518517
1 0.4947916666666667 0.25462962962962965 0.009375 0.020370370370370372
1 0.5385416666666667 0.23935185185185184 0.01875 0.04537037037037037
1 0.50859375 0.21157407407407408 0.008854166666666666 0.010185185185185186
1 0.4981770833333333 0.20324074074074075 0.005729166666666666 0.010185185185185186
1 0.4471354166666667 0.2972222222222222 0.015104166666666667 0.02962962962962963
1 0.46119791666666665 0.29953703703703705 0.009895833333333333 0.025
1 0.46875 0.33796296296296297 0.014583333333333334 0.024074074074074074
1 0.45286458333333335 0.30892731481481484 0.0067708333333333336 0.01600277777777778
1 0.44609375 0.26435185185185184 0.009895833333333333 0.017592592592592594
1 0.3885416666666667 0.15138888888888888 0.025 0.03796296296296296
1 0.3229166666666667 0.19768518518518519 0.014583333333333334 0.04722222222222222
1 0.2604166666666667 0.19305555555555556 0.008333333333333333 0.01574074074074074
1 0.26848958333333334 0.26481481481481484 0.028645833333333332 0.08703703703703704
1 0.37473958333333335 0.3236111111111111 0.015104166666666667 0.05277777777777778
1 0.34479166666666666 0.44722222222222224 0.025 0.05185185185185185
1 0.4015625 0.36018518518518516 0.009375 0.04259259259259259
1 0.13463541666666667 0.9013888888888889 0.0067708333333333336 0.013888888888888888
1 0.8171875 0.7203703703703703 0.00625 0.011111111111111112
1 0.7098958333333333 0.8930555555555556 0.00625 0.010185185185185186
1 0.46197916666666666 0.22268518518518518 0.017708333333333333 0.028703703703703703
1 0.46067708333333335 0.20046296296296295 0.0171875 0.028703703703703703
1 0.4283854166666667 0.22453703703703703 0.013020833333333334 0.03611111111111111
1 0.4783854166666667 0.12777777777777777 0.016145833333333335 0.020370370370370372
