2 0.49973958333333335 0.5393518518518519 0.9994791666666667 0.9194444444444444
1 0.4778645833333333 0.2726851851851852 0.03802083333333333 0.07314814814814814
1 0.5354166666666667 0.6856481481481481 0.021875 0.07685185185185185
1 0.4859375 0.8 0.017708333333333333 0.027777777777777776
1 0.8375 0.7384259259259259 0.014583333333333334 0.04722222222222222
1 0.77734375 0.6282407407407408 0.0265625 0.06759259259259259
1 0.5783854166666667 0.8837962962962963 0.015104166666666667 0.021296296296296296
1 0.34088541666666666 0.9421296296296297 0.016145833333333335 0.030555555555555555
1 0.5147859375 0.5449074074074074 0.032696875 0.06944444444444445
1 0.8140625 0.8888888888888888 0.016666666666666666 0.03148148148148148
1 0.7638020833333333 0.8319444444444445 0.008854166666666666 0.025
1 0.15078125 0.725 0.018229166666666668 0.053703703703703705
1 0.009375 0.8023148148148148 0.013541666666666667 0.03981481481481482
1 0.10182291666666667 0.899537037037037 0.0109375 0.03425925925925926
1 0.12604166666666666 0.5578703703703703 0.014583333333333334 0.019444444444444445
1 0.065625 0.8902777777777777 0.00625 0.023148148148148147
1 0.09021276041666668 0.9013115740740741 0.010633854166666668 0.022993518518518517
1 0.5028645833333333 0.1597222222222222 0.011979166666666667 0.03981481481481482
1 0.7578125 0.2564814814814815 0.014583333333333334 0.04259259259259259
1 0.7497395833333333 0.4601851851851852 0.008854166666666666 0.014814814814814815
1 0.5802083333333333 0.5504629629629629 0.010416666666666666 0.025
1 0.7611979166666667 0.6861111111111111 0.011979166666666667 0.03333333333333333
1 0.8104166666666667 0.8273148148148148 0.011458333333333333 0.021296296296296296
