2 0.5 0.5100675925925926 1.0 0.9793944444444446
1 0.18840286458333333 0.4733671296296296 0.02159739583333333 0.037475
1 0.27423203125 0.3980870370370371 0.017214062500000002 0.05358148148148149
1 0.28465807291666667 0.05237777777777777 0.006816145833333333 0.014014814814814813
1 0.21933463541666667 0.11733935185185185 0.006377604166666666 0.012456481481481482
1 0.14478515625000002 0.3467675925925926 0.009361979166666668 0.023164814814814815
1 0.13701067708333334 0.8008837962962964 0.013604687499999999 0.025841666666666666
1 0.04732057291666667 0.8045310185185185 0.010266145833333332 0.034987962962962964
1 0.23508072916666667 0.8629990740740741 0.010786458333333334 0.014887037037037037
1 0.2859598958333333 0.8255101851851853 0.010461458333333333 0.0343537037037037
1 0.31774140624999997 0.8699726851851852 0.014649479166666667 0.04364907407407407
1 0.33420937500000003 0.6843125 0.019460416666666664 0.031587962962962964
1 0.3049395833333334 0.6317347222222223 0.0119625 0.022728703703703706
1 0.3517315104166666 0.5865199074074074 0.0107546875 0.04341018518518519
1 0.35894192708333333 0.5575032407407408 0.009550520833333333 0.0372287037037037
1 0.40835364583333333 0.6384342592592592 0.008373958333333332 0.023164814814814815
1 0.33102213541666664 0.37683796296296296 0.012044270833333334 0.020342592592592593
1 0.5375598958333333 0.506461111111111 0.010536458333333333 0.029588888888888887
1 0.7330221354166666 0.6657587962962963 0.0327109375 0.038925
1 0.7864552083333333 0.8461962962962963 0.022910416666666666 0.04239259259259259
1 0.7743856770833334 0.4949601851851852 0.018563020833333332 0.06769814814814815
1 0.9663390625 0.8253675925925926 0.014969791666666668 0.035920370370370366
1 0.6934950520833334 0.15157407407407406 0.011990104166666666 0.01611111111111111
1 0.46618489583333333 0.42320833333333335 0.004244791666666667 0.01863888888888889
1 0.39937552083333333 0.553937962962963 0.010209375 0.015283333333333333
