2 0.5020833333333333 0.5481481481481482 0.9947916666666666 0.9018518518518519
1 0.9294270833333333 0.45231481481481484 0.019270833333333334 0.025
1 0.32317708333333334 0.18981481481481483 0.009895833333333333 0.018518518518518517
1 0.30755208333333334 0.3509259259259259 0.019270833333333334 0.046296296296296294
1 0.30078125 0.44722222222222224 0.0140625 0.04814814814814815
1 0.19583333333333333 0.6476851851851851 0.013541666666666667 0.030555555555555555
1 0.22552083333333334 0.6912037037037037 0.015625 0.032407407407407406
1 0.28619791666666666 0.6921296296296297 0.0067708333333333336 0.025
1 0.28854166666666664 0.6611111111111111 0.008333333333333333 0.016666666666666666
1 0.30390625 0.725925925925926 0.011979166666666667 0.027777777777777776
1 0.30625 0.9143518518518519 0.007291666666666667 0.021296296296296296
1 0.11901041666666666 0.6555555555555556 0.0067708333333333336 0.020370370370370372
1 0.053385416666666664 0.2912037037037037 0.0067708333333333336 0.017592592592592594
1 0.019270833333333334 0.30972222222222223 0.008333333333333333 0.019444444444444445
1 0.19505208333333332 0.42083333333333334 0.0109375 0.04722222222222222
1 0.23255208333333333 0.33796296296296297 0.0046875 0.037037037037037035
1 0.45416666666666666 0.7796296296296297 0.013541666666666667 0.022222222222222223
1 0.7200520833333334 0.9375 0.016145833333333335 0.028703703703703703
1 0.8502604166666666 0.47314814814814815 0.0109375 0.009259259259259259
