2 0.5 0.5403490740740741 1.0 0.919587037037037
1 0.3011080729166667 0.7222925925925926 0.0157578125 0.03717777777777778
1 0.8094114583333333 0.4990532407407407 0.022989583333333334 0.024032407407407405
1 0.58493125 0.9082347222222222 0.029237500000000003 0.04424722222222222
1 0.68506953125 0.9029134259259258 0.02118072916666667 0.03545648148148148
1 0.40426223958333335 0.990111111111111 0.011649479166666667 0.01911111111111111
1 0.29104583333333334 0.6558842592592593 0.0248 0.03028703703703704
1 0.33858203124999997 0.6983768518518518 0.010497395833333334 0.03749444444444444
1 0.55961796875 0.12332824074074075 0.0161109375 0.022582407407407405
1 0.7147557291666666 0.5579509259259259 0.025344791666666665 0.05293888888888889
