2 0.47957942708333334 0.44528333333333336 0.9591588541666667 0.8905666666666667
1 0.6247622395833333 0.6509046296296296 0.015149479166666667 0.027735185185185186
1 0.27675208333333334 0.17266064814814816 0.020170833333333336 0.03606203703703704
1 0.38068203125 0.013282407407407408 0.0144890625 0.026564814814814815
1 0.34723645833333333 0.005995833333333334 0.0017645833333333333 0.004584259259259259
1 0.06312890624999999 0.0020810185185185185 0.0043828124999999996 0.004162037037037037
1 0.7368669270833333 0.10928750000000001 0.0070671875000000006 0.007463888888888889
1 0.69369140625 0.1570675925925926 0.034257812500000005 0.02895
1 0.6767645833333333 0.12870833333333334 0.0118625 0.009268518518518518
1 0.6526151041666667 0.18700092592592593 0.005230208333333333 0.007335185185185185
1 0.6403559895833334 0.7871342592592593 0.0109203125 0.01686111111111111
1 0.747559375 0.6896199074074074 0.009702083333333333 0.01627685185185185
1 0.7612067708333333 0.7172379629629629 0.03803854166666667 0.02892037037037037
1 0.5768614583333334 0.6369111111111111 0.007889583333333334 0.01085925925925926
1 0.6049934895833334 0.5759541666666667 0.0047786458333333335 0.007463888888888889
1 0.5185171875 0.8088018518518518 0.022451041666666668 0.026862962962962963
1 0.67392109375 0.5076138888888888 0.009300520833333333 0.022635185185185185
2 0.8598617187500001 0.8777162037037037 0.030140104166666667 0.03135833333333333
1 0.6491614583333334 0.8221949074074074 0.010822916666666666 0.02031574074074074
1 0.2650533854166667 0.20829583333333332 0.0186484375 0.02955462962962963
1 0.69054921875 0.3721699074074074 0.007140104166666666 0.00915462962962963
1 0.6507997395833333 0.3566476851851852 0.0036828125 0.005887962962962963
1 0.6003877604166666 0.33375740740740745 0.003900520833333333 0.006403703703703704
1 0.7492096354166667 0.5254004629629629 0.013002604166666666 0.06931944444444443
