1 0.49973958333333335 0.5467592592592593 0.9994791666666667 0.9046296296296297
1 0.49973958333333335 0.5476851851851852 0.9994791666666667 0.9027777777777778
1 0.49973958333333335 0.5462962962962963 0.9994791666666667 0.9055555555555556
1 0.49973958333333335 0.5476851851851852 0.9994791666666667 0.9027777777777778
1 0.49973958333333335 0.5467592592592593 0.9994791666666667 0.9046296296296297
1 0.08229166666666667 0.6958333333333333 0.007291666666666667 0.032407407407407406
1 0.13984375 0.6194444444444445 0.013020833333333334 0.037037037037037035
1 0.13307291666666668 0.7953703703703704 0.008854166666666666 0.027777777777777776
1 0.47421875 0.18009259259259258 0.016145833333333335 0.06574074074074074
1 0.3346354166666667 0.662962962962963 0.019270833333333334 0.04814814814814815
1 0.8645494791666667 0.46296296296296297 0.004098958333333334 0.009259259259259259
1 0.8613932291666667 0.46458333333333335 0.001953125 0.006944444444444444
1 0.9294270833333333 0.4134259259259259 0.011979166666666667 0.028703703703703703
1 0.9223958333333333 0.3902777777777778 0.008333333333333333 0.025
1 0.92265625 0.8967592592592593 0.018229166666666668 0.04537037037037037
1 0.9723958333333333 0.6333333333333333 0.008333333333333333 0.024074074074074074
1 0.6890625 0.7013888888888888 0.020833333333333332 0.025
1 0.7296875 0.8916666666666667 0.009375 0.016666666666666666
1 0.6955729166666667 0.3611111111111111 0.0046875 0.007407407407407408
1 0.77109375 0.30500046296296296 0.0078125 0.013704629629629629
1 0.7651989583333333 0.324537037037037 0.009564583333333333 0.021296296296296296
1 0.7846354166666667 0.6555555555555556 0.0046875 0.012962962962962963
1 0.8669270833333333 0.6087962962962963 0.0046875 0.012037037037037037
1 0.32864583333333336 0.5787037037037037 0.00625 0.016666666666666666
1 0.17161458333333332 0.12129629629629629 0.0046875 0.014814814814814815
1 0.7174479166666666 0.6152777777777778 0.005729166666666666 0.008333333333333333
1 0.006510416666666667 0.3138888888888889 0.013020833333333334 0.044444444444444446
1 0.12265625 0.39814814814814814 0.0046875 0.012962962962962963
