2 0.49973958333333335 0.4513888888888889 0.9994791666666667 0.9009259259259259
1 0.14010416666666667 0.7319444444444444 0.010416666666666666 0.023148148148148147
1 0.047135416666666666 0.6666666666666666 0.0078125 0.022222222222222223
1 0.26171875 0.45740740740740743 0.009895833333333333 0.027777777777777776
1 0.27291666666666664 0.6347222222222222 0.01875 0.03796296296296296
1 0.36015625 0.40925925925925927 0.009895833333333333 0.027777777777777776
1 0.23125 0.475462962962963 0.011458333333333333 0.023148148148148147
1 0.22213541666666667 0.18333333333333332 0.0067708333333333336 0.020370370370370372
1 0.9640625 0.09027777777777778 0.008333333333333333 0.021296296296296296
1 0.41380208333333335 0.1986111111111111 0.0067708333333333336 0.03611111111111111
1 0.7260416666666667 0.44907407407407407 0.011458333333333333 0.014814814814814815
1 0.9846354166666667 0.3013888888888889 0.008854166666666666 0.019444444444444445
