2 0.5098802083333334 0.5177893518518518 0.9801770833333333 0.9652083333333333
1 0.1724036458333333 0.9388763888888889 0.008348958333333333 0.018493518518518517
1 0.29210677083333336 0.8580768518518518 0.016505208333333334 0.01985740740740741
1 0.34593385416666667 0.9442402777777777 0.012701041666666666 0.01440648148148148
1 0.41623203124999997 0.9115097222222223 0.0137140625 0.023019444444444447
1 0.347771875 0.8014212962962962 0.012210416666666666 0.023212962962962963
1 0.33786119791666663 0.8185541666666667 0.012180729166666666 0.018589814814814816
1 0.4014872395833333 0.8596606481481481 0.010266145833333332 0.019321296296296298
1 0.30161197916666665 0.5291597222222222 0.007390625 0.010171296296296296
1 0.25773828125000003 0.21413148148148148 0.010268229166666667 0.03567037037037037
1 0.37837942708333333 0.28575833333333334 0.0088421875 0.01596111111111111
1 0.27925052083333335 0.09208703703703705 0.016834375000000002 0.026766666666666668
1 0.5880674479166667 0.20512407407407407 0.0115515625 0.025062962962962964
1 0.6344028645833333 0.4414615740740741 0.04380572916666667 0.0810712962962963
1 0.7706265625000001 0.1853037037037037 0.024586458333333335 0.03357037037037037
1 0.7917606770833333 0.18804861111111112 0.022063020833333332 0.03165277777777778
1 0.8947013020833333 0.35926435185185185 0.012319270833333333 0.027787962962962962
1 0.8990583333333333 0.4997986111111111 0.011658333333333333 0.045893518518518514
1 0.963971875 0.5339990740740741 0.011277083333333333 0.025405555555555553
1 0.7348122395833333 0.901711574074074 0.020666145833333333 0.02749722222222222
1 0.6608536458333333 0.9211379629629629 0.022748958333333333 0.012646296296296296
1 0.8343114583333333 0.2751601851851852 0.01133125 0.016987037037037037
1 0.3817776041666667 0.3203564814814815 0.008346875 0.020342592592592593
1 0.5520791666666667 0.8416347222222222 0.006241666666666667 0.011047222222222222
1 0.7410643229166667 0.9868037037037037 0.0175453125 0.021755555555555556
