2 0.5 0.5426708333333333 1.0 0.9149712962962963
1 0.7891356770833333 0.2555236111111111 0.015771354166666664 0.03141759259259259
1 0.5970416666666666 0.43704675925925923 0.03054166666666667 0.055575
1 0.43392395833333336 0.6855490740740741 0.014722916666666667 0.015542592592592594
1 0.7347348958333334 0.8365935185185185 0.015303125 0.019483333333333335
1 0.7765424479166666 0.9917856481481482 0.0291265625 0.01690462962962963
1 0.24821067708333333 0.32603935185185184 0.012046354166666667 0.04467129629629629
1 0.26982265624999996 0.22990787037037036 0.009436979166666666 0.022778703703703704
1 0.2288015625 0.8657467592592593 0.013853124999999999 0.02223425925925926
1 0.27060833333333334 0.8482231481481481 0.006841666666666666 0.011261111111111112
1 0.7008419270833334 0.6164046296296296 0.0100171875 0.010587037037037037
1 0.8367059895833333 0.5897083333333333 0.010911979166666667 0.02015740740740741
1 0.746009375 0.5934388888888888 0.009727083333333332 0.014655555555555555
1 0.6522932291666667 0.39237361111111113 0.007711458333333333 0.018080555555555558
1 0.7314591145833333 0.3962833333333333 0.06083489583333333 0.10552962962962963
1 0.6395645833333333 0.24760138888888886 0.010379166666666667 0.015573148148148147
1 0.6474708333333333 0.2801189814814815 0.013691666666666666 0.03431203703703704
1 0.4209276041666667 0.14225833333333335 0.010605208333333333 0.010442592592592594
1 0.19216223958333334 0.5678513888888889 0.01661614583333333 0.04311018518518518
1 0.2334166666666667 0.6294375 0.0053750000000000004 0.012578703703703705
1 0.047784895833333334 0.8003444444444444 0.007028125 0.03587407407407407
1 0.0645890625 0.7836504629629629 0.014594791666666666 0.041375
1 0.17635520833333332 0.7341226851851852 0.008960416666666667 0.02935648148148148
1 0.5321828125 0.8670555555555555 0.019573958333333332 0.02114814814814815
1 0.5625874999999999 0.820162037037037 0.005383333333333334 0.01439814814814815
1 0.29407109375 0.9458782407407408 0.0100171875 0.015830555555555556
1 0.18449296874999999 0.703312037037037 0.010652604166666666 0.039957407407407414
1 0.06862109375 0.5557217592592593 0.003908854166666666 0.005887962962962963
1 0.06519765625 0.5546027777777778 0.0033119791666666666 0.005501851851851852
1 0.5277322916666667 0.5870666666666667 0.008589583333333334 0.035244444444444446
1 0.8421174479166668 0.7240662037037037 0.005068229166666666 0.014799074074074074
