2 0.5013703125 0.5320287037037037 0.9975322916666667 0.9362796296296296
1 0.5847919270833334 0.4069592592592593 0.0372921875 0.08614074074074074
1 0.5571822916666667 0.3849791666666667 0.024781249999999998 0.06255092592592593
1 0.5789013020833333 0.3027037037037037 0.021344270833333335 0.03874074074074074
1 0.6029294270833333 0.3332421296296296 0.018358854166666667 0.05166944444444444
1 0.5244010416666667 0.2668226851851852 0.010260416666666666 0.024386111111111112
1 0.6285669270833334 0.2376208333333333 0.012342187499999999 0.021537962962962964
1 0.5665580729166667 0.23931157407407408 0.0091578125 0.011956481481481481
1 0.7815877604166667 0.3411416666666667 0.04130052083333333 0.08413518518518519
1 0.8877606770833334 0.8172222222222223 0.0151046875 0.04555555555555556
1 0.37132604166666666 0.6997069444444445 0.02494375 0.06237685185185186
1 0.43952005208333333 0.17810879629629628 0.009248437500000001 0.026587962962962963
1 0.36917317708333336 0.13563194444444443 0.010221354166666667 0.017560185185185186
1 0.49012421875 0.8218953703703704 0.011498437500000002 0.05305
1 0.3989015625 0.9185615740740741 0.022803124999999997 0.09267870370370371
1 0.6230763020833333 0.9485986111111111 0.0169859375 0.03978981481481481
1 0.6688682291666667 0.8717694444444444 0.009611458333333333 0.01576111111111111
1 0.39305234375 0.8039615740740741 0.009021354166666667 0.013478703703703705
1 0.4746565104166667 0.5640958333333332 0.007646354166666666 0.018932407407407408
1 0.41798932291666663 0.5946722222222222 0.013061979166666666 0.017122222222222223
1 0.231046875 0.6400689814814815 0.00584375 0.015323148148148148
1 0.6027046875 0.44294675925925925 0.018951041666666668 0.02663425925925926
