2 0.5 0.5 1.0 1.0
1 0.4426966145833333 0.32963518518518514 0.03330989583333333 0.03149259259259259
1 0.33730625000000003 0.09634166666666667 0.0183625 0.04083148148148148
1 0.27404817708333334 0.0494699074074074 0.013721354166666666 0.03227314814814815
1 0.14653958333333333 0.3744935185185185 0.011829166666666667 0.03972777777777778
1 0.10440208333333333 0.7031564814814815 0.0296375 0.0470537037037037
1 0.1125265625 0.6968624999999999 0.010469791666666667 0.021502777777777777
1 0.35125911458333337 0.8739078703703704 0.02751822916666667 0.06263055555555556
1 0.35279921875000003 0.8870101851851852 0.023306770833333334 0.03513148148148148
1 0.7805497395833334 0.6777749999999999 0.0100578125 0.03517962962962963
1 0.7883434895833333 0.6508032407407407 0.019395312499999998 0.02197685185185185
1 0.7046177083333334 0.7838824074074073 0.019652083333333334 0.036283333333333334
1 0.7243822916666667 0.5692296296296296 0.017514583333333333 0.032903703703703706
1 0.95914140625 0.4786939814814815 0.006824479166666666 0.020350925925925925
1 0.99219140625 0.7932273148148149 0.0156328125 0.07719537037037037
1 0.8404138020833333 0.9605898148148148 0.008952604166666666 0.021179629629629628
1 0.7705177083333333 0.7389518518518519 0.00874375 0.022348148148148148
1 0.7559526041666668 0.6532865740740741 0.006696875000000001 0.03249907407407407
1 0.69377109375 0.7258837962962963 0.019833854166666668 0.023989814814814815
1 0.40020234375 0.667737037037037 0.0285296875 0.04658518518518518
1 0.42239505208333333 0.5185898148148148 0.011456770833333333 0.01680925925925926
1 0.3773520833333333 0.6101106481481481 0.010954166666666666 0.02577685185185185
1 0.344503125 0.6486981481481482 0.011922916666666667 0.02332222222222222
1 0.27870885416666663 0.5028407407407407 0.009501041666666666 0.020496296296296297
1 0.6638377604166668 0.4018666666666667 0.0099671875 0.018548148148148147
1 0.23356562500000003 0.25925787037037035 0.009839583333333334 0.020367592592592593
1 0.04975260416666667 0.9966782407407406 0.006796875 0.006319444444444444
1 0.041496614583333334 0.9662018518518519 0.007993229166666666 0.024996296296296294
1 0.044959375 0.6041074074074074 0.0065854166666666665 0.03414074074074074
1 0.05165729166666667 0.6379287037037037 0.00748125 0.025857407407407405
1 0.05348098958333333 0.7552013888888889 0.0152953125 0.05855092592592592
1 0.05671223958333334 0.8544361111111111 0.0186328125 0.10331666666666665
