2 0.49973958333333335 0.5361111111111111 0.9994791666666667 0.9259259259259259
1 0.09348958333333333 0.49907407407407406 0.019270833333333334 0.03518518518518519
1 0.029947916666666668 0.5101851851851852 0.009895833333333333 0.025925925925925925
1 0.0140625 0.7458333333333333 0.010416666666666666 0.026851851851851852
1 0.00234375 0.625462962962963 0.0046875 0.025
1 0.2484375 0.5435185185185185 0.016666666666666666 0.04259259259259259
1 0.3359375 0.6333333333333333 0.011458333333333333 0.018518518518518517
1 0.17552083333333332 0.5101851851851852 0.004166666666666667 0.012962962962962963
1 0.6286458333333333 0.5583333333333333 0.011458333333333333 0.025925925925925925
1 0.9658854166666667 0.9004629629629629 0.022395833333333334 0.0712962962962963
1 0.8807291666666667 0.28703703703703703 0.013541666666666667 0.022222222222222223
1 0.696875 0.5324074074074074 0.008333333333333333 0.024074074074074074
1 0.3455729166666667 0.49398148148148147 0.0078125 0.019444444444444445
1 0.09322916666666667 0.4462962962962963 0.004166666666666667 0.007407407407407408
1 0.2546875 0.29074074074074074 0.007291666666666667 0.014814814814814815
1 0.4588541666666667 0.15648148148148147 0.008333333333333333 0.012962962962962963
1 0.7895833333333333 0.4236111111111111 0.00625 0.028703703703703703
