2 0.5 0.5501115740740741 1.0 0.9002231481481482
1 0.6341817708333333 0.3940444444444444 0.012113541666666667 0.02142222222222222
1 0.5933335937499999 0.3352546296296296 0.018958854166666667 0.04458333333333333
1 0.63583515625 0.5305101851851852 0.03208697916666667 0.03509444444444444
1 0.6265565104166666 0.49749722222222226 0.019779687499999997 0.028327777777777778
1 0.9395682291666667 0.35340648148148146 0.018719791666666666 0.04940555555555555
1 0.93384453125 0.2954333333333333 0.0083140625 0.020496296296296297
1 0.9282106770833334 0.4143986111111111 0.009546354166666667 0.02509351851851852
1 0.8568015625 0.47906712962962966 0.014644791666666665 0.03220833333333333
1 0.8461109375 0.4180041666666667 0.013055208333333334 0.03971203703703704
1 0.6987057291666667 0.43388194444444445 0.017203125 0.041837962962962966
1 0.6898656249999999 0.20642314814814816 0.01098125 0.0202537037037037
1 0.6441653645833333 0.20750972222222222 0.011247395833333333 0.03538981481481481
1 0.7028684895833333 0.1847212962962963 0.009903645833333334 0.013887037037037036
1 0.6433088541666667 0.5884625 0.029326041666666667 0.05099907407407407
1 0.5797447916666666 0.68095 0.02303125 0.048937037037037036
1 0.19696015625 0.35547222222222224 0.014753645833333334 0.031314814814814816
1 0.44154192708333334 0.8822148148148149 0.0257921875 0.08665185185185185
1 0.47058098958333333 0.8043106481481481 0.013036979166666665 0.021584259259259258
1 0.11300260416666667 0.5927731481481482 0.018713541666666667 0.07258333333333333
1 0.4132984375 0.47913240740740737 0.014096875 0.023079629629629627
