2 0.5 0.45005694444444444 1.0 0.9001138888888889
1 0.43127838541666663 0.5834944444444444 0.020890104166666666 0.03365555555555556
1 0.5529276041666668 0.24336574074074072 0.026688541666666666 0.049694444444444444
1 0.5527984375 0.14923148148148146 0.005596875 0.011425925925925926
1 0.8247895833333333 0.3407282407407407 0.013120833333333333 0.05182685185185185
1 0.7961408854166667 0.4179925925925926 0.01624010416666667 0.03598518518518518
1 0.7855843749999999 0.4666328703703704 0.007627083333333334 0.0388212962962963
1 0.8402578125000001 0.15760509259259262 0.020098958333333337 0.02076574074074074
1 0.8364945312500001 0.21322916666666666 0.021947395833333334 0.03016203703703704
1 0.2854927083333333 0.11777129629629629 0.009527083333333334 0.03369074074074074
1 0.11793411458333333 0.06327824074074075 0.012951562500000001 0.013593518518518517
1 0.14001458333333333 0.09051574074074074 0.019612499999999998 0.04214259259259259
1 0.28883749999999997 0.5612407407407407 0.01205 0.016925925925925928
1 0.22155156250000002 0.2690722222222222 0.010811458333333333 0.025181481481481482
1 0.25644817708333334 0.2463787037037037 0.0087296875 0.020535185185185188
1 0.5235864583333333 0.7117162037037037 0.00550625 0.010469444444444444
1 0.10324322916666667 0.13458333333333333 0.009611458333333333 0.030277777777777782
1 0.19150364583333335 0.4055712962962963 0.0069656250000000005 0.04632777777777778
