2 0.5 0.5401990740740741 1.0 0.9192870370370371
1 0.95359296875 0.5751300925925926 0.0134359375 0.02618611111111111
1 0.7828359375 0.5760421296296296 0.024005208333333337 0.07430648148148149
1 0.624890625 0.1821736111111111 0.016447916666666666 0.04027314814814815
1 0.6665546875 0.19098194444444444 0.008109375 0.02270462962962963
1 0.5183182291666667 0.7973092592592593 0.031428125 0.04276666666666667
1 0.5151890625 0.2957226851851852 0.019961458333333335 0.01922314814814815
1 0.6096690104166667 0.15824166666666667 0.017254687499999997 0.02203888888888889
1 0.40827239583333336 0.5245712962962963 0.015503125 0.02506851851851852
1 0.37483619791666667 0.7388189814814814 0.016339062499999998 0.03874907407407407
1 0.4378822916666667 0.7654583333333334 0.019514583333333335 0.027212962962962963
1 0.41640937499999997 0.33621666666666666 0.018235416666666667 0.05391481481481482
1 0.39041171875 0.5133171296296297 0.0120734375 0.03589351851851852
1 0.036167968749999994 0.5402518518518519 0.014002604166666667 0.039762962962962965
1 0.14699557291666665 0.7770550925925926 0.022116145833333333 0.06151759259259259
1 0.04106640625 0.6511967592592592 0.011299479166666666 0.02461574074074074
1 0.13857838541666664 0.9073097222222222 0.0250734375 0.034989814814814814
1 0.16757447916666665 0.9691888888888889 0.011190625000000001 0.023562962962962963
1 0.16409166666666666 0.9428194444444444 0.010475 0.026379629629629628
1 0.07398020833333334 0.595012962962963 0.007335416666666666 0.019655555555555558
1 0.04742578125 0.6177939814814815 0.005268229166666667 0.020773148148148148
1 0.18650312500000002 0.5266902777777778 0.012589583333333333 0.01819537037037037
1 0.96746015625 0.7838828703703703 0.018253645833333332 0.04554351851851852
1 0.95010546875 0.9042444444444444 0.007502604166666666 0.015896296296296297
1 0.9012822916666666 0.9015935185185185 0.005689583333333333 0.018001851851851852
1 0.9250455729166667 0.6001111111111112 0.0073828125000000005 0.015037037037037036
1 0.50314453125 0.8115458333333334 0.009414062499999999 0.023091666666666667
1 0.43643515625 0.9199356481481481 0.024953645833333333 0.038019444444444446
1 0.6028541666666667 0.9760805555555555 0.013000000000000001 0.024383333333333333
1 0.49941067708333337 0.931661111111111 0.09257135416666666 0.11702592592592594
1 0.4887666666666667 0.9719662037037038 0.013991666666666668 0.01615462962962963
1 0.3916705729166667 0.1552662037037037 0.017716145833333332 0.03275462962962963
1 0.5761184895833333 0.2589560185185185 0.011611979166666668 0.036430555555555556
1 0.9123986979166666 0.3069944444444444 0.0039640625 0.012137037037037038
1 0.86763984375 0.7756578703703704 0.024863020833333336 0.05501944444444445
1 0.24312265625 0.3920458333333333 0.008120312499999999 0.015573148148148147
1 0.09165989583333332 0.9527212962962963 0.011444791666666667 0.027664814814814816
1 0.018725520833333335 0.7640189814814815 0.005159375 0.02618611111111111
1 0.436040625 0.32238055555555556 0.02833125 0.06883518518518518
