2 0.5 0.47736342592592595 1.0 0.9547268518518519
2 0.8723591145833333 0.937287037037037 0.03534322916666666 0.026425925925925926
1 0.523234375 0.39323009259259256 0.016260416666666666 0.07905277777777778
1 0.6554635416666666 0.3765074074074074 0.009885416666666667 0.028940740740740743
1 0.75818359375 0.7473328703703704 0.04345052083333333 0.06133240740740741
1 0.6969591145833333 0.803274074074074 0.0116265625 0.021362962962962962
1 0.5533692708333333 0.8419648148148148 0.014030208333333332 0.02652222222222222
1 0.5591010416666666 0.8902685185185185 0.010910416666666667 0.017574074074074075
1 0.35941276041666664 0.7325194444444444 0.031325520833333335 0.037261111111111106
1 0.36769270833333334 0.7553504629629629 0.011427083333333334 0.019960185185185185
1 0.34144895833333333 0.835588425925926 0.0068562499999999995 0.013769444444444445
1 0.25147890624999997 0.7272930555555556 0.011291145833333332 0.023104629629629628
1 0.23225729166666667 0.7611361111111111 0.024931250000000002 0.014864814814814813
1 0.25828541666666666 0.6740560185185185 0.010320833333333333 0.02218611111111111
1 0.14343124999999998 0.5780069444444444 0.0118625 0.03193981481481481
1 0.163475 0.6952300925925925 0.009241666666666667 0.020089814814814814
1 0.13823203125 0.21357083333333332 0.011880729166666666 0.019734259259259257
1 0.13486796875 0.18635879629629631 0.006194270833333334 0.00975462962962963
1 0.10157421875 0.34297500000000003 0.004190104166666667 0.019283333333333333
1 0.14790104166666668 0.3614851851851852 0.004135416666666667 0.006303703703703704
1 0.37572630208333335 0.08488287037037037 0.03895260416666667 0.019765740740740743
1 0.44501848958333334 0.07138148148148148 0.015036979166666666 0.02054074074074074
1 0.5848609375 0.04128657407407407 0.009305208333333334 0.023313888888888887
1 0.5300640624999999 0.2062050925925926 0.022628125 0.0346324074074074
1 0.4766830729166667 0.2617962962962963 0.011699479166666667 0.014333333333333333
1 0.9037216145833333 0.24533472222222222 0.005359895833333334 0.007336111111111111
1 0.90559765625 0.7273106481481482 0.021611979166666666 0.024991666666666666
1 0.8378234375000001 0.7590393518518519 0.017313541666666665 0.021782407407407407
1 0.666740625 0.7616106481481482 0.02410625 0.013962037037037038
1 0.8034268229166667 0.1998800925925926 0.0047703125 0.014575
1 0.6256710937500001 0.44148611111111113 0.008633854166666668 0.020009259259259258
1 0.7303833333333334 0.18663657407407408 0.004516666666666667 0.015865740740740743
1 0.7927997395833334 0.4726208333333333 0.008516145833333332 0.01931574074074074
1 0.8503583333333334 0.691662037037037 0.015300000000000001 0.018509259259259257
