2 0.50995859375 0.5191828703703704 0.9803338541666666 0.9624398148148148
1 0.17656901041666667 0.9490685185185185 0.008346354166666665 0.018507407407407406
1 0.29569531250000003 0.8646472222222222 0.016390625 0.020035185185185187
1 0.35058984375 0.9489402777777777 0.012638020833333334 0.014547222222222222
1 0.420371875 0.9143125 0.013660416666666668 0.023069444444444445
1 0.35042604166666663 0.8060439814814815 0.012310416666666666 0.023199074074074073
1 0.3414752604166667 0.823175 0.0121171875 0.018572222222222223
1 0.4051596354166667 0.8624615740740741 0.010319270833333333 0.019367592592592592
1 0.30159661458333337 0.5356449074074073 0.007359895833333334 0.010178703703703704
1 0.2547265625 0.2214634259259259 0.010494791666666666 0.035519444444444444
1 0.3762994791666667 0.2894277777777778 0.008848958333333332 0.015892592592592594
1 0.27557942708333333 0.0995125 0.016783854166666667 0.026802777777777776
1 0.5849286458333334 0.20326527777777778 0.011523958333333334 0.025049074074074074
1 0.6341398437500001 0.43660370370370366 0.04432135416666667 0.0806148148148148
1 0.7676609375000001 0.17755324074074075 0.02490520833333333 0.03288425925925926
1 0.7886078125 0.17953703703703705 0.022007291666666665 0.031296296296296294
1 0.8931708333333332 0.34723009259259263 0.012383333333333333 0.02779351851851852
1 0.89893984375 0.4878356481481481 0.011421354166666666 0.04604166666666667
1 0.9639169270833333 0.519275 0.0111671875 0.025587037037037037
1 0.73840234375 0.8943550925925926 0.020554687500000002 0.027599074074074074
1 0.6650518229166666 0.9162541666666666 0.022811979166666666 0.012137962962962963
1 0.8321643229166666 0.26507870370370373 0.011203645833333333 0.017194444444444446
1 0.38012734375 0.32406805555555557 0.008171354166666667 0.020358333333333332
1 0.5552065104166667 0.8397953703703704 0.0062463541666666665 0.011072222222222223
1 0.7456947916666666 0.9794773148148147 0.017431250000000002 0.021917592592592593
