2 0.49973958333333335 0.49953703703703706 0.9994791666666667 0.9990740740740741
1 0.18854166666666666 0.8152777777777778 0.013541666666666667 0.030555555555555555
1 0.3338541666666667 0.6333333333333333 0.007291666666666667 0.018518518518518517
1 0.38359375 0.6314814814814815 0.0140625 0.018518518518518517
1 0.4234375 0.7319444444444444 0.015625 0.023148148148148147
1 0.453125 0.9106481481481481 0.017708333333333333 0.03796296296296296
1 0.32916666666666666 0.9611111111111111 0.022916666666666665 0.03333333333333333
1 0.08411458333333334 0.4013888888888889 0.0078125 0.021296296296296296
1 0.5552083333333333 0.06620370370370371 0.013541666666666667 0.03611111111111111
1 0.6684895833333333 0.0837962962962963 0.028645833333333332 0.023148148148148147
1 0.6796875 0.6486111111111111 0.014583333333333334 0.04537037037037037
1 0.6875 0.7583333333333333 0.014583333333333334 0.04259259259259259
1 0.6971354166666667 0.8587962962962963 0.0078125 0.04351851851851852
1 0.7325520833333333 0.924074074074074 0.018229166666666668 0.025925925925925925
1 0.6911458333333333 0.9898148148148148 0.03333333333333333 0.018518518518518517
1 0.7963541666666667 0.7513888888888889 0.05 0.1175925925925926
1 0.9799479166666667 0.8296296296296296 0.034895833333333334 0.07592592592592592
1 0.8520833333333333 0.6467592592592593 0.015625 0.026851851851851852
1 0.87109375 0.5560185185185185 0.016145833333333335 0.05277777777777778
1 0.8747395833333333 0.4699074074074074 0.0078125 0.01574074074074074
1 0.8971354166666666 0.39490740740740743 0.008854166666666666 0.021296296296296296
1 0.03958333333333333 0.7208333333333333 0.010416666666666666 0.028703703703703703
1 0.13020833333333334 0.6861111111111111 0.010416666666666666 0.025925925925925925
