2 0.9486979166666667 0.24814814814814815 0.015104166666666667 0.024074074074074074
2 0.50234375 0.5486111111111112 0.9942708333333333 0.9009259259259259
2 0.9328125 0.24305555555555555 0.011458333333333333 0.023148148148148147
1 0.35 0.5638888888888889 0.0375 0.06296296296296296
1 0.24088541666666666 0.49583333333333335 0.015104166666666667 0.026851851851851852
1 0.34401041666666665 0.32546296296296295 0.022395833333333334 0.05277777777777778
1 0.39296875 0.10601851851851851 0.011979166666666667 0.019444444444444445
1 0.28958333333333336 0.2523148148148148 0.005208333333333333 0.025
1 0.2635416666666667 0.3189814814814815 0.014583333333333334 0.030555555555555555
1 0.275 0.3333333333333333 0.008333333333333333 0.027777777777777776
1 0.25833333333333336 0.35555555555555557 0.007291666666666667 0.011111111111111112
1 0.3078125 0.5550925925925926 0.015625 0.021296296296296296
1 0.30546875 0.43472222222222223 0.03802083333333333 0.017592592592592594
1 0.29453125 0.43657407407407406 0.011979166666666667 0.01574074074074074
1 0.15911458333333334 0.6444444444444445 0.005729166666666666 0.011111111111111112
1 0.28880208333333335 0.9203703703703704 0.0140625 0.02962962962962963
1 0.30520833333333336 0.7652777777777777 0.030208333333333334 0.07685185185185185
1 0.32526041666666666 0.5925925925925926 0.0140625 0.022222222222222223
1 0.40572916666666664 0.7287037037037037 0.010416666666666666 0.027777777777777776
1 0.5684895833333333 0.6101851851851852 0.0171875 0.03518518518518519
1 0.70859375 0.9027777777777778 0.030729166666666665 0.012962962962962963
1 0.78828125 0.6865740740740741 0.022395833333333334 0.026851851851851852
1 0.93671875 0.8111111111111111 0.005729166666666666 0.012962962962962963
1 0.8604166666666667 0.7092592592592593 0.009375 0.02962962962962963
1 0.7635416666666667 0.575925925925926 0.009375 0.012962962962962963
1 0.028645833333333332 0.29305555555555557 0.015625 0.012037037037037037
