2 0.5 0.5491842592592593 1.0 0.9020722222222223
1 0.20752682291666666 0.20597314814814816 0.0160953125 0.06379814814814815
1 0.17904166666666665 0.14939675925925927 0.013291666666666667 0.03583055555555556
1 0.23596302083333331 0.4217148148148148 0.021926041666666667 0.05268888888888889
1 0.06468229166666667 0.3239592592592592 0.013739583333333333 0.023844444444444442
1 0.73658515625 0.483499537037037 0.0231703125 0.04662870370370371
1 0.828590625 0.3241361111111111 0.01030625 0.03160555555555555
1 0.0010557291666666668 0.8044476851851852 0.0021114583333333337 0.007043518518518518
1 0.006848697916666666 0.8325416666666666 0.010572395833333333 0.04100925925925926
1 0.45569114583333337 0.9710662037037038 0.021798958333333333 0.018058333333333332
1 0.7400166666666668 0.8215282407407407 0.01649166666666667 0.030093518518518516
1 0.9492723958333333 0.28425694444444444 0.012086458333333333 0.029625000000000002
1 0.8055408854166667 0.29994907407407406 0.006915104166666667 0.029527777777777778
1 0.8555588541666667 0.2925907407407407 0.011117708333333334 0.02592222222222222
1 0.6602057291666666 0.5384245370370371 0.006869791666666666 0.019441666666666666
