2 0.5216145833333333 0.5800925925925926 0.9557291666666666 0.8379629629629629
1 0.5223958333333333 0.9138888888888889 0.016666666666666666 0.027777777777777776
1 0.453125 0.9435185185185185 0.019791666666666666 0.012962962962962963
1 0.45755208333333336 0.8875 0.0067708333333333336 0.017592592592592594
1 0.4869791666666667 0.45925925925925926 0.022916666666666665 0.03518518518518519
1 0.3333333333333333 0.19583333333333333 0.008333333333333333 0.017592592592592594
1 0.8986979166666667 0.6861111111111111 0.005729166666666666 0.009259259259259259
1 0.9765625 0.7972222222222223 0.004166666666666667 0.009259259259259259
1 0.8747395833333333 0.7481481481481481 0.019270833333333334 0.020370370370370372
1 0.7213541666666666 0.9856481481481482 0.009375 0.013888888888888888
1 0.6278645833333333 0.7712962962962963 0.011979166666666667 0.012962962962962963
1 0.7091145833333333 0.6421296296296296 0.013020833333333334 0.026851851851851852
1 0.8322916666666667 0.8824074074074074 0.0125 0.02962962962962963
