2 0.49973958333333335 0.5236111111111111 0.9994791666666667 0.950925925925926
1 0.21640625 0.611574074074074 0.016145833333333335 0.030555555555555555
1 0.29635416666666664 0.8032407407407407 0.028125 0.03425925925925926
1 0.15052083333333333 0.8097222222222222 0.007291666666666667 0.01574074074074074
1 0.1390625 0.7569444444444444 0.009375 0.025
1 0.10598958333333333 0.6189814814814815 0.0078125 0.03611111111111111
1 0.33125 0.6518518518518519 0.013541666666666667 0.03148148148148148
1 0.65625 0.6199074074074075 0.016666666666666666 0.032407407407407406
1 0.8703125 0.9722222222222222 0.009375 0.018518518518518517
1 0.790625 0.5185185185185185 0.014583333333333334 0.05740740740740741
1 0.6682291666666667 0.38055555555555554 0.025 0.03518518518518519
1 0.6830729166666667 0.43148148148148147 0.009895833333333333 0.04814814814814815
1 0.4901041666666667 0.32546296296296295 0.007291666666666667 0.017592592592592594
1 0.75078125 0.35833333333333334 0.0067708333333333336 0.020370370370370372
1 0.7825520833333334 0.36435185185185187 0.0078125 0.021296296296296296
1 0.5442708333333334 0.10648148148148148 0.008333333333333333 0.024074074074074074
1 0.44973958333333336 0.38333333333333336 0.016145833333333335 0.025925925925925925
1 0.62734375 0.8685185185185185 0.015104166666666667 0.03148148148148148
