2 0.5 0.46273287037037036 1.0 0.9254657407407407
1 0.981640625 0.49576111111111115 0.01015625 0.03781851851851852
1 0.18961119791666667 0.5900425925925926 0.012555729166666666 0.05045555555555555
1 0.032886458333333334 0.17073333333333332 0.015772916666666668 0.04331851851851852
1 0.020817447916666666 0.6594486111111112 0.0083015625 0.02815648148148148
1 0.41004166666666664 0.06724675925925926 0.01904166666666667 0.023382407407407407
1 0.36633307291666667 0.24846898148148147 0.007666145833333333 0.02286388888888889
1 0.7632408854166666 0.012156018518518519 0.010856770833333333 0.022460185185185187
1 0.9060515625 0.05862037037037037 0.015228125 0.03761111111111111
1 0.9449960937499999 0.2389689814814815 0.013950520833333334 0.05201203703703704
1 0.7140013020833333 0.3187657407407407 0.0082109375 0.01901296296296296
1 0.73223828125 0.28500462962962964 0.004059895833333333 0.02186111111111111
1 0.6561630208333333 0.7602273148148148 0.016492708333333335 0.02045462962962963
1 0.4089893229166667 0.8256101851851851 0.012770312499999999 0.01973888888888889
1 0.03895703125 0.798687962962963 0.009164062499999999 0.02330185185185185
1 0.2985231770833333 0.7861356481481481 0.0147546875 0.0296787037037037
1 0.11235885416666666 0.3394412037037037 0.014301041666666665 0.02888240740740741
1 0.8125541666666667 0.5127208333333334 0.012608333333333333 0.03284907407407407
1 0.55240625 0.004047685185185185 0.024604166666666667 0.00809537037037037
1 0.8663609375 0.05099953703703704 0.006680208333333334 0.013110185185185187
1 0.78215859375 0.019565277777777775 0.0049421875 0.009500925925925925
1 0.8270203125 0.03284027777777778 0.004040625 0.015680555555555555
1 0.8480802083333334 0.5619199074074075 0.02324375 0.044210185185185186
1 0.9553632812499999 0.439562962962963 0.018018229166666667 0.056903703703703706
