2 0.5112036458333333 0.4919643518518519 0.977615625 0.9839287037037038
1 0.3974109375 0.770549074074074 0.023988541666666665 0.054061111111111115
1 0.5278942708333333 0.7044902777777778 0.015163541666666667 0.047869444444444444
1 0.4955484375 0.8528490740740741 0.015055208333333332 0.024216666666666668
1 0.34541354166666666 0.7065388888888889 0.009577083333333335 0.02789259259259259
1 0.37478229166666666 0.7132476851851852 0.014147916666666668 0.01723611111111111
1 0.4355760416666667 0.7652259259259259 0.008652083333333333 0.013785185185185185
1 0.5117057291666667 0.4757384259259259 0.019244791666666667 0.021847222222222223
1 0.5259052083333333 0.5520291666666667 0.020560416666666668 0.026280555555555554
1 0.5423020833333333 0.3999611111111111 0.016895833333333332 0.04066296296296296
1 0.3945307291666667 0.4219675925925926 0.009894791666666668 0.01800925925925926
1 0.42239322916666666 0.4364162037037037 0.010411458333333333 0.02468425925925926
1 0.36202239583333334 0.5284583333333334 0.011544791666666667 0.01987962962962963
1 0.382384375 0.29548981481481484 0.01789375 0.024312962962962963
1 0.3891848958333333 0.32192731481481485 0.007536458333333333 0.030891666666666668
1 0.25504791666666665 0.42077453703703704 0.018429166666666667 0.05451203703703703
1 0.4182692708333333 0.31478981481481483 0.013621875 0.036987037037037034
1 0.37015312499999997 0.2524888888888889 0.00593125 0.014237037037037036
1 0.8177005208333333 0.39086296296296297 0.009359375 0.015059259259259258
1 0.43307942708333336 0.8905578703703704 0.006783854166666667 0.016300925925925927
1 0.3246153645833333 0.07979305555555556 0.014855729166666666 0.01699351851851852
1 0.34531640625000004 0.1036787037037037 0.013549479166666666 0.024024074074074076
1 0.46050234375 0.11613796296296297 0.013713020833333334 0.030424074074074072
1 0.28532682291666667 0.23951064814814813 0.008153645833333332 0.016058333333333334
1 0.26495 0.3363611111111111 0.014275000000000001 0.026425925925925926
1 0.3146830729166667 0.28664212962962965 0.007491145833333333 0.012173148148148148
1 0.9627552083333334 0.4384537037037037 0.009885416666666667 0.03801851851851852
1 0.83238828125 0.3642092592592593 0.009568229166666666 0.022862962962962963
