2 0.5 0.46574907407407407 1.0 0.9314981481481481
1 0.6566255208333334 0.8203023148148149 0.022626041666666666 0.042456481481481484
1 0.824509375 0.7692398148148148 0.018810416666666666 0.03847962962962963
1 0.37435078125000004 0.1024787037037037 0.012243229166666668 0.06421666666666667
1 0.12885338541666666 0.280000462962963 0.019165104166666665 0.02481574074074074
1 0.15394166666666667 0.07293425925925927 0.017258333333333334 0.023646296296296297
1 0.4309041666666667 0.02523287037037037 0.0066 0.03009537037037037
1 0.8182861979166667 0.2437388888888889 0.013655729166666667 0.03562592592592592
1 0.6324598958333334 0.691874537037037 0.013878125 0.030045370370370368
1 0.6193700520833333 0.3753513888888889 0.008531770833333334 0.022925
1 0.7320083333333333 0.3763277777777778 0.023391666666666665 0.021174074074074074
1 0.6683510416666666 0.4406851851851852 0.005452083333333333 0.011000000000000001
1 0.7161942708333334 0.4726773148148148 0.0073885416666666665 0.012021296296296297
1 0.8787020833333333 0.47672500000000007 0.004279166666666666 0.04604259259259259
1 0.9059328125 0.4759407407407407 0.016032291666666667 0.06484444444444444
1 0.86741875 0.5091027777777778 0.010879166666666667 0.03857592592592592
1 0.7673682291666667 0.2872486111111111 0.013903124999999999 0.01153425925925926
1 0.86239765625 0.28791203703703705 0.007086979166666666 0.018416666666666668
1 0.9322424479166667 0.6571462962962963 0.008234895833333334 0.02355185185185185
1 0.9984872395833333 0.6617972222222223 0.0032244791666666667 0.025446296296296297
1 0.93161875 0.712475 0.0101125 0.026801851851851854
1 0.80388203125 0.6906972222222222 0.018180729166666666 0.04250555555555555
1 0.7330401041666667 0.7748625 0.011913541666666666 0.014539814814814814
1 0.39176380208333333 0.9182162037037037 0.009569270833333334 0.012358333333333332
1 0.2906838541666667 0.9132662037037037 0.008451041666666666 0.013569444444444443
1 0.8306403645833333 0.7197018518518519 0.012322395833333333 0.030144444444444442
1 0.7607065104166666 0.4396597222222222 0.008913020833333334 0.038578703703703705
1 0.9254041666666667 0.24358425925925928 0.012266666666666667 0.02050185185185185
1 0.9443794270833333 0.10982129629629629 0.005425520833333333 0.008531481481481482
1 0.9522184895833333 0.10924861111111112 0.005478645833333334 0.012941666666666667
1 0.91785078125 0.18120185185185186 0.0075765625 0.030922222222222222
1 0.9251791666666667 0.16276759259259257 0.004525 0.008868518518518519
1 0.6974059895833334 0.0767662037037037 0.0062703125 0.02205092592592593
1 0.19424375 0.18849398148148147 0.0103625 0.04550648148148148
1 0.04402473958333333 0.10308101851851852 0.0047161458333333335 0.013569444444444443
