2 0.5 0.4688537037037037 1.0 0.9377074074074074
1 0.7593375000000001 0.8098967592592592 0.015550000000000001 0.04201574074074074
1 0.4899236979166667 0.4285703703703704 0.0246390625 0.023807407407407406
1 0.4302395833333333 0.5035351851851851 0.025062499999999998 0.06077407407407407
1 0.42581171875 0.526786574074074 0.016206770833333335 0.010980555555555556
1 0.395059375 0.2983328703703704 0.02345208333333333 0.01518425925925926
1 0.1282328125 0.7170777777777777 0.017923958333333333 0.043414814814814816
1 0.16429036458333332 0.665349537037037 0.0087890625 0.012180555555555556
1 0.26896796875 0.1791740740740741 0.0077276041666666665 0.0102
1 0.28066432291666665 0.1645222222222222 0.0154953125 0.02719259259259259
