2 0.5 0.4880722222222223 1.0 0.9761444444444446
1 0.34421822916666667 0.642275 0.02489479166666667 0.04566111111111111
1 0.31012734374999995 0.6628078703703704 0.03692135416666666 0.11265277777777778
1 0.47100833333333336 0.6882050925925925 0.011808333333333334 0.026410185185185186
1 0.2833690104166667 0.4311097222222222 0.013613020833333333 0.023330555555555556
1 0.8311166666666666 0.31941250000000004 0.011191666666666666 0.025862037037037038
1 0.8686484375 0.11936018518518518 0.018546875 0.020201851851851853
1 0.84611796875 0.1256 0.013069270833333334 0.019718518518518517
1 0.6142226562499999 0.28209074074074075 0.009695312499999999 0.021588888888888887
1 0.7974268229166667 0.8418476851851853 0.013603645833333334 0.031843518518518514
1 0.7401364583333333 0.8652685185185185 0.008397916666666666 0.017574074074074075
1 0.47412604166666666 0.9277171296296296 0.01491875 0.01839722222222222
1 0.5140747395833334 0.460775 0.012524479166666666 0.015994444444444447
1 0.5173994791666667 0.08927824074074074 0.0056322916666666665 0.01744537037037037
1 0.21905260416666666 0.4539166666666667 0.013105208333333333 0.018944444444444444
1 0.04313567708333333 0.3578152777777778 0.0102296875 0.034149074074074075
1 0.0903703125 0.383199537037037 0.005740625 0.018250925925925924
1 0.0303515625 0.4203152777777778 0.0044531250000000005 0.01470462962962963
1 0.02802838541666667 0.3230722222222222 0.005015104166666667 0.020218518518518518
1 0.13962812500000002 0.4313685185185185 0.006339583333333333 0.012737037037037038
1 0.13006015625 0.457425 0.0163703125 0.053738888888888885
1 0.5046091145833334 0.5470722222222222 0.012343229166666667 0.018218518518518516
1 0.16160677083333336 0.6082643518518519 0.012796875000000001 0.03134351851851852
1 0.80779375 0.4166680555555556 0.0062125 0.014817592592592592
1 0.9408872395833333 0.3628018518518519 0.0067744791666666665 0.025603703703703705
1 0.9149299479166667 0.5533527777777778 0.011109895833333333 0.017816666666666668
1 0.9569510416666667 0.6517138888888889 0.012860416666666668 0.03676111111111111
1 0.7812135416666667 0.7122305555555555 0.0072187499999999995 0.013349999999999999
