2 0.5048580729166666 0.44749722222222227 0.9899244791666667 0.8949944444444445
1 0.19423463541666666 0.8064541666666667 0.010344270833333334 0.03698240740740741
1 0.21349817708333332 0.7203106481481482 0.012413020833333333 0.03691759259259259
1 0.4228661458333333 0.6439078703703703 0.035315624999999996 0.08226018518518519
1 0.35164661458333335 0.6623986111111111 0.0116265625 0.03405648148148148
1 0.38283541666666665 0.6698925925925926 0.014629166666666667 0.049044444444444446
1 0.4223919270833333 0.7205416666666666 0.0124921875 0.020712962962962964
1 0.42335104166666665 0.7663236111111111 0.015452083333333333 0.030795370370370372
1 0.30669583333333333 0.7534523148148149 0.018600000000000002 0.02912685185185185
1 0.36343151041666666 0.7451851851851852 0.014363020833333334 0.023703703703703706
1 0.434859375 0.8318171296296296 0.011385416666666667 0.046967592592592596
1 0.34330937499999997 0.46967731481481484 0.035577083333333336 0.06528055555555555
1 0.39023515625 0.39590324074074074 0.0179703125 0.03625092592592593
1 0.4042265625 0.3970847222222222 0.012619791666666666 0.02750277777777778
1 0.34240859375 0.533312037037037 0.0098171875 0.016624074074074076
1 0.39515911458333336 0.5739703703703704 0.006984895833333333 0.022014814814814813
1 0.2910143229166666 0.24808425925925925 0.021611979166666666 0.07024259259259259
1 0.3688268229166667 0.2888791666666667 0.0168203125 0.03146203703703704
1 0.3406286458333333 0.1701023148148148 0.017715625000000002 0.03094537037037037
1 0.36906770833333336 0.20658564814814817 0.010010416666666666 0.029837962962962965
1 0.32587734375 0.37478194444444446 0.013213020833333334 0.025489814814814816
1 0.35831588541666665 0.0762050925925926 0.016631770833333333 0.07278055555555556
1 0.3186481770833333 0.07371064814814815 0.016463020833333335 0.025199074074074075
1 0.32405416666666664 0.017487962962962962 0.013733333333333332 0.02571666666666667
1 0.35282760416666664 0.012359722222222222 0.012946875 0.024719444444444443
1 0.3700934895833334 0.009143055555555555 0.013103645833333333 0.01828611111111111
1 0.4208278645833333 0.10309537037037038 0.029155729166666665 0.05248703703703704
1 0.6318609375 0.02928009259259259 0.032471875 0.03263425925925926
1 0.5825684895833334 0.35232916666666664 0.005761979166666667 0.05836203703703704
1 0.6110528645833334 0.1890449074074074 0.009605729166666667 0.018830555555555555
1 0.39900104166666667 0.027991203703703702 0.009460416666666667 0.02264907407407407
1 0.4150138020833333 0.16342777777777778 0.009194270833333332 0.04722592592592592
1 0.89725625 0.14038148148148147 0.010137499999999999 0.03076296296296296
1 0.9687661458333333 0.3050731481481481 0.017740625 0.06385
1 0.8756786458333334 0.49070555555555556 0.027398958333333334 0.0628925925925926
1 0.8179286458333334 0.5764287037037037 0.011898958333333333 0.02878333333333333
1 0.9055255208333333 0.5419898148148149 0.012092708333333334 0.05435
1 0.9662955729166666 0.42046064814814815 0.0055078125 0.02240277777777778
1 0.5135908854166666 0.423237037037037 0.0063484375 0.026103703703703705
1 0.35372421875 0.8276115740740742 0.011615104166666666 0.014482407407407407
1 0.36880208333333336 0.4416611111111111 0.008437499999999999 0.018507407407407406
1 0.3320109375 0.6755393518518519 0.006730208333333334 0.014041666666666666
