2 0.49973958333333335 0.5462962962962963 0.9994791666666667 0.9055555555555556
1 0.30182291666666666 0.7111111111111111 0.0171875 0.044444444444444446
1 0.32890625 0.6972222222222222 0.03697916666666667 0.1
1 0.13255208333333332 0.537962962962963 0.0140625 0.037037037037037035
1 0.24348958333333334 0.29212962962962963 0.0203125 0.03796296296296296
1 0.8361979166666667 0.5259259259259259 0.018229166666666668 0.06296296296296296
1 0.7994791666666666 0.9680555555555556 0.022916666666666665 0.04537037037037037
1 0.9364583333333333 0.9125 0.011458333333333333 0.026851851851851852
1 0.7734375 0.7347222222222223 0.0125 0.026851851851851852
1 0.81796875 0.6060185185185185 0.0171875 0.01574074074074074
1 0.725 0.2814814814814815 0.0125 0.022222222222222223
1 0.6869791666666667 0.45185185185185184 0.008333333333333333 0.020370370370370372
1 0.68125 0.36203703703703705 0.009375 0.05555555555555555
1 0.7473958333333334 0.4356481481481482 0.013541666666666667 0.04537037037037037
1 0.7828125 0.34675925925925927 0.016666666666666666 0.04351851851851852
1 0.65703125 0.35509259259259257 0.013020833333333334 0.026851851851851852
1 0.5919270833333333 0.35694444444444445 0.0067708333333333336 0.013888888888888888
1 0.8244791666666667 0.4 0.011458333333333333 0.018518518518518517
1 0.7986979166666667 0.7055555555555556 0.008854166666666666 0.018518518518518517
1 0.7924479166666667 0.2550925925925926 0.009895833333333333 0.019444444444444445
1 0.8333333333333334 0.5916666666666667 0.007291666666666667 0.022222222222222223
1 0.6559895833333333 0.6976851851851852 0.0036458333333333334 0.026851851851851852
1 0.8200520833333333 0.8731481481481481 0.019270833333333334 0.024074074074074074
1 0.8640625 0.6532407407407408 0.00625 0.04722222222222222
1 0.9520833333333333 0.4537037037037037 0.0125 0.025925925925925925
1 0.7075520833333333 0.2152777777777778 0.0067708333333333336 0.019444444444444445
1 0.48385416666666664 0.19537037037037036 0.010416666666666666 0.03333333333333333
1 0.4010416666666667 0.34814814814814815 0.015625 0.044444444444444446
1 0.17786458333333333 0.2050925925925926 0.009895833333333333 0.023148148148148147
1 0.26171875 0.961574074074074 0.0036458333333333334 0.041666666666666664
1 0.11536458333333334 0.7268518518518519 0.0078125 0.018518518518518517
1 0.19010416666666666 0.5574074074074075 0.010416666666666666 0.020370370370370372
1 0.4122395833333333 0.5685185185185185 0.013020833333333334 0.02962962962962963
1 0.19505208333333332 0.2851851851851852 0.0036458333333333334 0.04259259259259259
1 0.11484375 0.19953703703703704 0.011979166666666667 0.041666666666666664
1 0.16614583333333333 0.45601851851851855 0.022916666666666665 0.021296296296296296
1 0.83828125 0.2712962962962963 0.0078125 0.018518518518518517
1 0.76484375 0.5287037037037037 0.0046875 0.025925925925925925
