2 0.52578125 0.5796296296296296 0.9473958333333333 0.8388888888888889
1 0.42109375 0.44212962962962965 0.0109375 0.03796296296296296
1 0.5518229166666667 0.33564814814814814 0.0265625 0.04537037037037037
1 0.37057291666666664 0.3375 0.0046875 0.010185185185185186
1 0.4125 0.5467592592592593 0.019791666666666666 0.03981481481481482
1 0.37213541666666666 0.8074074074074075 0.028645833333333332 0.040740740740740744
1 0.26458333333333334 0.9277777777777778 0.013541666666666667 0.03148148148148148
1 0.9958333333333333 0.7231481481481481 0.007291666666666667 0.022222222222222223
1 0.9927083333333333 0.8046296296296296 0.008333333333333333 0.018518518518518517
1 0.95703125 0.9148148148148149 0.0036458333333333334 0.014814814814814815
1 0.8625 0.6731481481481482 0.007291666666666667 0.011111111111111112
1 0.3846354166666667 0.3277777777777778 0.013020833333333334 0.020370370370370372
