1 0.5002604166666667 0.5462962962962963 0.9994791666666667 0.9055555555555556
1 0.14635416666666667 0.6578703703703703 0.01875 0.03611111111111111
1 0.07395833333333333 0.7148148148148148 0.010416666666666666 0.03518518518518519
1 0.06796875 0.6435185185185185 0.009895833333333333 0.018518518518518517
1 0.03203125 0.6208333333333333 0.018229166666666668 0.032407407407407406
1 0.7895833333333333 0.5773148148148148 0.021875 0.032407407407407406
1 0.63046875 0.5953703703703703 0.0234375 0.037037037037037035
1 0.70859375 0.7847222222222222 0.0203125 0.032407407407407406
1 0.6309895833333333 0.9199074074074074 0.0046875 0.010185185185185186
1 0.14609375 0.46296296296296297 0.0067708333333333336 0.020370370370370372
1 0.043229166666666666 0.3611111111111111 0.011458333333333333 0.02962962962962963
1 0.09427083333333333 0.2962962962962963 0.013541666666666667 0.014814814814814815
1 0.14322916666666666 0.5884013888888888 0.008333333333333333 0.013839814814814813
1 0.08151041666666667 0.5847222222222223 0.0140625 0.021296296296296296
1 0.027864583333333335 0.5925925925925926 0.009895833333333333 0.02962962962962963
1 0.014583333333333334 0.48055555555555557 0.009375 0.020370370370370372
1 0.396875 0.5092592592592593 0.034375 0.05555555555555555
1 0.08515625 0.8717592592592592 0.0067708333333333336 0.013888888888888888
1 0.04505208333333333 0.9356481481481481 0.005729166666666666 0.008333333333333333
1 0.04140625 0.8199074074074074 0.005729166666666666 0.012037037037037037
1 0.020833333333333332 0.9046296296296297 0.005208333333333333 0.011111111111111112
1 0.042708333333333334 0.28194444444444444 0.005208333333333333 0.013888888888888888
1 0.3078125 0.8111111111111111 0.004166666666666667 0.007407407407407408
1 0.36328125 0.7513888888888889 0.0046875 0.01574074074074074
1 0.5830729166666667 0.3060185185185185 0.0390625 0.13425925925925927
1 0.5627604166666667 0.4537037037037037 0.0078125 0.024074074074074074
