2 0.5 0.5376569444444445 1.0 0.925313888888889
2 0.0876234375 0.1747388888888889 0.031496875 0.027255555555555557
1 0.9811783854166667 0.3824152777777778 0.007148437499999999 0.02779351851851852
1 0.8243947916666666 0.34405555555555556 0.008164583333333333 0.021444444444444443
1 0.6577328125 0.22856805555555557 0.02275729166666667 0.04046944444444445
1 0.55838046875 0.17519305555555556 0.024052604166666665 0.03742314814814815
1 0.47277916666666664 0.317150925925926 0.014308333333333334 0.0361537037037037
1 0.4899859375 0.23385046296296297 0.011221875 0.03436759259259259
1 0.30350859375 0.4626212962962963 0.0132671875 0.027094444444444445
1 0.1816796875 0.5173810185185185 0.011276041666666665 0.023650925925925926
1 0.14846067708333333 0.38611388888888887 0.013588020833333332 0.04445
1 0.19780963541666666 0.3942083333333333 0.0122859375 0.05137962962962963
1 0.19018411458333334 0.5449356481481481 0.006409895833333333 0.01394537037037037
1 0.3347848958333334 0.9313282407407408 0.016444791666666667 0.025619444444444445
1 0.39465234374999997 0.9691143518518518 0.020554687500000002 0.021562037037037036
1 0.37592421875 0.9793666666666666 0.024765104166666666 0.04206666666666667
1 0.63325234375 0.8492851851851851 0.0165046875 0.05042222222222222
1 0.9405770833333332 0.7223125 0.0082375 0.02240277777777778
1 0.8276687500000001 0.9250398148148148 0.015754166666666666 0.027857407407407407
1 0.4610864583333333 0.4005722222222222 0.007589583333333333 0.012255555555555556
1 0.4501989583333333 0.4305472222222222 0.003522916666666667 0.02776111111111111
1 0.4340856770833333 0.5029337962962963 0.0056713541666666666 0.018830555555555555
1 0.49616510416666665 0.29038842592592595 0.004830208333333333 0.00855462962962963
1 0.2629671875 0.7014532407407407 0.026976041666666666 0.01957314814814815
1 0.017251302083333333 0.37391018518518515 0.018877604166666666 0.060783333333333335
