2 0.5 0.4727675925925926 1.0 0.9455351851851852
1 0.55723984375 0.7896731481481482 0.023854687500000003 0.02379074074074074
1 0.7737197916666666 0.8003884259259259 0.012022916666666666 0.02114722222222222
1 0.7635138020833333 0.6091851851851852 0.009319270833333334 0.01651851851851852
1 0.54383515625 0.2304648148148148 0.015795312500000002 0.02389259259259259
1 0.10985260416666667 0.45187222222222223 0.013455208333333333 0.05189259259259259
1 0.7971708333333333 0.5097208333333334 0.01205 0.019441666666666666
1 0.8317388020833333 0.6254138888888889 0.004102604166666667 0.008235185185185186
1 0.5182604166666667 0.4287587962962963 0.008395833333333333 0.020480555555555554
1 0.05761979166666666 0.5920717592592593 0.00690625 0.019328703703703702
1 0.0708328125 0.40966435185185185 0.0052072916666666665 0.015625
