2 0.50546875 0.55 0.9880208333333333 0.8981481481481481
1 0.30572916666666666 0.4027777777777778 0.027083333333333334 0.05555555555555555
1 0.2674479166666667 0.36064814814814816 0.0067708333333333336 0.01574074074074074
1 0.30078125 0.33564814814814814 0.0171875 0.05092592592592592
1 0.25026041666666665 0.26064814814814813 0.011979166666666667 0.03611111111111111
1 0.33567708333333335 0.4060185185185185 0.011979166666666667 0.012037037037037037
1 0.48984375 0.9712962962962963 0.016145833333333335 0.02962962962962963
1 0.5494791666666666 0.9273148148148148 0.021875 0.049074074074074076
1 0.27395833333333336 0.8157407407407408 0.0125 0.022222222222222223
1 0.08463541666666667 0.6703703703703704 0.013020833333333334 0.025925925925925925
1 0.4942708333333333 0.6430555555555556 0.011458333333333333 0.025
1 0.6731770833333334 0.8300925925925926 0.028645833333333332 0.08611111111111111
1 0.7190104166666667 0.41759259259259257 0.0171875 0.03888888888888889
1 0.6549479166666666 0.638425925925926 0.0078125 0.008333333333333333
1 0.7533854166666667 0.7032407407407407 0.024479166666666666 0.10277777777777777
1 0.7322916666666667 0.8888888888888888 0.03958333333333333 0.07777777777777778
1 0.7973958333333333 0.9888888888888889 0.014583333333333334 0.020370370370370372
1 0.8231770833333333 0.6787037037037037 0.022395833333333334 0.037037037037037035
1 0.7729166666666667 0.7555555555555555 0.013541666666666667 0.025925925925925925
1 0.4158854166666667 0.2712962962962963 0.0078125 0.022222222222222223
1 0.23671875 0.20879629629629629 0.0036458333333333334 0.025
1 0.26067708333333334 0.1449074074074074 0.005729166666666666 0.012037037037037037
1 0.9390625 0.5162037037037037 0.008333333333333333 0.05462962962962963
1 0.9536458333333333 0.5254629629629629 0.01875 0.03796296296296296
1 0.79140625 0.22685185185185186 0.0328125 0.05555555555555555
1 0.7341145833333333 0.23564814814814813 0.0140625 0.03425925925925926
1 0.7408854166666666 0.28564814814814815 0.009895833333333333 0.019444444444444445
1 0.7458333333333333 0.24722222222222223 0.0125 0.024074074074074074
1 0.74296875 0.19953703703703704 0.011979166666666667 0.019444444444444445
1 0.7734375 0.5365740740740741 0.017708333333333333 0.030555555555555555
1 0.85078125 0.6939814814814815 0.015104166666666667 0.028703703703703703
1 0.996875 0.7800925925925926 0.005208333333333333 0.019444444444444445
1 0.9927083333333333 0.8569444444444444 0.013541666666666667 0.03425925925925926
1 0.8447916666666667 0.38564814814814813 0.013541666666666667 0.021296296296296296
1 0.9734375 0.7476851851851852 0.010416666666666666 0.026851851851851852
