2 0.5166666666666667 0.5972222222222222 0.965625 0.8037037037037037
1 0.57734375 0.6166666666666667 0.0140625 0.03148148148148148
1 0.20598958333333334 0.837037037037037 0.019270833333333334 0.025925925925925925
1 0.6119791666666666 0.8523148148148149 0.016666666666666666 0.04537037037037037
1 0.4705729166666667 0.5467592592592593 0.016145833333333335 0.013888888888888888
1 0.38567708333333334 0.7314814814814815 0.005729166666666666 0.016666666666666666
1 0.3684895833333333 0.7402777777777778 0.027604166666666666 0.05462962962962963
1 0.5880208333333333 0.46435185185185185 0.009375 0.025
1 0.7140625 0.8652777777777778 0.015625 0.026851851851851852
1 0.64296875 0.35555555555555557 0.0067708333333333336 0.014814814814814815
1 0.8546875 0.40694444444444444 0.021875 0.062037037037037036
1 0.95078125 0.4236111111111111 0.0109375 0.032407407407407406
1 0.9026041666666667 0.6046296296296296 0.007291666666666667 0.022222222222222223
1 0.8807291666666667 0.7226851851851852 0.0125 0.03611111111111111
1 0.8770833333333333 0.7736111111111111 0.013541666666666667 0.01574074074074074
1 0.8588541666666667 0.6643518518518519 0.0125 0.03611111111111111
1 0.7611979166666667 0.9148148148148149 0.008854166666666666 0.014814814814814815
1 0.6640625 0.9490740740740741 0.008333333333333333 0.016666666666666666
1 0.86640625 0.8722222222222222 0.0036458333333333334 0.022222222222222223
1 0.8611979166666667 0.9648148148148148 0.0036458333333333334 0.020370370370370372
1 0.8296875 0.3106481481481482 0.008333333333333333 0.013888888888888888
