2 0.5 0.5228319444444445 1.0 0.9549231481481482
1 0.2175049479166667 0.1319212962962963 0.0079265625 0.021249999999999998
1 0.23911432291666665 0.09590925925925925 0.0105203125 0.025151851851851852
1 0.10922421875 0.8089055555555557 0.031990104166666665 0.09373703703703704
1 0.7296111979166666 0.4233967592592593 0.015472395833333335 0.03753425925925926
1 0.9405971354166667 0.5998 0.0134859375 0.04034074074074074
1 0.7060471354166666 0.627375925925926 0.008969270833333333 0.014011111111111111
1 0.9417572916666667 0.33057175925925925 0.007472916666666667 0.025958333333333333
1 0.66733203125 0.9892375000000001 0.02112239583333333 0.021067592592592593
1 0.23424427083333335 0.9075143518518518 0.008071875 0.01688055555555556
1 0.6579596354166667 0.5712754629629629 0.0107109375 0.018476851851851852
1 0.9571453125 0.7790458333333333 0.012207291666666667 0.0451287037037037
1 0.7485690104166667 0.5457666666666666 0.007554687500000001 0.015607407407407408
1 0.08457213541666667 0.5284078703703704 0.010810937500000001 0.04200092592592592
1 0.6205151041666667 0.49273472222222225 0.027488541666666665 0.033617592592592595
1 0.20357031250000002 0.25172638888888893 0.009223958333333334 0.04419351851851852
1 0.07555 0.8225606481481481 0.010475 0.013639814814814815
1 0.9307052083333333 0.8239185185185185 0.0051604166666666665 0.008948148148148148
1 0.9415713541666667 0.6460939814814816 0.007101041666666667 0.010706481481481482
1 0.8635091145833333 0.8637717592592593 0.006184895833333333 0.03124722222222222
1 0.9238895833333333 0.6999541666666667 0.006112500000000001 0.029537962962962964
