1 0.5 0.5436995370370371 1.0 0.9133249999999999
2 0.5 0.5427819444444445 1.0 0.9151935185185185
1 0.24648723958333332 0.8244694444444445 0.015891145833333332 0.028568518518518517
1 0.27910078125000004 0.7291921296296296 0.0050765625 0.006532407407407407
1 0.2975640625 0.8360930555555556 0.013878125 0.024037962962962962
1 0.3050026041666667 0.1315097222222222 0.0037552083333333335 0.007463888888888889
1 0.99482265625 0.3913310185185185 0.009436979166666666 0.012291666666666668
1 0.8458796875 0.6235347222222223 0.006342708333333334 0.015587962962962963
1 0.8875463541666666 0.3129268518518519 0.006342708333333334 0.007335185185185185
1 0.8154908854166667 0.3827564814814815 0.004940104166666666 0.009957407407407406
1 0.8343716145833333 0.8322814814814815 0.007284895833333333 0.01085925925925926
1 0.7733505208333333 0.9788263888888888 0.010242708333333333 0.013208333333333334
1 0.7740958333333333 0.9501611111111111 0.019025 0.04106296296296296
1 0.79723828125 0.9546773148148149 0.008018229166666667 0.016762037037037037
1 0.48114192708333337 0.8719523148148147 0.007075520833333334 0.025386111111111113
1 0.7065187500000001 0.6497361111111112 0.014079166666666667 0.012435185185185185
1 0.5254145833333334 0.5772083333333333 0.004995833333333334 0.009972222222222223
1 0.6116445312500001 0.6216763888888889 0.0076640625 0.028537962962962963
1 0.8170466145833333 0.882087962962963 0.011176562499999999 0.025287037037037035
1 0.053682031250000005 0.8557981481481481 0.008405729166666666 0.030114814814814816
