2 0.49973958333333335 0.49953703703703706 0.9994791666666667 0.9990740740740741
2 0.9696315104166667 0.14629629629629629 0.03509635416666667 0.016666666666666666
1 0.25703125 0.41574074074074074 0.013020833333333334 0.02962962962962963
1 0.08203125 0.4722222222222222 0.0078125 0.03333333333333333
1 0.09348958333333333 0.5476851851851852 0.011979166666666667 0.032407407407407406
1 0.4518229166666667 0.33101851851851855 0.0171875 0.023148148148148147
1 0.4986979166666667 0.3416666666666667 0.0234375 0.02962962962962963
1 0.37421875 0.2152777777777778 0.016145833333333335 0.025
1 0.5854166666666667 0.47638888888888886 0.020833333333333332 0.030555555555555555
1 0.5473958333333333 0.711574074074074 0.0125 0.03796296296296296
1 0.5505208333333333 0.7550925925925925 0.019791666666666666 0.028703703703703703
1 0.46197916666666666 0.7444444444444445 0.0125 0.020370370370370372
1 0.7614583333333333 0.6592592592592592 0.011458333333333333 0.027777777777777776
1 0.6348958333333333 0.8731481481481481 0.04479166666666667 0.07592592592592592
1 0.6401041666666667 0.9486111111111111 0.0125 0.019444444444444445
1 0.5697916666666667 0.9263888888888889 0.005208333333333333 0.010185185185185186
1 0.68359375 0.8277777777777777 0.011979166666666667 0.025925925925925925
1 0.8393229166666667 0.32685185185185184 0.0078125 0.025925925925925925
1 0.7315104166666667 0.22777777777777777 0.0078125 0.018518518518518517
