2 0.49973958333333335 0.549074074074074 0.9994791666666667 0.9
1 0.10859375 0.4393518518518518 0.0109375 0.05462962962962963
1 0.08151041666666667 0.4046296296296296 0.0140625 0.044444444444444446
1 0.09817708333333333 0.3384259259259259 0.009895833333333333 0.019444444444444445
1 0.13463541666666667 0.39351851851851855 0.0109375 0.016666666666666666
1 0.17916666666666667 0.1824074074074074 0.015625 0.020370370370370372
1 0.38255208333333335 0.2439814814814815 0.04739583333333333 0.09166666666666666
1 0.37395833333333334 0.39351851851851855 0.015625 0.025925925925925925
1 0.47708333333333336 0.4666666666666667 0.03125 0.08333333333333333
1 0.60546875 0.33240740740740743 0.011979166666666667 0.014814814814814815
1 0.62109375 0.29814814814814816 0.0203125 0.025925925925925925
1 0.19427083333333334 0.862037037037037 0.011458333333333333 0.037037037037037035
1 0.24427083333333333 0.8328703703703704 0.023958333333333335 0.041666666666666664
1 0.03359375 0.7194444444444444 0.011979166666666667 0.024074074074074074
1 0.32005208333333335 0.9731481481481481 0.027604166666666666 0.024074074074074074
1 0.35546875 0.9254629629629629 0.009895833333333333 0.017592592592592594
1 0.40572916666666664 0.7518518518518519 0.041666666666666664 0.06296296296296296
1 0.42890625 0.7694444444444445 0.0109375 0.016666666666666666
1 0.365625 0.6712962962962963 0.014583333333333334 0.027777777777777776
1 0.3333333333333333 0.6273148148148148 0.014583333333333334 0.03425925925925926
1 0.46536458333333336 0.7805555555555556 0.021354166666666667 0.06296296296296296
1 0.49270833333333336 0.7379629629629629 0.016666666666666666 0.03888888888888889
1 0.4127604166666667 0.6962962962962963 0.0109375 0.018518518518518517
1 0.51875 0.7300925925925926 0.023958333333333335 0.03611111111111111
1 0.6643229166666667 0.5277777777777778 0.016145833333333335 0.04259259259259259
1 0.5166666666666667 0.449537037037037 0.010416666666666666 0.01574074074074074
1 0.43828125 0.22546296296296298 0.03802083333333333 0.06388888888888888
1 0.36354166666666665 0.11527777777777778 0.010416666666666666 0.019444444444444445
1 0.428125 0.18194444444444444 0.010416666666666666 0.013888888888888888
1 0.5916666666666667 0.15555555555555556 0.03125 0.08888888888888889
1 0.6559895833333333 0.3726851851851852 0.008854166666666666 0.03796296296296296
1 0.57734375 0.275 0.0078125 0.014814814814814815
1 0.6328125 0.29212962962962963 0.005208333333333333 0.023148148148148147
1 0.68828125 0.2537037037037037 0.0109375 0.018518518518518517
1 0.5981770833333333 0.21388888888888888 0.009895833333333333 0.012962962962962963
1 0.6333333333333333 0.2337962962962963 0.014583333333333334 0.023148148148148147
1 0.8575520833333333 0.3763888888888889 0.024479166666666666 0.062037037037037036
1 0.8721354166666667 0.3402777777777778 0.018229166666666668 0.03796296296296296
1 0.9153645833333334 0.8569444444444444 0.0078125 0.012037037037037037
1 0.7604166666666666 0.8828703703703704 0.009375 0.026851851851851852
1 0.8138020833333334 0.8916666666666667 0.0078125 0.016666666666666666
1 0.9013020833333333 0.8083333333333333 0.0078125 0.012962962962962963
1 0.6684895833333333 0.9800925925925926 0.030729166666666665 0.013888888888888888
1 0.7700520833333333 0.9851851851851852 0.0234375 0.027777777777777776
1 0.8309895833333333 0.9907407407407407 0.011979166666666667 0.016666666666666666
1 0.5817708333333333 0.6421296296296296 0.025 0.03796296296296296
1 0.7921875 0.3541666666666667 0.015625 0.03611111111111111
1 0.08177083333333333 0.9412037037037037 0.008333333333333333 0.019444444444444445
1 0.85546875 0.586574074074074 0.0109375 0.03981481481481482
1 0.7296875 0.5578703703703703 0.028125 0.032407407407407406
1 0.8693510416666667 0.398575462962963 0.03245208333333333 0.061965740740740745
