2 0.49973958333333335 0.5365740740740741 0.9994791666666667 0.925
1 0.2984375 0.16064814814814815 0.01875 0.041666666666666664
1 0.3260416666666667 0.2569444444444444 0.016666666666666666 0.026851851851851852
1 0.24583333333333332 0.1884259259259259 0.019791666666666666 0.017592592592592594
1 0.13723958333333333 0.5935185185185186 0.021354166666666667 0.03333333333333333
1 0.14765625 0.55 0.009895833333333333 0.06481481481481481
1 0.21588541666666666 0.32222222222222224 0.0067708333333333336 0.03333333333333333
1 0.05546875 0.34814814814814815 0.013020833333333334 0.018518518518518517
1 0.10104166666666667 0.3527777777777778 0.009375 0.027777777777777776
1 0.10755208333333334 0.3263888888888889 0.0067708333333333336 0.013888888888888888
1 0.03307291666666667 0.24027777777777778 0.0078125 0.017592592592592594
1 0.05520833333333333 0.1986111111111111 0.005208333333333333 0.012037037037037037
1 0.031510416666666666 0.30972222222222223 0.009895833333333333 0.028703703703703703
1 0.0234375 0.6472222222222223 0.011458333333333333 0.046296296296296294
1 0.062239583333333334 0.6310185185185185 0.013020833333333334 0.030555555555555555
1 0.08203125 0.6828703703703703 0.0067708333333333336 0.03796296296296296
1 0.021875 0.763425925925926 0.00625 0.023148148148148147
1 0.02734375 0.5435185185185185 0.0067708333333333336 0.022222222222222223
1 0.475 0.28888888888888886 0.013541666666666667 0.027777777777777776
1 0.5200520833333333 0.21944444444444444 0.022395833333333334 0.040740740740740744
1 0.540625 0.38333333333333336 0.019791666666666666 0.05
1 0.5338541666666666 0.49722222222222223 0.009375 0.022222222222222223
1 0.6783854166666666 0.45092592592592595 0.019270833333333334 0.053703703703703705
1 0.5908854166666667 0.1736111111111111 0.009895833333333333 0.023148148148148147
1 0.6346354166666667 0.15416666666666667 0.0078125 0.012037037037037037
1 0.4981770833333333 0.7907407407407407 0.0067708333333333336 0.012962962962962963
1 0.53984375 0.774537037037037 0.015104166666666667 0.023148148148148147
1 0.4864583333333333 0.7125 0.00625 0.012037037037037037
1 0.5177083333333333 0.7083333333333334 0.011458333333333333 0.025925925925925925
1 0.6557291666666667 0.7217592592592592 0.009375 0.019444444444444445
1 0.6416666666666667 0.8634259259259259 0.025 0.03425925925925926
1 0.646875 0.8296296296296296 0.009375 0.016666666666666666
1 0.6588541666666666 0.9652777777777778 0.009375 0.021296296296296296
1 0.5223958333333333 0.44351851851851853 0.010416666666666666 0.024074074074074074
1 0.7127604166666667 0.9152777777777777 0.011979166666666667 0.026851851851851852
