2 0.5 0.46557731481481485 1.0 0.9311546296296297
1 0.20260885416666669 0.7725203703703704 0.011467708333333333 0.028374074074074072
1 0.19664765625 0.8108060185185185 0.013086979166666667 0.05309351851851852
1 0.11446458333333333 0.6694828703703705 0.0122625 0.05007685185185185
1 0.10955937499999999 0.37458425925925926 0.01286875 0.0343537037037037
1 0.20508567708333333 0.17810416666666665 0.01954635416666667 0.019171296296296294
1 0.007232291666666666 0.4667814814814815 0.014464583333333333 0.040970370370370365
1 0.015758854166666666 0.3718402777777778 0.005476041666666666 0.023310185185185187
1 0.00758515625 0.6173662037037037 0.009961979166666666 0.04399166666666667
1 0.33169375 0.1963439814814815 0.014429166666666667 0.033428703703703704
1 0.3075958333333333 0.21630601851851852 0.01415 0.030760185185185182
1 0.3443627604166667 0.0940837962962963 0.02518385416666667 0.030760185185185182
1 0.37839973958333334 0.13872592592592595 0.01721614583333333 0.0256
1 0.45121197916666667 0.3240078703703704 0.011798958333333333 0.025793518518518518
1 0.4394138020833333 0.25366944444444445 0.006952604166666667 0.014746296296296297
1 0.5609106770833333 0.055925 0.0176546875 0.03036851851851852
1 0.6054354166666667 0.08480462962962963 0.0087875 0.02146111111111111
1 0.6165106770833333 0.2448722222222222 0.0069796875 0.01567037037037037
1 0.6101296875000001 0.28828657407407404 0.017134375 0.02657314814814815
1 0.9383674479166667 0.11972731481481481 0.0121515625 0.05056574074074074
1 0.93521640625 0.17230185185185187 0.010016145833333333 0.027937037037037038
1 0.8450885416666666 0.5285685185185186 0.004760416666666667 0.0201
1 0.9763390624999999 0.6129912037037036 0.005803125 0.02968611111111111
1 0.9716479166666667 0.6496972222222223 0.011004166666666667 0.01420925925925926
1 0.7195927083333333 0.549625925925926 0.01001875 0.012214814814814815
1 0.59634765625 0.6487458333333334 0.009361979166666668 0.016010185185185186
1 0.6643291666666666 0.7436041666666666 0.01095 0.01683796296296296
1 0.5354109375 0.7706023148148148 0.008321875 0.015278703703703704
1 0.39930859375 0.34235925925925925 0.0298671875 0.051385185185185187
1 0.1009828125 0.7788898148148148 0.006132291666666666 0.011483333333333333
