1 0.472775 0.4156777777777778 0.94555 0.8313555555555556
2 0.4741854166666667 0.41676203703703707 0.9483708333333334 0.8335240740740741
1 0.0955609375 0.1327523148148148 0.009871875 0.01550462962962963
1 0.015479947916666665 0.6822550925925926 0.009084895833333334 0.021917592592592593
1 0.09357708333333334 0.30450787037037036 0.011112499999999999 0.02753425925925926
1 0.6680716145833333 0.08941666666666666 0.02051822916666667 0.03253703703703704
1 0.09584947916666667 0.35280648148148147 0.006282291666666666 0.011168518518518519
1 0.12972317708333334 0.2778087962962963 0.0021546875 0.003765740740740741
1 0.11867317708333333 0.2807138888888889 0.013388020833333332 0.011427777777777778
1 0.0831078125 0.4268976851851852 0.004757291666666667 0.009350925925925926
1 0.03388828125 0.05845694444444444 0.007359895833333334 0.01876574074074074
1 0.018173177083333332 0.05473981481481482 0.005096354166666667 0.00947962962962963
