2 0.5092143229166667 0.5184902777777778 0.9819703125 0.9629064814814815
1 0.4896330729166667 0.04651157407407407 0.01884947916666667 0.017097222222222222
1 0.5335580729166666 0.172225 0.009824479166666667 0.02407962962962963
1 0.6145929687499999 0.17192731481481482 0.011477604166666665 0.021632407407407406
1 0.4565778645833333 0.4022439814814815 0.0058640625 0.05819166666666667
1 0.3109223958333333 0.5409398148148148 0.012469791666666667 0.02262037037037037
1 0.8118963541666666 0.6960124999999999 0.018584375 0.03091388888888889
1 0.30102109375 0.729586111111111 0.012458854166666667 0.027690740740740738
1 0.4100127604166667 0.8803282407407408 0.0429421875 0.06436018518518519
1 0.7319083333333333 0.9535625000000001 0.020066666666666667 0.038606481481481485
1 0.43163255208333334 0.32978287037037035 0.013265104166666668 0.052158333333333334
1 0.45530598958333335 0.3134023148148148 0.0095703125 0.019397222222222225
