2 0.5 0.46159212962962964 1.0 0.9231842592592593
1 0.7020895833333333 0.27307916666666665 0.0093875 0.014676851851851852
1 0.6756033854166666 0.3049708333333333 0.016831770833333332 0.028460185185185182
1 0.9948341145833334 0.4725800925925926 0.0105015625 0.026641666666666668
1 0.8165276041666666 0.38310324074074076 0.009096875 0.031021296296296297
1 0.9817101562499999 0.18913657407407405 0.009253645833333332 0.035680555555555556
1 0.9539986979166667 0.19841620370370372 0.014247395833333334 0.022758333333333335
1 0.9850450520833333 0.23537453703703703 0.0065484375000000004 0.015193518518518518
1 0.7628588541666667 0.15047361111111113 0.004884375 0.017613888888888887
1 0.6774645833333334 0.07140277777777777 0.010137499999999999 0.022435185185185186
1 0.6253721354166667 0.09836527777777777 0.0892859375 0.1022861111111111
1 0.5883369791666666 0.09708935185185184 0.015215625 0.031215740740740742
1 0.5932856770833334 0.29842407407407406 0.0230296875 0.03018148148148148
1 0.6359583333333333 0.35714814814814816 0.020874999999999998 0.021703703703703704
1 0.7306606770833334 0.036486111111111115 0.015488020833333333 0.04334259259259259
1 0.8997372395833333 0.16029305555555556 0.0078078125 0.01688240740740741
1 0.8922364583333333 0.23531805555555554 0.007389583333333334 0.024339814814814814
1 0.8480658854166666 0.31955185185185186 0.0065484375000000004 0.01873333333333333
1 0.9659197916666666 0.35197824074074074 0.006839583333333333 0.009512037037037038
1 0.8954401041666666 0.5895916666666666 0.007546875 0.06251666666666666
1 0.9754914062500001 0.5157611111111111 0.0072328125000000005 0.038929629629629627
1 0.9491028645833333 0.4898416666666667 0.0034140625 0.018572222222222223
1 0.9363192708333333 0.44411064814814816 0.009096875 0.05303611111111112
1 0.689515625 0.5314574074074074 0.01340625 0.025877777777777777
1 0.6125760416666667 0.4196375 0.008485416666666667 0.05594166666666667
1 0.5497093750000001 0.44583472222222226 0.020252083333333334 0.028706481481481482
1 0.54856796875 0.32710416666666664 0.008594270833333334 0.020875
1 0.5427252604166667 0.3143337962962963 0.004200520833333333 0.00644537037037037
1 0.51466796875 0.21462037037037035 0.009544270833333333 0.01998148148148148
1 0.4927885416666667 0.1794537037037037 0.02411875 0.03298148148148148
1 0.43513515625000004 0.22454444444444446 0.009853645833333334 0.028718518518518518
1 0.46387656250000003 0.3650300925925926 0.013169791666666668 0.035615740740740746
1 0.5074875 0.49553564814814816 0.013933333333333332 0.022552777777777776
1 0.7315158854166667 0.6884726851851852 0.022406770833333332 0.03990833333333333
1 0.7279877604166667 0.7008888888888889 0.0132671875 0.01474074074074074
1 0.6625135416666666 0.6235226851851852 0.015652083333333334 0.02482314814814815
1 0.6607830729166667 0.6551513888888889 0.0101078125 0.019562037037037038
1 0.6710632812499999 0.5880037037037037 0.010876562499999999 0.02600740740740741
1 0.6701471354166666 0.6995601851851851 0.016335937499999998 0.03060185185185185
1 0.6648955729166667 0.5402717592592593 0.0089578125 0.019432407407407405
1 0.8799260416666667 0.857287037037037 0.011935416666666667 0.02383333333333333
1 0.9388721354166666 0.7310921296296297 0.008994270833333333 0.02329537037037037
1 0.8695359375 0.7361171296296296 0.014071875000000001 0.033345370370370365
1 0.9297856770833334 0.6301027777777778 0.006446354166666667 0.019464814814814813
1 0.9145346354166667 0.539012037037037 0.010319270833333333 0.020616666666666665
1 0.32497890625000003 0.8226791666666667 0.0093328125 0.019432407407407405
1 0.37874557291666666 0.6758592592592593 0.019991145833333335 0.025792592592592593
1 0.37635703125000003 0.7339749999999999 0.010005729166666666 0.03646851851851852
1 0.3320169270833333 0.5084726851851852 0.017158854166666668 0.020649074074074073
1 0.24918463541666666 0.6488449074074074 0.0087859375 0.008800925925925927
1 0.22758411458333333 0.847825462962963 0.006209895833333334 0.01787314814814815
1 0.2821927083333333 0.3736537037037037 0.007093749999999999 0.01952962962962963
1 0.290928125 0.2773083333333333 0.008939583333333334 0.021283333333333335
1 0.13830052083333333 0.2791634259259259 0.015142708333333334 0.0638824074074074
1 0.1323953125 0.41689722222222225 0.007498958333333333 0.039349999999999996
1 0.11311848958333333 0.3976787037037037 0.007486979166666667 0.021283333333333335
1 0.015666927083333334 0.7571763888888888 0.0115421875 0.03472314814814815
1 0.06500260416666667 0.7779324074074074 0.005005208333333333 0.022531481481481482
1 0.014051302083333333 0.49948425925925927 0.007269270833333333 0.013783333333333333
1 0.3633877604166667 0.15290277777777778 0.0278171875 0.03358333333333333
1 0.36005572916666667 0.1281375 0.012819791666666667 0.021089814814814815
1 0.240271875 0.11806157407407408 0.01700208333333333 0.08612314814814816
1 0.24043203125 0.14165555555555556 0.017322395833333334 0.03701481481481481
1 0.18528333333333336 0.28954398148148147 0.011191666666666666 0.040199074074074075
1 0.165884375 0.10756064814814814 0.014060416666666666 0.02808425925925926
1 0.020391666666666666 0.36827037037037036 0.008491666666666666 0.01802222222222222
1 0.32362526041666667 0.013736111111111112 0.0107921875 0.027472222222222224
1 0.2913674479166667 0.02608425925925926 0.007734895833333334 0.011427777777777778
1 0.35111328125 0.07196851851851852 0.052226562500000004 0.042085185185185184
1 0.03132083333333333 0.03827638888888889 0.006391666666666667 0.013589814814814815
1 0.03421302083333333 0.14014444444444443 0.004884375 0.013622222222222221
1 0.11967421874999999 0.28245092592592597 0.0080984375 0.016753703703703705
1 0.07444973958333333 0.24535138888888885 0.0072328125000000005 0.009221296296296295
1 0.08055729166666666 0.2698236111111111 0.007989583333333333 0.010017592592592594
1 0.26277682291666665 0.3203814814814815 0.005761979166666667 0.01668888888888889
1 0.24508723958333334 0.3681666666666667 0.003716145833333333 0.006703703703703704
1 0.2476296875 0.34611111111111115 0.008801041666666667 0.023703703703703706
1 0.3753942708333333 0.3630060185185185 0.008080208333333333 0.01860462962962963
1 0.5802059895833334 0.04942037037037037 0.007286979166666666 0.011803703703703703
1 0.7558005208333333 0.7796083333333333 0.004309375 0.016624074074074076
1 0.75742421875 0.5333407407407408 0.0210984375 0.04816296296296296
