2 0.49973958333333335 0.5365740740740741 0.9994791666666667 0.925
1 0.2375 0.8462962962962963 0.022916666666666665 0.04259259259259259
1 0.33828125 0.8458333333333333 0.0171875 0.032407407407407406
1 0.6856770833333333 0.49166666666666664 0.011979166666666667 0.03518518518518519
1 0.6114583333333333 0.3351851851851852 0.023958333333333335 0.037037037037037035
1 0.521875 0.6333333333333333 0.016666666666666666 0.024074074074074074
1 0.5625 0.6777777777777778 0.016666666666666666 0.018518518518518517
1 0.5315104166666667 0.8476851851851852 0.015104166666666667 0.025
1 0.3111979166666667 0.7625 0.0140625 0.030555555555555555
1 0.5502604166666667 0.20015416666666666 0.022395833333333334 0.05030833333333333
1 0.5309895833333333 0.21666666666666667 0.0234375 0.027777777777777776
1 0.66015625 0.25555555555555554 0.018229166666666668 0.027777777777777776
1 0.6697916666666667 0.3398148148148148 0.022916666666666665 0.04814814814814815
1 0.6729166666666667 0.43148148148148147 0.011458333333333333 0.018518518518518517
1 0.346875 0.7069444444444445 0.013541666666666667 0.025
1 0.3511283854166667 0.6735083333333334 0.01788177083333333 0.01923888888888889
1 0.43385416666666665 0.9868828703703704 0.023958333333333335 0.023765740740740744
1 0.48671875 0.9471194444444444 0.015104166666666667 0.03683148148148148
1 0.19739583333333333 0.3699074074074074 0.019791666666666666 0.028703703703703703
1 0.14088541666666668 0.6731481481481482 0.013020833333333334 0.027777777777777776
1 0.13359375 0.5578703703703703 0.0203125 0.04351851851851852
1 0.13567708333333334 0.17314814814814813 0.0140625 0.03518518518518519
1 0.15373098958333334 0.7464814814814815 0.03246197916666667 0.07814814814814815
1 0.15859375 0.22058101851851852 0.015104166666666667 0.03190277777777777
1 0.7968794270833333 0.6523148148148148 0.041675520833333334 0.07314814814814814
1 0.8213541666666667 0.44537037037037036 0.014583333333333334 0.027777777777777776
1 0.8375 0.38055555555555554 0.015625 0.03148148148148148
1 0.7078125 0.7976851851851852 0.011458333333333333 0.023148148148148147
1 0.8 0.612037037037037 0.011458333333333333 0.020370370370370372
1 0.8221354166666667 0.7263888888888889 0.0203125 0.0712962962962963
1 0.8677083333333333 0.41805555555555557 0.010416666666666666 0.019444444444444445
1 0.17838541666666666 0.5472222222222223 0.015104166666666667 0.025925925925925925
1 0.11328125 0.5069444444444444 0.008854166666666666 0.017592592592592594
