2 0.5 0.534749537037037 1.0 0.9306101851851851
1 0.18416067708333334 0.30379120370370366 0.009988020833333333 0.02980462962962963
1 0.17527057291666667 0.26767268518518517 0.015124479166666668 0.05201203703703704
1 0.10416874999999999 0.4272814814814815 0.012504166666666667 0.05085925925925926
1 0.12291484375 0.7212712962962963 0.014579687499999999 0.03143148148148148
1 0.23347734375 0.8921134259259259 0.0200796875 0.017560185185185186
1 0.013740104166666666 0.6550953703703704 0.017063541666666668 0.03796851851851852
1 0.031002604166666666 0.7474796296296297 0.006796875 0.022737037037037038
1 0.004178125 0.5070634259259259 0.00835625 0.04375648148148148
1 0.35702630208333336 0.8421060185185185 0.0161359375 0.030508333333333332
1 0.33182500000000004 0.8283634259259259 0.012608333333333333 0.03265277777777778
1 0.3778958333333333 0.9413666666666667 0.024541666666666666 0.03273333333333333
1 0.4075765625 0.8874546296296296 0.016194791666666666 0.02676111111111111
1 0.46547786458333335 0.6871087962962963 0.012205729166666667 0.026069444444444447
1 0.4591471354166667 0.7593115740740741 0.0068359375 0.014919444444444444
1 0.5946109375 0.9243601851851851 0.016305208333333335 0.0320537037037037
1 0.6367473958333334 0.8850046296296296 0.008911458333333334 0.02186111111111111
1 0.6349617187500001 0.7239041666666667 0.006381770833333333 0.01632685185185185
1 0.6256013020833334 0.6827407407407408 0.0157859375 0.028444444444444442
1 0.97023828125 0.9107550925925926 0.008184895833333334 0.019658333333333333
1 0.9430276041666666 0.9217208333333333 0.015221875 0.023071296296296298
1 0.96420078125 0.7691671296296296 0.0127765625 0.05129722222222222
1 0.95643515625 0.7167541666666667 0.008703645833333332 0.02980462962962963
1 0.8393268229166666 0.38639537037037036 0.004695312500000001 0.02093888888888889
1 0.9627851562499999 0.2703138888888889 0.0057786458333333336 0.029516666666666667
1 0.9548591145833334 0.23550046296296295 0.010759895833333333 0.013593518518518517
1 0.7137833333333333 0.39597175925925926 0.009858333333333334 0.012313888888888888
1 0.5835424479166667 0.32833194444444447 0.009793229166666667 0.015923148148148148
1 0.6440252604166666 0.2184462962962963 0.0109671875 0.016522222222222223
1 0.51352578125 0.22388425925925926 0.0083015625 0.014435185185185185
1 0.41165052083333337 0.6814476851851852 0.030592708333333333 0.04808055555555556
1 0.08289140625 0.32199953703703704 0.0064078125 0.010665740740740741
