2 0.5 0.5265810185185185 1.0 0.9476064814814814
1 0.78571015625 0.14026805555555555 0.007878645833333333 0.021276851851851852
1 0.7651161458333333 0.10424351851851851 0.010440625 0.025153703703703702
1 0.8875552083333333 0.8208189814814815 0.03240208333333334 0.0934898148148148
1 0.27088697916666665 0.41590462962962965 0.015732291666666665 0.037364814814814816
1 0.058255729166666666 0.586024537037037 0.013386458333333334 0.04056759259259259
1 0.2929848958333333 0.6208921296296296 0.008886458333333335 0.014006481481481483
1 0.05990234375 0.3176185185185185 0.0073046875 0.02597777777777778
1 0.32773776041666663 0.9863962962962963 0.021100520833333334 0.026496296296296296
1 0.7613125000000001 0.9158402777777778 0.008041666666666666 0.01686574074074074
1 0.34176015625 0.5665912037037037 0.010603645833333335 0.01836759259259259
1 0.03994713541666666 0.7651287037037037 0.012185937499999999 0.04507222222222222
1 0.2511578125 0.5383097222222223 0.007523958333333333 0.015508333333333332
1 0.9148690104166667 0.5412333333333333 0.010988020833333334 0.04172592592592592
1 0.2636911458333333 0.998212037037037 0.004465625 0.0038314814814814813
1 0.3797619791666667 0.48843148148148147 0.02723229166666667 0.03427037037037037
1 0.7985635416666667 0.26089120370370367 0.009627083333333335 0.04400462962962963
1 0.9209005208333333 0.8354152777777778 0.010551041666666667 0.013423148148148148
1 0.06609036458333334 0.8109157407407407 0.005097395833333334 0.008868518518518519
1 0.05717604166666667 0.6323050925925926 0.007060416666666666 0.01090648148148148
1 0.13323385416666667 0.8526916666666667 0.006051041666666667 0.03130925925925926
1 0.07431119791666667 0.6870777777777778 0.0059140625 0.029711111111111112
