2 0.49973958333333335 0.549074074074074 0.9994791666666667 0.9
1 0.6106770833333334 0.3013888888888889 0.033854166666666664 0.041666666666666664
1 0.6109375 0.30092592592592593 0.034375 0.040740740740740744
2 0.61015625 0.30092592592592593 0.0328125 0.040740740740740744
1 0.27682291666666664 0.9629629629629629 0.0140625 0.025925925925925925
1 0.30625 0.21435185185185185 0.011458333333333333 0.026851851851851852
1 0.4859375 0.2462962962962963 0.025 0.04814814814814815
1 0.21744791666666666 0.3263888888888889 0.008854166666666666 0.021296296296296296
1 0.6111979166666667 0.600462962962963 0.0234375 0.03611111111111111
1 0.46458333333333335 0.9 0.011458333333333333 0.016666666666666666
1 0.80234375 0.8018518518518518 0.028645833333333332 0.037037037037037035
1 0.79609375 0.7490740740740741 0.011979166666666667 0.025925925925925925
1 0.85546875 0.8277777777777777 0.009895833333333333 0.024074074074074074
1 0.9033854166666667 0.9009259259259259 0.005729166666666666 0.009259259259259259
1 0.9203125 0.8819444444444444 0.007291666666666667 0.012037037037037037
1 0.9463541666666667 0.8819444444444444 0.009375 0.017592592592592594
1 0.9755208333333333 0.8847222222222222 0.00625 0.012037037037037037
1 0.9802083333333333 0.8652777777777778 0.004166666666666667 0.010185185185185186
1 0.984375 0.8347222222222223 0.005208333333333333 0.01574074074074074
1 0.19479166666666667 0.5967592592592592 0.022916666666666665 0.041666666666666664
1 0.0453125 0.4638888888888889 0.007291666666666667 0.018518518518518517
1 0.08229166666666667 0.7939814814814815 0.013541666666666667 0.04722222222222222
1 0.2640625 0.3907407407407407 0.013541666666666667 0.02962962962962963
