2 0.5 0.5230967592592592 1.0 0.9536009259259258
1 0.5994575520833333 0.08466898148148148 0.011415104166666667 0.01563425925925926
1 0.591796875 0.1158287037037037 0.009635416666666667 0.029805555555555554
1 0.37659609374999997 0.3083449074074074 0.009442187500000001 0.01483796296296296
1 0.7312091145833333 0.5963208333333334 0.0145015625 0.025975
1 0.4708966145833333 0.889038425925926 0.0313765625 0.059558333333333324
1 0.4345028645833333 0.996799537037037 0.007547395833333333 0.006562037037037037
1 0.40120338541666667 0.8026263888888889 0.0065734375 0.02006759259259259
1 0.63310078125 0.8533898148148149 0.017243229166666665 0.041964814814814816
1 0.09269765625 0.2704800925925926 0.005186979166666666 0.011330555555555556
1 0.07099192708333332 0.3056787037037037 0.005525520833333334 0.020616666666666665
1 0.04681770833333333 0.42534444444444447 0.009260416666666667 0.017355555555555555
