2 0.5 0.5 1.0 1.0
1 0.9610598958333333 0.2747907407407407 0.007536458333333333 0.025507407407407406
1 0.9651643229166668 0.686649074074074 0.0094953125 0.023298148148148148
1 0.9455135416666667 0.7416125 0.01706875 0.055447222222222224
1 0.9341458333333333 0.6746810185185185 0.009958333333333335 0.017880555555555556
1 0.85761875 0.6849837962962964 0.016279166666666667 0.02552314814814815
1 0.8433557291666667 0.6012541666666666 0.021086458333333332 0.048804629629629635
1 0.8489 0.9213296296296296 0.015508333333333334 0.01488148148148148
1 0.5653390625 0.9021157407407407 0.020261458333333333 0.04867592592592593
1 0.6707893229166667 0.32948148148148143 0.016578645833333332 0.034888888888888886
1 0.6750330729166667 0.8075203703703703 0.009441145833333333 0.013188888888888889
1 0.4988799479166667 0.2903041666666667 0.012343229166666667 0.03616388888888889
1 0.41830390625 0.30621574074074076 0.010566145833333334 0.03835740740740741
1 0.37700104166666665 0.201725 0.02066875 0.029375925925925923
1 0.32245572916666665 0.4116638888888889 0.015744791666666667 0.047401851851851855
1 0.36454322916666665 0.6302898148148148 0.008253125 0.02539444444444444
1 0.3258104166666667 0.9050064814814816 0.0068291666666666665 0.022975925925925927
1 0.38677109375 0.8060337962962962 0.015208854166666667 0.030586111111111113
1 0.34034921875 0.7941680555555556 0.0150734375 0.0346324074074074
1 0.2957213541666667 0.773950462962963 0.023734375 0.021975
1 0.5617174479166667 0.7641814814814815 0.0088515625 0.01725185185185185
1 0.15366666666666667 0.420250462962963 0.0115 0.040500925925925926
1 0.31058515625 0.9301041666666667 0.015961979166666664 0.02502314814814815
1 0.13070520833333335 0.5594953703703703 0.012452083333333334 0.03010185185185185
1 0.12820208333333333 0.658225925925926 0.036612500000000006 0.060896296296296296
1 0.22148098958333332 0.5269587962962963 0.0075453125 0.01688055555555556
1 0.19373697916666668 0.849274537037037 0.015598958333333333 0.037437962962962965
1 0.14977604166666666 0.8934856481481482 0.025593750000000002 0.04993425925925926
1 0.12265677083333333 0.8899958333333333 0.011980208333333332 0.031843518518518514
1 0.10239427083333334 0.9435634259259259 0.012080208333333333 0.020460185185185185
1 0.09905885416666667 0.794313425925926 0.008534375 0.021960185185185183
1 0.17869453125 0.5427574074074074 0.012597395833333334 0.01884814814814815
1 0.47793593749999996 0.9830374999999999 0.008996875 0.016075
1 0.6060317708333333 0.4817662037037037 0.005813541666666667 0.01723611111111111
