2 0.49040625000000004 0.5003444444444444 0.9808125000000001 0.998837037037037
1 0.6485450520833334 0.09704398148148148 0.015840104166666667 0.032976851851851854
1 0.6846388020833333 0.5269606481481481 0.0276109375 0.035402777777777776
1 0.6475570312500001 0.7041847222222222 0.009697395833333334 0.028739814814814815
1 0.6028125000000001 0.7133444444444444 0.010833333333333334 0.021133333333333334
1 0.5023963541666666 0.3062300925925926 0.006876041666666667 0.008756481481481481
1 0.47331562499999996 0.31774120370370373 0.017464583333333332 0.022519444444444446
1 0.4725078125 0.2939125 0.030432291666666667 0.03226944444444444
1 0.6263184895833334 0.41030833333333333 0.021386979166666667 0.016912962962962963
1 0.5899411458333332 0.4111462962962963 0.005923958333333334 0.022292592592592593
1 0.48488203125 0.11002268518518518 0.048930729166666666 0.0922675925925926
1 0.5387283854166667 0.15096111111111113 0.013915104166666666 0.022292592592592593
1 0.3485578125 0.3636462962962963 0.020032291666666667 0.051366666666666665
1 0.3020796875 0.3683328703703704 0.027076041666666665 0.045924999999999994
1 0.40696041666666666 0.37471481481481483 0.023295833333333335 0.04572592592592593
1 0.2706518229166666 0.8427912037037038 0.04026197916666666 0.06891574074074074
1 0.5685828125000001 0.33105092592592594 0.0048739583333333334 0.006546296296296297
1 0.34932083333333336 0.16262037037037036 0.008016666666666667 0.015981481481481482
1 0.20789869791666668 0.18409953703703702 0.008505729166666667 0.021902777777777778
1 0.11507265625 0.27139537037037037 0.018686979166666666 0.018716666666666666
1 0.6092299479166667 0.905300462962963 0.021584895833333333 0.03282314814814814
1 0.5915106770833333 0.9348694444444444 0.0163546875 0.023442592592592595
1 0.49837578125 0.8450930555555556 0.0123765625 0.029075
1 0.012204947916666665 0.41311296296296296 0.017118229166666665 0.08178148148148148
1 0.0084984375 0.4497185185185185 0.006580208333333334 0.01425185185185185
1 0.05161536458333334 0.6967009259259259 0.03448072916666667 0.08229074074074073
1 0.029038541666666664 0.8151962962962963 0.014327083333333332 0.02854074074074074
1 0.21310989583333334 0.8866981481481482 0.024136458333333333 0.049322222222222226
1 0.20198489583333332 0.9857800925925925 0.007094791666666667 0.010449074074074074
1 0.46232656250000004 0.9096023148148148 0.0059031249999999995 0.01920462962962963
