2 0.5223958333333333 0.5810185185185185 0.9541666666666667 0.8361111111111111
1 0.37890625 0.3138888888888889 0.009895833333333333 0.016666666666666666
1 0.3375 0.18287037037037038 0.007291666666666667 0.012037037037037037
1 0.3932291666666667 0.4449074074074074 0.015625 0.028703703703703703
1 0.3145833333333333 0.46620370370370373 0.007291666666666667 0.017592592592592594
1 0.3015625 0.6287037037037037 0.008333333333333333 0.016666666666666666
1 0.29921875 0.7476851851851852 0.019270833333333334 0.04722222222222222
1 0.44453125 0.4300925925925926 0.03177083333333333 0.025
1 0.49244791666666665 0.48657407407407405 0.0265625 0.04722222222222222
1 0.5346354166666667 0.44305555555555554 0.022395833333333334 0.08055555555555556
1 0.6041666666666666 0.4166666666666667 0.011458333333333333 0.02962962962962963
1 0.6408854166666667 0.46574074074074073 0.013020833333333334 0.020370370370370372
1 0.5861979166666667 0.525 0.0234375 0.022222222222222223
1 0.5731770833333333 0.5027777777777778 0.0078125 0.018518518518518517
1 0.503125 0.7157407407407408 0.036458333333333336 0.037037037037037035
1 0.5041666666666667 0.6791666666666667 0.010416666666666666 0.017592592592592594
1 0.4421875 0.9574074074074074 0.0125 0.020370370370370372
1 0.4752604166666667 0.9837962962962963 0.011979166666666667 0.012037037037037037
1 0.46484375 0.9569444444444445 0.0067708333333333336 0.012037037037037037
1 0.5729166666666666 0.8351851851851851 0.009375 0.012962962962962963
1 0.578125 0.8194444444444444 0.007291666666666667 0.018518518518518517
1 0.640625 0.5476851851851852 0.005208333333333333 0.026851851851851852
1 0.8703125 0.3226851851851852 0.011458333333333333 0.013888888888888888
1 0.8861979166666667 0.6310185185185185 0.0046875 0.04537037037037037
1 0.6520833333333333 0.22037037037037038 0.010416666666666666 0.012962962962962963
1 0.37890625 0.2898148148148148 0.011979166666666667 0.012962962962962963
1 0.346875 0.6587962962962963 0.010416666666666666 0.04722222222222222
1 0.4166666666666667 0.5601851851851852 0.007291666666666667 0.007407407407407408
1 0.9973958333333334 0.8986111111111111 0.004166666666666667 0.019444444444444445
