2 0.5 0.5489310185185186 1.0 0.9015657407407408
1 0.7138888020833334 0.8227287037037038 0.014235937499999999 0.019531481481481483
1 0.7395075520833333 0.6129097222222222 0.017556770833333336 0.03693055555555556
1 0.5115401041666667 0.41847268518518516 0.016830208333333332 0.023982407407407407
1 0.296296875 0.21482361111111112 0.006135416666666667 0.016684259259259256
1 0.5952986979166667 0.2738967592592592 0.0072640625 0.02001574074074074
1 0.6050911458333333 0.995686111111111 0.012265625 0.008038888888888889
1 0.045986197916666666 0.9054712962962963 0.0086390625 0.03501666666666666
1 0.5627484375 0.10918055555555556 0.018205208333333334 0.010953703703703703
1 0.7721963541666667 0.9218504629629629 0.008976041666666667 0.015923148148148148
1 0.49024713541666665 0.40677592592592593 0.008619270833333333 0.015403703703703702
