2 0.49973958333333335 0.549074074074074 0.9994791666666667 0.9
1 0.6994791666666667 0.4412037037037037 0.0125 0.03611111111111111
1 0.23125 0.8805555555555555 0.019791666666666666 0.03888888888888889
1 0.20598958333333334 0.8347222222222223 0.011979166666666667 0.023148148148148147
1 0.6466145833333333 0.33935185185185185 0.05572916666666667 0.075
1 0.65234375 0.4310185185185185 0.0046875 0.025
1 0.2703125 0.5925925925925926 0.029166666666666667 0.06481481481481481
1 0.28489583333333335 0.5578703703703703 0.011458333333333333 0.028703703703703703
1 0.3377604166666667 0.33240740740740743 0.0078125 0.014814814814814815
1 0.3859375 0.2972222222222222 0.009375 0.016666666666666666
1 0.4231770833333333 0.3300925925925926 0.0140625 0.01574074074074074
1 0.7674479166666667 0.4615740740740741 0.0109375 0.04722222222222222
1 0.8625 0.30787037037037035 0.011458333333333333 0.049074074074074076
1 0.71875 0.36157407407407405 0.028125 0.0712962962962963
1 0.7447916666666666 0.36064814814814816 0.010416666666666666 0.03981481481481482
1 0.7565104166666666 0.3962962962962963 0.008854166666666666 0.040740740740740744
1 0.48854166666666665 0.22824074074074074 0.013541666666666667 0.025
1 0.403125 0.2462962962962963 0.017708333333333333 0.05
1 0.020052083333333335 0.36157407407407405 0.008854166666666666 0.049074074074074076
1 0.17630208333333333 0.16944444444444445 0.0067708333333333336 0.012962962962962963
1 0.040625 0.5787037037037037 0.004166666666666667 0.009259259259259259
1 0.047135416666666666 0.6365740740740741 0.0109375 0.041666666666666664
1 0.09973958333333334 0.8291666666666667 0.016145833333333335 0.01574074074074074
1 0.8484375 0.43049768518518516 0.027083333333333334 0.057291666666666664
1 0.8377604166666667 0.4046296296296296 0.011979166666666667 0.03518518518518519
1 0.8231770833333333 0.9773148148148149 0.018229166666666668 0.03425925925925926
1 0.30040052083333335 0.14369675925925926 0.014342708333333334 0.04665277777777778
1 0.30078125 0.18305555555555555 0.0171875 0.02722222222222222
1 0.042051041666666664 0.22824074074074074 0.02889375 0.049074074074074076
1 0.030208333333333334 0.2680148148148148 0.017708333333333333 0.03602962962962963
