2 0.51295390625 0.508774537037037 0.9738244791666666 0.9823638888888888
1 0.45262682291666667 0.09066620370370371 0.014628645833333334 0.03503611111111111
1 0.49839557291666664 0.22625324074074074 0.012416145833333333 0.021025000000000002
1 0.5871075520833333 0.21207407407407405 0.009631770833333332 0.020444444444444442
1 0.39390859375 0.4196875 0.014900520833333335 0.028263888888888887
1 0.36132239583333337 0.558100462962963 0.014311458333333334 0.040275
1 0.40008177083333335 0.4710486111111111 0.014746875 0.02913425925925926
1 0.37553307291666665 0.807900462962963 0.019816145833333333 0.054689814814814816
1 0.46428203125 0.7323509259259259 0.010855729166666666 0.01285
1 0.54355703125 0.9401189814814814 0.017322395833333334 0.022830555555555555
1 0.5805541666666667 0.9331157407407408 0.017358333333333333 0.038453703703703705
1 0.5198981770833334 0.5250439814814815 0.025213020833333332 0.04453240740740741
1 0.5217028645833334 0.47255879629629627 0.0142390625 0.03585833333333333
1 0.52012265625 0.4314884259259259 0.0152453125 0.024087962962962964
1 0.6143028645833333 0.3181893518518518 0.022355729166666668 0.053045370370370375
1 0.44071171875000004 0.2167060185185185 0.015798437499999998 0.03711574074074074
1 0.6785705729166666 0.4370023148148148 0.0175578125 0.022152777777777778
1 0.6877908854166667 0.6570782407407407 0.016206770833333335 0.027119444444444446
1 0.6398161458333332 0.7517458333333333 0.009840624999999999 0.02386203703703704
1 0.5371067708333332 0.6738347222222222 0.008588541666666666 0.016187962962962963
1 0.6648223958333334 0.8362740740740742 0.027561458333333334 0.028103703703703704
1 0.644153125 0.8864726851851852 0.014347916666666665 0.02479722222222222
1 0.5965091145833333 0.9949699074074075 0.005518229166666667 0.010310185185185184
1 0.8492453125 0.9061601851851852 0.009948958333333334 0.04009814814814815
1 0.8957674479166666 0.987987962962963 0.0175765625 0.024124074074074072
1 0.9676888020833334 0.8809296296296296 0.005169270833333334 0.006303703703703704
1 0.9677166666666667 0.9101106481481481 0.013558333333333334 0.03503611111111111
1 0.9669567708333333 0.8272162037037037 0.015163541666666667 0.02850648148148148
1 0.92803125 0.8192569444444444 0.023770833333333335 0.021847222222222223
1 0.8968270833333333 0.5699134259259259 0.010320833333333333 0.028715740740740743
1 0.8494002604166667 0.21825 0.011300520833333333 0.008722222222222221
