2 0.49973958333333335 0.5189814814814815 0.9994791666666667 0.9601851851851851
1 0.41953125 0.8666666666666667 0.0171875 0.03518518518518519
1 0.49244791666666665 0.9662037037037037 0.018229166666666668 0.028703703703703703
1 0.6763020833333333 0.7597222222222222 0.021354166666666667 0.049074074074074076
1 0.6528645833333333 0.6930555555555555 0.027604166666666666 0.026851851851851852
1 0.615625 0.8800925925925925 0.025 0.041666666666666664
1 0.8197916666666667 0.7949074074074074 0.03125 0.05092592592592592
1 0.89921875 0.8824074074074074 0.049479166666666664 0.13518518518518519
1 0.7859375 0.6041666666666666 0.020833333333333332 0.05462962962962963
1 0.7981770833333334 0.5671296296296297 0.011979166666666667 0.03425925925925926
1 0.6684895833333333 0.6134259259259259 0.028645833333333332 0.021296296296296296
1 0.6208333333333333 0.5148148148148148 0.014583333333333334 0.027777777777777776
1 0.7455729166666667 0.4046296296296296 0.025520833333333333 0.018518518518518517
1 0.5059895833333333 0.35 0.016145833333333335 0.04259259259259259
1 0.61640625 0.17824074074074073 0.034895833333333334 0.041666666666666664
1 0.5450520833333333 0.3375 0.008854166666666666 0.025
1 0.56171875 0.22824074074074074 0.0140625 0.025
1 0.5330729166666667 0.09583333333333334 0.0109375 0.030555555555555555
1 0.61328125 0.9810185185185185 0.0296875 0.03611111111111111
