2 0.4998046875 0.5284722222222222 0.999609375 0.942361111111111
1 0.38154296875 0.9576388888888889 0.021875 0.04027777777777777
1 0.57373046875 0.5647569444444445 0.01953125 0.07916666666666666
1 0.83984375 0.7534722222222222 0.01953125 0.052083333333333336
1 0.68037109375 0.6381944444444445 0.016015625 0.02638888888888889
1 0.73486328125 0.7467013888888889 0.01171875 0.019444444444444445
1 0.92802734375 0.6524305555555556 0.0171875 0.030555555555555558
1 0.98828125 0.7753472222222223 0.01171875 0.03333333333333333
1 0.906640625 0.8065972222222223 0.010546875 0.022916666666666665
1 0.89765625 0.9298611111111111 0.019921875 0.03680555555555556
1 0.80546875 0.9496527777777778 0.011328125 0.020833333333333332
1 0.82412109375 0.9262152777777778 0.014453125 0.024305555555555556
1 0.82666015625 0.8465277777777778 0.005859375 0.02638888888888889
1 0.96103515625 0.23906249999999998 0.00703125 0.04583333333333333
1 0.9173828125 0.2657986111111111 0.0046875 0.0125
1 0.8328125 0.23368055555555556 0.011328125 0.02638888888888889
1 0.38466796875 0.8979166666666667 0.014453125 0.021527777777777778
1 0.1712890625 0.5369791666666667 0.018359375 0.04097222222222222
1 0.42392578125 0.8112847222222223 0.024609375 0.020138888888888887
