2 0.5234901041666666 0.4093949074074074 0.9532302083333334 0.8187898148148148
1 0.44395 0.16522685185185185 0.03165 0.02675
1 0.6043697916666667 0.46174074074074073 0.018114583333333333 0.03088888888888889
1 0.5720635416666667 0.322800462962963 0.008710416666666667 0.012267592592592594
1 0.6024838541666667 0.3561236111111111 0.010176041666666667 0.008543518518518518
1 0.9107783854166667 0.6460777777777778 0.018431770833333336 0.08104444444444445
1 0.819065625 0.6533194444444445 0.00688125 0.010342592592592592
1 0.8963690104166666 0.5277425925925926 0.004196354166666667 0.018448148148148148
1 0.9796104166666667 0.40427870370370367 0.011304166666666667 0.014112962962962964
1 0.99866640625 0.1568125 0.002541145833333333 0.02473611111111111
1 0.5862010416666668 0.24415324074074074 0.011985416666666667 0.02534351851851852
