2 0.5 0.4698689814814815 1.0 0.939737962962963
1 0.21206484374999998 0.8455694444444445 0.0043380208333333335 0.004101851851851851
1 0.21221015624999998 0.8430407407407408 0.004628645833333334 0.012007407407407408
1 0.2236872395833333 0.8042023148148149 0.0088328125 0.015812037037037038
1 0.14377395833333334 0.7015824074074074 0.004214583333333333 0.02723888888888889
1 0.00161015625 0.6074578703703704 0.0032203125 0.016767592592592594
1 0.03753828125 0.5654555555555556 0.007368229166666667 0.04017037037037037
1 0.18086692708333332 0.6095925925925926 0.006525520833333334 0.02659259259259259
1 0.21721614583333335 0.6319319444444444 0.006307291666666667 0.010160185185185185
1 0.1282484375 0.5126527777777777 0.013788541666666666 0.04197222222222222
1 0.16762161458333333 0.47497314814814817 0.011284895833333334 0.022168518518518518
1 0.08481432291666667 0.42590787037037037 0.007128645833333333 0.014778703703703704
1 0.13782864583333332 0.3469689814814815 0.014198958333333334 0.04023425925925926
1 0.11715911458333333 0.23348333333333335 0.018693229166666665 0.05215185185185185
1 0.04255078125 0.249437962962963 0.011143229166666666 0.035912962962962966
1 0.03855703125 0.14048101851851852 0.0083640625 0.027258333333333332
1 0.06954375 0.1034962962962963 0.0047125 0.010696296296296296
1 0.20878984375 0.06258981481481482 0.012371354166666666 0.03258703703703704
1 0.18216822916666667 0.008252777777777777 0.007044791666666666 0.012801851851851852
1 0.3359369791666667 0.43746342592592596 0.030207291666666667 0.05640833333333333
1 0.3260890625 0.2638078703703704 0.020928125000000002 0.04798611111111111
1 0.3451372395833333 0.577036574074074 0.0048578125 0.007776851851851851
1 0.4282203125 0.6855439814814815 0.015815625 0.032199074074074074
1 0.32062708333333334 0.6851671296296297 0.004795833333333333 0.014778703703703704
1 0.49936067708333337 0.7739787037037037 0.0164296875 0.07017962962962963
1 0.43471588541666667 0.7361101851851852 0.0235984375 0.016664814814814816
1 0.4563153645833333 0.6724569444444445 0.04492239583333334 0.12083981481481482
1 0.4347640625 0.7582925925925926 0.004944791666666667 0.03325185185185185
1 0.5004276041666667 0.32129537037037037 0.022730208333333335 0.05370185185185185
1 0.40026770833333336 0.22619629629629628 0.00886875 0.017207407407407407
1 0.4161640625 0.18135972222222224 0.010453125 0.02012685185185185
1 0.42708854166666665 0.14601759259259262 0.006260416666666667 0.01610925925925926
1 0.4614861979166667 0.008760185185185185 0.021930729166666666 0.013816666666666668
1 0.4490778645833334 0.06536203703703704 0.0064890625 0.010353703703703704
1 0.5825828125 0.1955851851851852 0.004748958333333333 0.00968888888888889
1 0.5885666666666667 0.2390722222222222 0.009425 0.017033333333333334
1 0.5182971354166667 0.21359212962962962 0.0188859375 0.030887962962962964
1 0.5229846354166666 0.22920324074074075 0.0188859375 0.023221296296296295
1 0.5364911458333333 0.24520462962962966 0.0073572916666666665 0.021890740740740742
1 0.8228093750000001 0.04999537037037037 0.013327083333333333 0.022212962962962962
1 0.81452109375 0.07967824074074073 0.006125520833333333 0.013060185185185185
1 0.7582682291666667 0.07661064814814814 0.014453125 0.03840648148148148
1 0.7299598958333333 0.09343240740740741 0.024503125 0.02019814814814815
1 0.7544953125 0.21613796296296298 0.035032291666666666 0.06190555555555556
1 0.6524216145833334 0.3520875 0.0256765625 0.03750833333333333
1 0.81575390625 0.23124583333333332 0.013799479166666666 0.01804722222222222
1 0.86243125 0.08189305555555557 0.007154166666666667 0.01563796296296296
1 0.86229375 0.2553898148148148 0.004795833333333333 0.021890740740740742
1 0.61655546875 0.7432902777777778 0.006027604166666667 0.01991388888888889
1 0.4600372395833333 0.8619222222222221 0.0034078125000000003 0.014585185185185185
1 0.8657755208333333 0.6343712962962963 0.006551041666666666 0.040964814814814815
1 0.6438539062499999 0.7805569444444445 0.004374479166666666 0.05185462962962963
1 0.9070466145833334 0.5799023148148148 0.0068015624999999994 0.015360185185185183
1 0.9077018229166666 0.6119708333333334 0.007070312499999999 0.02764537037037037
1 0.62456796875 0.46146018518518517 0.0064276041666666665 0.01366111111111111
1 0.9540666666666666 0.4386111111111111 0.013341666666666667 0.04203703703703703
1 0.94435703125 0.5076708333333333 0.008505729166666667 0.022749074074074074
1 0.9224609375 0.5831486111111112 0.006380208333333333 0.010741666666666667
1 0.97835234375 0.3527439814814815 0.007746354166666666 0.027710185185185185
1 0.91170546875 0.3701060185185185 0.0109109375 0.03095277777777778
1 0.99477265625 0.36644305555555556 0.0051703124999999996 0.016219444444444443
1 0.9952325520833334 0.3980337962962963 0.009215104166666667 0.040512037037037034
1 0.9517263020833333 0.6391458333333334 0.004494270833333333 0.009773148148148147
1 0.9419119791666667 0.5821240740740741 0.0077822916666666665 0.019803703703703705
1 0.4543291666666667 0.5176759259259259 0.005533333333333334 0.011277777777777777
1 0.6612510416666667 0.6869166666666666 0.03708541666666666 0.034944444444444445
1 0.6728664062499999 0.6377069444444444 0.0113578125 0.01615462962962963
1 0.6766393229166667 0.6530953703703704 0.022028645833333336 0.03952407407407407
