2 0.5200520833333333 0.5967592592592592 0.9588541666666667 0.8046296296296296
1 0.5229166666666667 0.31203703703703706 0.014583333333333334 0.024074074074074074
1 0.42265625 0.425 0.0171875 0.016666666666666666
1 0.44817708333333334 0.850925925925926 0.005729166666666666 0.024074074074074074
1 0.5864583333333333 0.9717592592592592 0.007291666666666667 0.017592592592592594
1 0.6731770833333334 0.9856481481481482 0.008854166666666666 0.026851851851851852
1 0.6885416666666667 0.9583333333333334 0.010416666666666666 0.03518518518518519
1 0.8393229166666667 0.9393518518518519 0.0078125 0.008333333333333333
1 0.8408854166666667 0.937962962962963 0.0036458333333333334 0.005555555555555556
1 0.82890625 0.9435185185185185 0.0078125 0.016666666666666666
1 0.8653645833333333 0.7652777777777777 0.0078125 0.021296296296296296
1 0.7955729166666666 0.6532407407407408 0.0296875 0.058333333333333334
1 0.7973958333333333 0.38796296296296295 0.021875 0.05555555555555555
1 0.9174479166666667 0.6777777777777778 0.0046875 0.03333333333333333
