2 0.5050283854166666 0.46285046296296295 0.9902651041666667 0.9257009259259259
1 0.2912015625 0.45363842592592596 0.019903125 0.05357314814814815
1 0.3586151041666667 0.5591481481481482 0.021396875 0.04607407407407407
1 0.36647109375000003 0.33143194444444446 0.031900520833333335 0.040641666666666666
1 0.35717552083333337 0.7246685185185185 0.020601041666666667 0.03267037037037037
1 0.487971875 0.7798638888888889 0.020735416666666666 0.028246296296296297
1 0.6113471354166666 0.26443796296296296 0.016444270833333333 0.04369074074074074
1 0.6957442708333333 0.3185425925925926 0.023780208333333334 0.033381481481481484
1 0.7105442708333333 0.3340888888888889 0.014838541666666667 0.025585185185185187
1 0.71715703125 0.22011898148148148 0.0249390625 0.030978703703703703
1 0.5497888020833333 0.18910879629629632 0.019369270833333334 0.031921296296296295
1 0.6695125 0.1187175925925926 0.0109 0.02262037037037037
1 0.6432734375 0.17847314814814816 0.008421875 0.02176111111111111
1 0.5829388020833334 0.17995324074074073 0.015877604166666667 0.02657314814814815
1 0.3263588541666667 0.2614092592592593 0.013134375 0.020966666666666665
1 0.3327455729166667 0.19088055555555555 0.027991145833333335 0.08176111111111112
1 0.44141614583333333 0.193112962962963 0.017207291666666666 0.03252222222222222
1 0.6422260416666667 0.7410472222222222 0.017785416666666668 0.04876111111111111
1 0.8633609375 0.051040740740740734 0.015263541666666667 0.04652592592592592
1 0.8349851562499999 0.05823287037037037 0.014761979166666666 0.047947222222222224
1 0.84749609375 0.0811425925925926 0.01895052083333333 0.03450740740740741
1 0.7860005208333334 0.3664023148148148 0.012626041666666667 0.03095277777777778
1 0.8321151041666667 0.0048342592592592595 0.007980208333333332 0.009668518518518519
1 0.03465833333333333 0.44320138888888894 0.0214 0.0660324074074074
1 0.31971302083333336 0.7839185185185185 0.009217708333333333 0.032651851851851856
1 0.3062005208333333 0.8270208333333333 0.006151041666666667 0.020708333333333332
1 0.44276197916666665 0.7864277777777777 0.015732291666666665 0.013596296296296296
1 0.5829958333333334 0.8242263888888889 0.0034916666666666664 0.007712037037037037
1 0.59333984375 0.8282199074074074 0.013763020833333334 0.024958333333333332
1 0.5809023437499999 0.8386282407407407 0.0118046875 0.019849074074074075
1 0.6548231770833334 0.7900138888888889 0.012771354166666667 0.02262037037037037
1 0.692696875 0.5904592592592592 0.04789375 0.0624
1 0.5722153645833333 0.3327361111111111 0.019430729166666667 0.03028703703703704
1 0.76986171875 0.21850972222222223 0.0022234375 0.007389814814814814
1 0.7804541666666667 0.21338425925925927 0.011949999999999999 0.015657407407407408
1 0.8128403645833333 0.1807986111111111 0.0090140625 0.02085648148148148
1 0.3204401041666667 0.5753587962962964 0.014838541666666667 0.013680555555555555
