2 0.5 0.5 1.0 1.0
1 0.7150716145833333 0.43822916666666667 0.028059895833333334 0.06534722222222222
1 0.6019450520833334 0.4558375 0.0247234375 0.05241574074074074
1 0.6326052083333333 0.8921435185185185 0.008960416666666667 0.01576851851851852
1 0.41222526041666663 0.7484351851851851 0.017158854166666668 0.03390740740740741
1 0.6032041666666667 0.3155712962962963 0.017866666666666666 0.03855
1 0.46548177083333336 0.18219675925925927 0.017421875 0.03661574074074074
1 0.38048125 0.3082944444444445 0.0234625 0.0277
1 0.3623963541666667 0.6541300925925926 0.008126041666666667 0.024926851851851853
1 0.33955625 0.6322106481481482 0.014529166666666668 0.03293981481481482
1 0.32153125 0.6417921296296296 0.0149375 0.020621296296296297
1 0.36704192708333333 0.7665689814814814 0.013250520833333333 0.023878703703703704
1 0.10873880208333334 0.41372314814814815 0.011227604166666665 0.031150000000000004
1 0.12507630208333334 0.31118842592592594 0.0428609375 0.07237685185185186
1 0.6886614583333334 0.15515509259259258 0.01065625 0.015865740740740743
1 0.1380984375 0.0025726851851851852 0.009530208333333333 0.0051453703703703705
1 0.34608020833333336 0.10280925925925927 0.018202083333333334 0.024137037037037037
1 0.0918015625 0.16601851851851854 0.03464479166666667 0.045
1 0.3878169270833334 0.6878787037037037 0.014175520833333333 0.033164814814814814
