2 0.49049348958333333 0.5531032407407407 0.9809869791666667 0.8932435185185185
1 0.33560703125 0.9435476851851853 0.014964062500000002 0.02783611111111111
1 0.18881692708333334 0.9009449074074074 0.012008854166666666 0.018556481481481483
1 0.14810130208333333 0.809600462962963 0.009744270833333334 0.02290462962962963
1 0.22313463541666667 0.7465032407407408 0.03689427083333333 0.13189537037037039
1 0.09818645833333334 0.7929888888888889 0.006789583333333333 0.015607407407407408
1 0.6154763020833334 0.8022856481481481 0.013244270833333332 0.024941666666666668
1 0.18272760416666667 0.5740925925925926 0.005038541666666666 0.02225925925925926
1 0.17950364583333334 0.5332574074074075 0.005882291666666667 0.02392222222222222
1 0.669978125 0.40836990740740736 0.005581249999999999 0.009332407407407407
1 0.31818046875 0.16999861111111111 0.010319270833333333 0.027034259259259258
1 0.26951744791666665 0.1347375 0.005701562499999999 0.012067592592592592
1 0.23711302083333333 0.29343009259259256 0.004434375 0.02204537037037037
1 0.17730026041666666 0.13626805555555555 0.0056421875000000005 0.011425000000000001
1 0.049838802083333335 0.22349166666666667 0.006969270833333333 0.015501851851851853
1 0.035729947916666664 0.5632643518518519 0.008959895833333334 0.020973148148148147
1 0.04530234375 0.5413921296296296 0.007271354166666666 0.01426574074074074
1 0.12435703125 0.6223111111111111 0.003922395833333333 0.013140740740740741
1 0.6553575520833334 0.5194148148148148 0.004465104166666667 0.007348148148148148
