2 0.5 0.5167060185185185 1.0 0.9667453703703704
1 0.8121924479166667 0.511724537037037 0.021259895833333334 0.03826388888888889
1 0.72933046875 0.4268560185185185 0.01595260416666667 0.05371203703703704
1 0.7325971354166666 0.08006712962962963 0.0068609375 0.013837962962962963
1 0.7952893229166667 0.15325601851851853 0.006203645833333333 0.012067592592592592
1 0.8604158854166666 0.3911939814814815 0.0093734375 0.023128703703703703
1 0.8506015625 0.8453763888888889 0.013703125 0.025937962962962965
1 0.9391981770833334 0.8595902777777777 0.010688020833333334 0.03399537037037037
1 0.74980703125 0.8948578703703703 0.011072395833333333 0.013789814814814816
1 0.70068359375 0.8516717592592593 0.011783854166666666 0.03297314814814815
1 0.6668244791666668 0.8914777777777778 0.015940625 0.042214814814814816
1 0.65768828125 0.7042935185185185 0.018501562500000002 0.03266111111111111
1 0.689321875 0.6551555555555555 0.011977083333333333 0.023274074074074072
1 0.6443851562499999 0.6050972222222222 0.009603645833333334 0.043527777777777776
1 0.6383986979166667 0.5749569444444445 0.0090890625 0.03695092592592592
1 0.5855809895833333 0.6495273148148148 0.0076203125 0.023128703703703703
1 0.6731989583333333 0.39814675925925924 0.012022916666666666 0.020367592592592593
1 0.4621296875 0.5018495370370369 0.009676041666666666 0.029625000000000002
1 0.26091692708333336 0.6357851851851852 0.03225052083333333 0.03638518518518519
1 0.20016770833333333 0.8098967592592592 0.022210416666666667 0.0438675925925926
1 0.22693515625000002 0.4612273148148148 0.019495312499999997 0.06875092592592592
1 0.021979947916666666 0.7668416666666666 0.0137515625 0.03738703703703704
1 0.32059010416666667 0.12879120370370373 0.012013541666666665 0.016841666666666668
1 0.5367911458333333 0.42775231481481485 0.004832291666666667 0.018467592592592594
1 0.5981809895833333 0.566275 0.009903645833333334 0.015883333333333333
