2 0.5 0.5 1.0 1.0
2 0.09180078124999999 0.9319828703703704 0.13464322916666666 0.13618796296296296
1 0.7772299479166667 0.13416481481481482 0.0148765625 0.02944074074074074
1 0.7011505208333334 0.38772083333333335 0.023134375 0.07729351851851853
1 0.5801442708333333 0.16696157407407408 0.011330208333333334 0.020960185185185186
1 0.29712369791666665 0.3761023148148148 0.012997395833333333 0.06701944444444445
1 0.6839177083333333 0.8785041666666666 0.033460416666666666 0.03293425925925926
1 0.4157674479166667 0.6186555555555556 0.017993229166666666 0.06323703703703705
1 0.3933856770833334 0.7556796296296296 0.012813020833333333 0.026174074074074075
1 0.23394088541666666 0.4071402777777778 0.01788177083333333 0.03650277777777778
1 0.26554479166666667 0.24684907407407405 0.0071312500000000004 0.021475925925925926
1 0.3150140625 0.7201032407407407 0.009194791666666667 0.016132407407407404
1 0.3784645833333334 0.7181962962962963 0.007970833333333333 0.014170370370370371
1 0.3767713541666666 0.7836027777777779 0.008751041666666666 0.024612962962962965
