2 0.5 0.46507421875 1.0 0.9301484375
1 0.7449990234375 0.74330078125 0.016365234375 0.023059895833333333
1 0.787795166015625 0.3332287326388889 0.02090283203125 0.03104079861111111
1 0.7316669921875 0.4003784722222222 0.012162109375 0.0281875
1 0.56663720703125 0.48980251736111113 0.0229228515625 0.029952256944444446
1 0.9188671875 0.7920737847222222 0.013515625 0.030328125
1 0.931871337890625 0.6908506944444445 0.02292236328125 0.0396875
1 0.957280517578125 0.6326545138888888 0.01026416015625 0.015309027777777777
1 0.92081494140625 0.5974761284722222 0.0076455078125 0.01266059027777778
1 0.7688330078125 0.10813281250000001 0.016181640625 0.007932291666666667
1 0.611563720703125 0.07343272569444444 0.01707275390625 0.030546006944444443
1 0.468023193359375 0.06110112847222222 0.02881982421875 0.031924479166666665
1 0.393233154296875 0.35529296875 0.01400537109375 0.019613715277777777
1 0.458652587890625 0.28980381944444444 0.01398486328125 0.02405208333333333
1 0.39013671875 0.19465277777777779 0.013671875 0.026458333333333334
1 0.26921728515625 0.23067578125 0.0101142578125 0.02558767361111111
1 0.09715625 0.06738715277777778 0.0058359375 0.02713541666666667
1 0.38713671875 0.48128211805555554 0.023296875 0.03200868055555556
1 0.085909423828125 0.6877039930555555 0.01752197265625 0.04381076388888889
1 0.190689208984375 0.6383328993055556 0.02395654296875 0.019721354166666667
1 0.58221240234375 0.7672152777777778 0.0101279296875 0.015333333333333334
