2 0.5 0.5360162037037037 1.0 0.927587962962963
1 0.8205697916666667 0.8003777777777777 0.009889583333333334 0.013718518518518519
1 0.8469825520833333 0.7368722222222223 0.0054234375 0.010781481481481482
1 0.83431796875 0.7361041666666667 0.008219270833333334 0.022208333333333333
1 0.8014111979166666 0.8560064814814814 0.011155729166666666 0.03979074074074074
1 0.8751479166666667 0.6950138888888889 0.010712500000000002 0.02150925925925926
1 0.7510466145833333 0.6239374999999999 0.0135515625 0.023800925925925923
1 0.49902109375 0.5316902777777778 0.0324171875 0.057825
1 0.9108919270833333 0.37384074074074075 0.0301171875 0.04212592592592593
1 0.8506182291666666 0.28046898148148147 0.008528125 0.01834537037037037
1 0.6591479166666667 0.19926249999999998 0.009962500000000001 0.01889537037037037
1 0.7326497395833333 0.26017731481481476 0.0267578125 0.0444287037037037
1 0.9718705729166667 0.42617870370370375 0.05624114583333333 0.13939444444444443
1 0.9579257812499999 0.3955120370370371 0.0846015625 0.04657962962962963
1 0.7945377604166667 0.2732259259259259 0.0088671875 0.009414814814814813
1 0.3316059895833333 0.2735208333333333 0.014253645833333333 0.030375
1 0.4782651041666667 0.2357074074074074 0.006530208333333333 0.01771111111111111
1 0.23945234375 0.5453245370370371 0.012238020833333333 0.04435277777777778
1 0.3890963541666667 0.6599560185185186 0.027151041666666667 0.06250462962962963
1 0.1071203125 0.26737037037037037 0.027782291666666667 0.07362962962962963
1 0.03601953125 0.3243787037037037 0.010580729166666667 0.04135
1 0.042193489583333334 0.4248425925925926 0.010428645833333333 0.03857407407407407
1 0.020771354166666665 0.3522893518518519 0.005084375 0.03050462962962963
1 0.03595442708333333 0.5829337962962963 0.0146171875 0.05660833333333334
1 0.034642187500000005 0.5111032407407408 0.007826041666666667 0.025910185185185185
1 0.02148463541666667 0.5203328703703705 0.008594270833333334 0.016591666666666668
1 0.018540885416666666 0.5747509259259259 0.011040104166666667 0.021724074074074073
1 0.18440520833333332 0.8071953703703704 0.009435416666666667 0.025501851851851852
1 0.02041380208333333 0.7003643518518519 0.0147859375 0.024802777777777778
1 0.4190703125 0.817999074074074 0.012098958333333333 0.02673888888888889
1 0.10103619791666667 0.9666837962962962 0.017697395833333334 0.016700925925925925
1 0.287525 0.9499814814814815 0.0073416666666666665 0.00737037037037037
1 0.21952916666666666 0.8964393518518519 0.006766666666666667 0.007693518518518518
1 0.18367369791666668 0.7647777777777778 0.0058890625 0.01474074074074074
1 0.2917760416666667 0.1755087962962963 0.021052083333333336 0.09546203703703704
1 0.4136666666666667 0.5206981481481482 0.007541666666666667 0.019174074074074073
1 0.7800369791666667 0.8550726851851852 0.005907291666666667 0.011997222222222223
1 0.8452135416666666 0.9086282407407407 0.007093749999999999 0.020960185185185186
