2 0.49271484375 0.511362037037037 0.9854296875 0.9764277777777777
2 0.05186328125 0.36723518518518516 0.015184895833333333 0.028914814814814817
2 0.03625104166666667 0.3741203703703704 0.02041875 0.027870370370370372
2 0.8845575520833333 0.6828763888888888 0.2305734375 0.49538240740740747
2 0.9283958333333333 0.781087962962963 0.14325000000000002 0.24921296296296294
1 0.7308966145833333 0.40424120370370376 0.008668229166666668 0.027000925925925928
1 0.70587734375 0.3266921296296296 0.013838020833333332 0.021902777777777778
1 0.46798750000000006 0.3677152777777778 0.019308333333333334 0.04283796296296297
1 0.06839036458333334 0.8155699074074074 0.011780729166666667 0.023732407407407407
1 0.26499687499999997 0.8943305555555555 0.00811875 0.018290740740740743
1 0.2621658854166667 0.8129212962962963 0.0097484375 0.02213888888888889
1 0.5826348958333334 0.18216388888888888 0.017353125 0.034698148148148145
1 0.57610859375 0.1424101851851852 0.009508854166666667 0.025561111111111114
1 0.6138611979166666 0.37514907407407405 0.005847395833333334 0.007705555555555555
1 0.6614135416666667 0.517211574074074 0.00511875 0.010349074074074073
1 0.7721479166666666 0.4366412037037037 0.009920833333333332 0.04365277777777778
1 0.7463156249999999 0.3927685185185185 0.006172916666666667 0.015166666666666665
1 0.8475697916666667 0.34117916666666664 0.009722916666666666 0.015691666666666666
1 0.7824033854166667 0.20675972222222222 0.0064734375 0.009815740740740741
1 0.7739135416666667 0.18782222222222222 0.00511875 0.01082962962962963
1 0.7600138020833334 0.19125185185185184 0.0096109375 0.015837037037037035
1 0.76445703125 0.2014101851851852 0.004955729166666667 0.008375925925925926
1 0.8370093749999999 0.5846976851851852 0.006310416666666666 0.011987962962962962
1 0.9541731770833334 0.47568472222222224 0.0041796875 0.03840648148148148
1 0.9547109375 0.5189171296296297 0.011505208333333333 0.028575
1 0.8082221354166667 0.7561046296296295 0.007069270833333334 0.017764814814814813
