2 0.48150807291666664 0.5940347222222222 0.9630161458333333 0.8121435185185185
1 0.5689278645833333 0.9604300925925926 0.019105729166666665 0.031971296296296296
1 0.37173593749999995 0.9588689814814816 0.020555208333333335 0.03810833333333333
1 0.28476015625 0.7919351851851851 0.015353645833333334 0.03572222222222222
1 0.10684765625 0.6296449074074074 0.0074453125 0.012993518518518519
1 0.11459192708333334 0.8412884259259259 0.007308854166666667 0.017762037037037038
1 0.5323666666666667 0.5962287037037037 0.008483333333333334 0.02764259259259259
1 0.5321065104166667 0.5966925925925926 0.007963020833333332 0.02671851851851852
1 0.24164739583333333 0.8518365740740741 0.008294791666666667 0.022191666666666665
1 0.2533453125 0.5758101851851852 0.017107291666666666 0.027546296296296298
1 0.7608078125 0.7670185185185185 0.010157291666666667 0.017370370370370373
1 0.4934005208333333 0.5270606481481481 0.008676041666666667 0.01708425925925926
1 0.3595166666666667 0.8053148148148148 0.0107 0.03285185185185185
1 0.5733078125 0.8426032407407407 0.010157291666666667 0.016687962962962963
