2 0.50029296875 0.5236111111111111 0.999609375 0.9534722222222223
1 0.0333984375 0.29010416666666666 0.01015625 0.019444444444444445
1 0.0611328125 0.6668402777777778 0.00703125 0.02986111111111111
1 0.00625 0.7135416666666666 0.0125 0.020833333333333332
1 0.16025390625 0.6112847222222223 0.01875 0.06805555555555556
1 0.27314453125 0.8222222222222223 0.0375 0.06458333333333334
1 0.1984375 0.7402777777777777 0.004296875 0.03263888888888889
1 0.3455078125 0.6723958333333333 0.019140625 0.05486111111111111
1 0.3099609375 0.6944444444444444 0.01640625 0.03125
1 0.37939453125 0.6175347222222222 0.009765625 0.014583333333333334
1 0.30146484375 0.6151041666666667 0.01015625 0.020138888888888887
1 0.17109375 0.8847222222222223 0.00625 0.0125
1 0.1685546875 0.8715277777777778 0.00703125 0.017361111111111112
1 0.2130859375 0.9157986111111112 0.08046875 0.16666666666666666
1 0.1853515625 0.9598958333333333 0.007421875 0.011805555555555555
1 0.201953125 0.9244791666666666 0.011328125 0.010416666666666666
1 0.23154296875 0.9737847222222222 0.00703125 0.011805555555555555
1 0.3599609375 0.8559027777777778 0.01875 0.020833333333333332
1 0.4873046875 0.7451388888888889 0.009765625 0.025
1 0.47578125 0.8157986111111111 0.008203125 0.015277777777777779
1 0.48837890625 0.8102430555555555 0.005078125 0.011111111111111112
1 0.4521484375 0.6161458333333333 0.02734375 0.05
1 0.51015625 0.1845486111111111 0.006640625 0.016666666666666666
1 0.589453125 0.08211805555555556 0.020703125 0.044444444444444446
1 0.582421875 0.18125000000000002 0.006640625 0.011805555555555555
1 0.6666015625 0.9956597222222222 0.008984375 0.006944444444444444
1 0.64150390625 0.9604166666666667 0.02421875 0.05972222222222222
1 0.61484375 0.8673611111111111 0.008984375 0.01597222222222222
1 0.716015625 0.8989583333333333 0.01796875 0.03402777777777778
1 0.80078125 0.9072916666666667 0.01171875 0.01597222222222222
1 0.734765625 0.8432291666666667 0.006640625 0.035416666666666666
1 0.7482421875 0.8520833333333333 0.008203125 0.009722222222222222
1 0.78154296875 0.7194444444444444 0.007421875 0.022222222222222223
1 0.79921875 0.6059027777777778 0.010546875 0.027777777777777776
1 0.8107421875 0.5822916666666667 0.004296875 0.015277777777777779
1 0.73955078125 0.5137152777777777 0.007421875 0.03958333333333333
1 0.76904296875 0.5838541666666667 0.00390625 0.016666666666666666
1 0.71015625 0.2501736111111111 0.012109375 0.019444444444444445
1 0.64521484375 0.23211805555555554 0.02578125 0.042361111111111106
1 0.65556640625 0.3559027777777778 0.009375 0.017361111111111112
1 0.78681640625 0.21753472222222223 0.016015625 0.04097222222222222
1 0.77978515625 0.17291666666666666 0.01171875 0.022916666666666665
1 0.794921875 0.28350694444444446 0.009765625 0.016666666666666666
1 0.8298828125 0.3126736111111111 0.007421875 0.01597222222222222
1 0.84736328125 0.31753472222222223 0.012109375 0.022222222222222223
1 0.80849609375 0.38229166666666664 0.0125 0.018055555555555557
1 0.81435546875 0.1232638888888889 0.010546875 0.041666666666666664
1 0.81357421875 0.16145833333333334 0.00703125 0.020833333333333332
1 0.9505859375 0.1329861111111111 0.033984375 0.05416666666666667
1 0.82646484375 0.14687499999999998 0.011328125 0.019444444444444445
1 0.70546875 0.08576388888888889 0.0046875 0.008333333333333333
1 0.784765625 0.07517361111111111 0.005078125 0.02361111111111111
1 0.60673828125 0.3668402777777778 0.01328125 0.02361111111111111
1 0.6703125 0.2982638888888889 0.018359375 0.02361111111111111
1 0.74921875 0.7697916666666667 0.01015625 0.015277777777777779
1 0.72900390625 0.6210069444444444 0.005859375 0.0076388888888888895
1 0.60546875 0.2387152777777778 0.005859375 0.010416666666666666
1 0.7455078125 0.8892361111111112 0.0046875 0.011111111111111112
1 0.8998046875 0.9668402777777777 0.00859375 0.018750000000000003
1 0.1322265625 0.29618055555555556 0.006640625 0.02638888888888889
