2 0.52109375 0.5972222222222222 0.9567708333333333 0.8037037037037037
1 0.446875 0.40555555555555556 0.015625 0.03148148148148148
1 0.47682291666666665 0.5111111111111111 0.034895833333333334 0.03333333333333333
1 0.48125 0.5972222222222222 0.013541666666666667 0.024074074074074074
1 0.4231770833333333 0.4615740740740741 0.009895833333333333 0.019444444444444445
1 0.6591145833333333 0.6912037037037037 0.0078125 0.019444444444444445
1 0.49583333333333335 0.2638888888888889 0.019791666666666666 0.02962962962962963
1 0.832265625 0.7652777777777777 0.014531249999999999 0.028703703703703703
1 0.73203125 0.5162037037037037 0.009895833333333333 0.030555555555555555
1 0.7473958333333334 0.22824074074074074 0.007291666666666667 0.017592592592592594
1 0.45859375 0.663425925925926 0.008854166666666666 0.019444444444444445
1 0.38385416666666666 0.8893518518518518 0.007291666666666667 0.019444444444444445
1 0.5682291666666667 0.4949074074074074 0.07395833333333333 0.11388888888888889
