2 0.5 0.5294189814814815 1.0 0.9403194444444444
1 0.79665625 0.6537217592592592 0.0120625 0.046332407407407405
1 0.7313565104166667 0.7109555555555556 0.0168796875 0.05154074074074074
1 0.47370156249999995 0.9603129629629629 0.028653125 0.03914444444444445
1 0.5203252604166667 0.42811342592592594 0.017733854166666667 0.046967592592592596
1 0.5159447916666667 0.2008060185185185 0.014181250000000001 0.021982407407407405
1 0.7207705729166667 0.6041087962962963 0.0082078125 0.030439814814814815
1 0.51321015625 0.712399074074074 0.024336979166666665 0.03220555555555555
1 0.53646484375 0.6708574074074074 0.008346354166666665 0.0269
1 0.8426158854166667 0.27768611111111113 0.015440104166666666 0.03500185185185185
1 0.047444531250000005 0.5518 0.014680729166666667 0.03322962962962963
1 0.7894260416666667 0.46505138888888886 0.009060416666666666 0.018991666666666667
