2 0.4998046875 0.528125 0.999609375 0.9416666666666667
1 0.219921875 0.8194444444444444 0.008203125 0.017361111111111112
1 0.4728515625 0.5635416666666667 0.01015625 0.019444444444444445
1 0.59833984375 0.0954861111111111 0.0140625 0.03125
1 0.74599609375 0.6704861111111111 0.028125 0.05972222222222222
1 0.66083984375 0.2329861111111111 0.01796875 0.03194444444444444
1 0.67119140625 0.9508680555555556 0.011328125 0.035416666666666666
1 0.27412109375 0.9199652777777777 0.0140625 0.018750000000000003
1 0.25625 0.20173611111111112 0.010546875 0.021527777777777778
1 0.840234375 0.846875 0.0125 0.020138888888888887
1 0.683203125 0.7017361111111111 0.008984375 0.025
1 0.5384765625 0.8894097222222221 0.010546875 0.016666666666666666
