2 0.5 0.5343356481481482 1.0 0.9316342592592592
1 0.04089322916666667 0.3917805555555555 0.02136979166666667 0.04652407407407408
1 0.8063091145833333 0.4553550925925926 0.01678489583333333 0.029228703703703705
1 0.7787414062500001 0.7011259259259259 0.009566145833333334 0.02262222222222222
1 0.7821380208333333 0.6329805555555555 0.017401041666666665 0.03633148148148148
1 0.776521875 0.24951064814814813 0.00929375 0.013836111111111112
1 0.35174479166666667 0.7812393518518519 0.022239583333333333 0.03284907407407407
1 0.4199325520833333 0.5645763888888888 0.014865104166666667 0.02174537037037037
1 0.06844921875000001 0.3676851851851852 0.010856770833333333 0.024259259259259258
1 0.7048979166666667 0.42622685185185183 0.0108375 0.03023148148148148
1 0.7715330729166666 0.5994574074074074 0.017024479166666665 0.05076666666666667
1 0.7476049479166667 0.636961574074074 0.009793229166666667 0.01836759259259259
1 0.0693671875 0.6099796296296296 0.007484375 0.03477407407407407
1 0.3013325520833333 0.5228273148148148 0.0078734375 0.010469444444444444
