2 0.5 0.4891884259259259 1.0 0.9783768518518517
1 0.3290502604166667 0.20391296296296296 0.009142187500000001 0.015233333333333335
1 0.3509890625 0.24617824074074074 0.018644791666666667 0.02939351851851852
1 0.018684895833333333 0.2914819444444444 0.012369791666666666 0.027408333333333333
1 0.20401822916666665 0.2684694444444444 0.011161458333333334 0.027679629629629627
1 0.06530963541666666 0.01789074074074074 0.0129109375 0.032077777777777775
1 0.091328125 0.036856018518518524 0.01598958333333333 0.020008333333333336
1 0.0570015625 0.06144212962962963 0.007753125 0.013625
1 0.28317291666666666 0.06136018518518519 0.0048875 0.017164814814814817
1 0.3767010416666666 0.015935185185185188 0.011735416666666667 0.020759259259259262
1 0.42353125 0.06652962962962963 0.09289583333333334 0.09231851851851851
1 0.460771875 0.07273564814814815 0.01737708333333333 0.02880462962962963
1 0.43312890625 0.2659300925925926 0.022507812500000002 0.031860185185185186
1 0.38358203124999996 0.3096115740740741 0.021330729166666666 0.024778703703703702
1 0.148365625 0.019076851851851852 0.00923125 0.01593148148148148
1 0.14707447916666666 0.09573842592592594 0.009773958333333332 0.022958333333333334
1 0.1804390625 0.1947736111111111 0.007753125 0.017325
1 0.06189348958333333 0.1826851851851852 0.0071203125 0.009814814814814814
1 0.10296640625 0.44270648148148145 0.014266145833333332 0.05948703703703703
1 0.03368333333333333 0.3393851851851852 0.010075 0.038029629629629635
1 0.06216614583333333 0.32469861111111115 0.0034989583333333335 0.017915740740740742
1 0.08088984375000001 0.2850865740740741 0.010738020833333334 0.05165462962962963
1 0.3107809895833333 0.4609944444444445 0.0142703125 0.025692592592592593
1 0.39899713541666665 0.38001435185185184 0.012577604166666667 0.0526212962962963
1 0.4580489583333333 0.42795185185185186 0.017139583333333333 0.03368148148148148
1 0.47280651041666666 0.3124476851851852 0.010196354166666668 0.017487962962962962
1 0.4796708333333333 0.30327175925925925 0.0041333333333333335 0.006543518518518519
1 0.5187528645833334 0.21468935185185184 0.0114640625 0.01641574074074074
1 0.5448411458333333 0.18950092592592593 0.027182291666666667 0.023446296296296295
1 0.5949083333333333 0.2557199074074074 0.01065 0.028106481481481482
1 0.5509973958333333 0.38228842592592593 0.015536458333333333 0.03309537037037037
1 0.49283307291666667 0.493400925925926 0.0117078125 0.02569074074074074
1 0.2511174479166666 0.5998486111111111 0.019943229166666666 0.04414166666666667
1 0.25327942708333334 0.6130226851851851 0.0117671875 0.016786111111111113
1 0.32693437500000005 0.5616643518518518 0.015327083333333333 0.027032407407407408
1 0.3242723958333333 0.5925861111111111 0.008961458333333333 0.018505555555555556
1 0.3232296875 0.5228291666666667 0.011042708333333335 0.027139814814814815
1 0.30953619791666664 0.631551388888889 0.014905729166666666 0.02976944444444445
1 0.33437187500000004 0.4780930555555556 0.008327083333333334 0.019149074074074075
1 0.08619739583333333 0.7087134259259259 0.011978125000000001 0.02483425925925926
1 0.0435796875 0.5632763888888889 0.010076041666666667 0.022849074074074074
1 0.11138411458333333 0.5935328703703704 0.0154765625 0.03336203703703704
1 0.06403854166666666 0.4687532407407407 0.0051604166666666665 0.018987962962962963
1 0.09035651041666666 0.3842652777777778 0.010921354166666668 0.020382407407407408
1 0.6327179687500001 0.8808708333333334 0.010227604166666666 0.019149074074074075
1 0.59775 0.7154925925925926 0.021541666666666667 0.021725925925925926
1 0.592509375 0.7740564814814814 0.007935416666666667 0.037001851851851855
1 0.6642375 0.5704180555555556 0.017016666666666666 0.01861388888888889
1 0.7277002604166667 0.7390180555555556 0.008525520833333333 0.011369444444444444
1 0.7256760416666667 0.9412726851851851 0.007602083333333333 0.015878703703703704
1 0.7279184895833333 0.4568231481481482 0.006878645833333334 0.019201851851851852
1 0.7302424479166666 0.3586347222222222 0.009443229166666667 0.020973148148148147
1 0.8798065104166667 0.41934166666666667 0.0200296875 0.06275740740740741
1 0.8692877604166667 0.5549800925925926 0.0114921875 0.03588611111111111
1 0.8895278645833333 0.5428939814814815 0.007180729166666667 0.020973148148148147
1 0.94351015625 0.9295787037037038 0.013061979166666666 0.03137962962962963
1 0.8927125 0.9323606481481481 0.0073 0.02027685185185185
1 0.9760315104166666 0.6793023148148147 0.007271354166666666 0.014160185185185184
1 0.6741283854166666 0.20946666666666666 0.02950677083333333 0.02634074074074074
1 0.6798872395833333 0.18824907407407407 0.0118578125 0.022794444444444444
1 0.7982091145833333 0.2233050925925926 0.01933489583333333 0.08549907407407407
1 0.7956013020833334 0.2462949074074074 0.01620260416666667 0.038886111111111114
1 0.83268203125 0.41023611111111113 0.007030729166666667 0.042694444444444445
1 0.8725588541666667 0.24031203703703702 0.010742708333333333 0.03062407407407407
1 0.9842213541666667 0.5482874999999999 0.008026041666666667 0.020649074074074073
1 0.7297005208333334 0.08463333333333332 0.008359375 0.03963703703703704
1 0.7595526041666666 0.11305324074074073 0.008688541666666666 0.009439814814814816
1 0.6952317708333333 0.1341453703703704 0.05400520833333333 0.029401851851851853
1 0.9972354166666667 0.3195189814814815 0.0048875 0.01496388888888889
1 0.8976570312500001 0.42728796296296295 0.0078140625 0.01753888888888889
1 0.9460945312500001 0.4083435185185185 0.0078140625 0.009279629629629629
1 0.9371802083333333 0.4289134259259259 0.00769375 0.011530555555555554
1 0.7534020833333333 0.41183009259259257 0.0057625 0.01625277777777778
1 0.7651325520833333 0.4652287037037037 0.0042234375 0.006383333333333334
1 0.765178125 0.4427699074074074 0.006397916666666667 0.026280555555555554
1 0.637475 0.4116550925925926 0.007241666666666666 0.01775462962962963
1 0.47443854166666666 0.029637962962962963 0.007210416666666666 0.012979629629629631
1 0.2174203125 0.6795833333333334 0.003590625 0.016574074074074074
1 0.24444140625 0.4375074074074074 0.025341145833333335 0.04168148148148148
