2 0.49973958333333335 0.49953703703703706 0.9994791666666667 0.9990740740740741
1 0.42890625 0.0912037037037037 0.011979166666666667 0.025
1 0.4622395833333333 0.09212962962962963 0.0067708333333333336 0.012037037037037037
1 0.41901041666666666 0.5856481481481481 0.033854166666666664 0.07685185185185185
1 0.49296875 0.7333333333333333 0.0234375 0.022222222222222223
1 0.6059895833333333 0.5 0.009895833333333333 0.02962962962962963
1 0.32109375 0.8268518518518518 0.009895833333333333 0.020370370370370372
1 0.7802083333333333 0.7865740740740741 0.011458333333333333 0.030555555555555555
1 0.37109375 0.7486111111111111 0.0203125 0.021296296296296296
1 0.19921875 0.7430555555555556 0.015104166666666667 0.026851851851851852
1 0.13151041666666666 0.5180555555555556 0.0171875 0.03796296296296296
1 0.27317708333333335 0.9152777777777777 0.0078125 0.01574074074074074
1 0.12838541666666667 0.1726851851851852 0.015104166666666667 0.023148148148148147
1 0.0125 0.3416666666666667 0.009375 0.025925925925925925
1 0.17630208333333333 0.2490740740740741 0.009895833333333333 0.020370370370370372
1 0.06848958333333334 0.18564814814814815 0.0109375 0.013888888888888888
1 0.08411458333333334 0.09768518518518518 0.009895833333333333 0.03425925925925926
1 0.20390625 0.18194444444444444 0.0067708333333333336 0.012037037037037037
1 0.20703125 0.16435185185185186 0.0046875 0.012037037037037037
1 0.8739583333333333 0.30833333333333335 0.010416666666666666 0.022222222222222223
1 0.8822916666666667 0.5976851851851852 0.0125 0.03425925925925926
1 0.9583333333333334 0.5861111111111111 0.016666666666666666 0.037037037037037035
1 0.85390625 0.44537037037037036 0.008854166666666666 0.009259259259259259
1 0.9908854166666666 0.8055555555555556 0.0171875 0.07407407407407407
1 0.85390625 0.8532407407407407 0.0140625 0.026851851851851852
1 0.9307291666666667 0.9518518518518518 0.009375 0.018518518518518517
