1 0.5260416666666666 0.5805555555555556 0.946875 0.837037037037037
2 0.5247395833333334 0.5805555555555556 0.9494791666666667 0.837037037037037
1 0.8971354166666666 0.8921296296296296 0.009895833333333333 0.01574074074074074
1 0.9877604166666667 0.34814814814814815 0.008854166666666666 0.022222222222222223
1 0.90234375 0.7203703703703703 0.0109375 0.027777777777777776
1 0.32421875 0.9 0.0203125 0.03333333333333333
1 0.9010416666666666 0.6722222222222223 0.00625 0.011111111111111112
1 0.865625 0.7453703703703703 0.0020833333333333333 0.003703703703703704
1 0.8765625 0.7425925925925926 0.013541666666666667 0.011111111111111112
1 0.9153645833333334 0.5990740740740741 0.0046875 0.009259259259259259
1 0.9572916666666667 0.9703703703703703 0.007291666666666667 0.018518518518518517
1 0.9729166666666667 0.975 0.005208333333333333 0.009259259259259259
