2 0.5 0.5201069444444445 1.0 0.9605842592592593
1 0.9141710937499999 0.4367388888888889 0.008550520833333334 0.017922222222222225
1 0.908103125 0.7192763888888889 0.01620625 0.016330555555555556
1 0.8784208333333333 0.6439694444444444 0.006841666666666666 0.015716666666666667
1 0.88410859375 0.7710671296296296 0.007800520833333334 0.006949074074074074
1 0.79616015625 0.9887541666666666 0.007945312500000001 0.012693518518518519
1 0.6792367187499999 0.9247898148148148 0.006390104166666666 0.016246296296296297
1 0.32188932291666666 0.47372037037037035 0.009403645833333333 0.030774074074074072
1 0.22034609375 0.48753564814814815 0.0063171875 0.017663888888888892
1 0.12972187500000001 0.7458824074074074 0.013610416666666668 0.019542592592592594
1 0.07543072916666667 0.8539912037037037 0.009194791666666667 0.020945370370370368
1 0.0387859375 0.7732916666666666 0.009863541666666666 0.020657407407407406
