2 0.5 0.47452222222222223 1.0 0.9490444444444445
1 0.5784955729166666 0.41409166666666664 0.024699479166666666 0.03559074074074074
1 0.7096575520833334 0.1511574074074074 0.026606770833333335 0.0412037037037037
1 0.7428895833333333 0.10426018518518518 0.009737500000000001 0.021483333333333333
1 0.530996875 0.5067106481481481 0.043243750000000004 0.04305092592592592
1 0.9377348958333334 0.5946050925925925 0.011928125000000001 0.035506481481481486
1 0.62134609375 0.04116851851851852 0.012483854166666667 0.028633333333333334
1 0.41635104166666664 0.20797824074074076 0.010827083333333333 0.017808333333333332
1 0.427440625 0.4064055555555556 0.010089583333333334 0.027625925925925925
1 0.8025708333333333 0.5916138888888889 0.012433333333333333 0.01656111111111111
1 0.5713408854166667 0.569024537037037 0.030181770833333333 0.054715740740740745
1 0.18642213541666666 0.03599398148148148 0.010344270833333334 0.016432407407407406
1 0.35323307291666667 0.779912037037037 0.015841145833333334 0.015379629629629629
1 0.49794375 0.23116157407407406 0.016720833333333334 0.041952777777777776
