2 0.5 0.4495203703703704 1.0 0.8990407407407408
2 0.5 0.4492277777777778 1.0 0.8984555555555556
2 0.50041171875 0.6441125 0.9987401041666666 0.24007685185185187
1 0.77284140625 0.3885824074074074 0.010266145833333332 0.019757407407407408
1 0.7731294270833333 0.38860648148148147 0.009800520833333333 0.019805555555555555
1 0.9586989583333333 0.20381712962962964 0.005939583333333333 0.011337962962962963
1 0.17404453125 0.5738087962962962 0.0137140625 0.03280277777777778
1 0.04980208333333334 0.3615333333333334 0.010020833333333333 0.021214814814814815
1 0.18573802083333335 0.16378842592592593 0.012101041666666668 0.04053981481481481
1 0.3397942708333333 0.2065861111111111 0.007713541666666667 0.05946851851851852
1 0.8011250000000001 0.7819847222222223 0.017875 0.012117592592592593
1 0.36927630208333334 0.3539777777777778 0.013552604166666668 0.024622222222222222
