2 0.49973958333333335 0.538425925925926 0.9994791666666667 0.9212962962962963
2 0.9 0.14305555555555555 0.035416666666666666 0.026851851851851852
1 0.515625 0.611574074074074 0.011458333333333333 0.08055555555555556
1 0.64609375 0.6560185185185186 0.009895833333333333 0.028703703703703703
1 0.7734375 0.3111111111111111 0.041666666666666664 0.06296296296296296
1 0.7161458333333334 0.2412037037037037 0.011458333333333333 0.021296296296296296
1 0.5765625 0.17314814814814813 0.014583333333333334 0.025925925925925925
1 0.5854166666666667 0.12546296296296297 0.010416666666666666 0.017592592592592594
1 0.37734375 0.23842592592592593 0.030729166666666665 0.03981481481481482
1 0.38619791666666664 0.21805555555555556 0.0109375 0.019444444444444445
1 0.365625 0.13333333333333333 0.007291666666666667 0.012962962962962963
1 0.26875 0.22037037037037038 0.010416666666666666 0.024074074074074074
1 0.2520833333333333 0.1837962962962963 0.025 0.013888888888888888
1 0.27239583333333334 0.274537037037037 0.009375 0.023148148148148147
1 0.15182291666666667 0.3458333333333333 0.0109375 0.032407407407407406
1 0.17916666666666667 0.23287037037037037 0.009375 0.019444444444444445
1 0.12135416666666667 0.7064814814814815 0.011458333333333333 0.018518518518518517
1 0.11588541666666667 0.7314814814814815 0.005729166666666666 0.009259259259259259
1 0.09375 0.5694444444444444 0.004166666666666667 0.018518518518518517
1 0.140625 0.5611111111111111 0.004166666666666667 0.005555555555555556
1 0.3484375 0.8861111111111111 0.03854166666666667 0.016666666666666666
1 0.4158854166666667 0.913425925925926 0.0140625 0.019444444444444445
1 0.39947916666666666 0.9893518518518518 0.01875 0.019444444444444445
1 0.5526041666666667 0.9736111111111111 0.009375 0.023148148148148147
1 0.5096354166666667 0.799074074074074 0.0234375 0.03333333333333333
1 0.46067708333333335 0.7314814814814815 0.011979166666666667 0.014814814814814815
1 0.9778645833333334 0.9856481481481482 0.008854166666666666 0.017592592592592594
1 0.9770833333333333 0.9439814814814815 0.005208333333333333 0.008333333333333333
1 0.8833333333333333 0.8402777777777778 0.005208333333333333 0.006481481481481481
1 0.9182291666666667 0.3625 0.019791666666666666 0.028703703703703703
1 0.8528645833333334 0.3162037037037037 0.0171875 0.019444444444444445
1 0.68359375 0.27685185185185185 0.024479166666666666 0.011111111111111112
1 0.7807291666666667 0.8634259259259259 0.004166666666666667 0.013888888888888888
1 0.6208333333333333 0.5856481481481481 0.007291666666666667 0.021296296296296296
1 0.7067708333333333 0.8611111111111112 0.004166666666666667 0.016666666666666666
1 0.7888020833333333 0.5907407407407408 0.0078125 0.020370370370370372
1 0.8609375 0.38564814814814813 0.014583333333333334 0.019444444444444445
