2 0.5 0.48373333333333335 1.0 0.9674666666666667
1 0.3444502604166667 0.8443685185185186 0.0118171875 0.020218518518518518
1 0.30277890625000003 0.8444435185185185 0.026391145833333334 0.037035185185185185
1 0.3840252604166666 0.6580675925925925 0.0128421875 0.02539444444444444
1 0.33744010416666664 0.7633222222222222 0.019671875000000002 0.034051851851851854
1 0.4840213541666667 0.6548773148148148 0.006584375 0.00975462962962963
1 0.8428291666666666 0.09522083333333332 0.020033333333333334 0.05710833333333333
1 0.8247848958333334 0.10463101851851851 0.0037364583333333334 0.014817592592592592
1 0.9445648437499999 0.22131250000000002 0.006838020833333333 0.01299537037037037
1 0.3349109375 0.21991203703703704 0.016696875 0.039824074074074074
1 0.34293567708333333 0.03656944444444444 0.008788020833333333 0.012027777777777778
1 0.4745153645833333 0.07748194444444444 0.0073640625 0.016075
1 0.5076130208333333 0.10021435185185185 0.006892708333333333 0.020799074074074074
1 0.52393515625 0.16015046296296298 0.006203645833333333 0.009189814814814816
1 0.57593515625 0.05557314814814815 0.010203645833333334 0.02410925925925926
1 0.0811484375 0.4303101851851852 0.011255208333333332 0.01987962962962963
1 0.08779479166666666 0.5547851851851852 0.00788125 0.016977777777777776
1 0.014861979166666667 0.4194662037037037 0.0036822916666666666 0.009302777777777778
1 0.05040625 0.39438101851851853 0.004979166666666667 0.014687962962962962
2 0.07498802083333334 0.9406291666666666 0.013517708333333333 0.014591666666666668
2 0.08988567708333334 0.9415587962962964 0.0131046875 0.025710185185185183
1 0.7662664062500001 0.6224791666666667 0.011699479166666667 0.024587962962962964
