2 0.5 0.5107342592592592 1.0 0.9788759259259259
2 0.5181617187499999 0.9480689814814814 0.05299010416666667 0.10354537037037037
1 0.6055575520833333 0.2760638888888889 0.0256984375 0.04472037037037037
1 0.5506872395833333 0.43022777777777776 0.0315828125 0.06786296296296296
1 0.44257265625000003 0.8460916666666667 0.027853645833333333 0.01996111111111111
1 0.47280859375 0.817474074074074 0.007075520833333334 0.018281481481481482
1 0.4741776041666667 0.7937046296296296 0.016063541666666667 0.02629814814814815
1 0.4872166666666667 0.752361111111111 0.034850000000000006 0.04546296296296296
1 0.4565434895833333 0.7472180555555555 0.011003645833333332 0.01295462962962963
1 0.47261588541666666 0.7366962962962963 0.012940104166666666 0.023392592592592593
1 0.6293877604166667 0.6008717592592593 0.0098171875 0.018410185185185186
1 0.33735442708333335 0.03548009259259259 0.0111671875 0.020960185185185186
1 0.6434252604166667 0.11007962962962962 0.012892187500000001 0.027566666666666666
1 0.15225078125 0.39570046296296296 0.006584895833333334 0.011771296296296295
1 0.15858359375 0.3991050925925926 0.0036255208333333335 0.003765740740740741
1 0.36937213541666664 0.34381990740740737 0.0147859375 0.019121296296296296
1 0.43891380208333336 0.9779333333333332 0.010119270833333333 0.02068148148148148
1 0.4591291666666667 0.9591981481481481 0.022424999999999997 0.04061851851851852
1 0.50780625 0.920323611111111 0.020820833333333334 0.04805462962962963
1 0.15009322916666665 0.8618912037037036 0.011644791666666666 0.020078703703703703
1 0.17037682291666664 0.8267194444444445 0.0167953125 0.029364814814814812
1 0.17632916666666668 0.9029435185185185 0.019325 0.03922037037037037
1 0.7657721354166667 0.13912222222222223 0.013835937500000001 0.030096296296296295
1 0.6024388020833332 0.0721087962962963 0.016335937499999998 0.02014351851851852
1 0.0501328125 0.29758240740740743 0.011723958333333334 0.01923888888888889
1 0.020460156250000004 0.8366166666666667 0.011753645833333333 0.01952962962962963
1 0.31320625 0.9526930555555556 0.0076625 0.012793518518518518
1 0.34562473958333334 0.951924537037037 0.0089578125 0.026071296296296297
1 0.45882343750000004 0.6859912037037037 0.011396875 0.021982407407407405
1 0.58703046875 0.9123481481481481 0.010519270833333334 0.020992592592592594
1 0.4447052083333333 0.9397768518518518 0.015452083333333333 0.01844259259259259
1 0.6061395833333333 0.20971620370370372 0.015404166666666667 0.019432407407407405
1 0.6341013020833334 0.4881351851851852 0.014035937500000002 0.018862962962962963
1 0.4382609375 0.6218356481481482 0.006730208333333334 0.014041666666666666
1 0.4091583333333333 0.5709263888888889 0.005816666666666666 0.012223148148148148
1 0.41842760416666663 0.44111527777777776 0.005605208333333334 0.02482314814814815
1 0.41114192708333336 0.4273453703703704 0.004575520833333333 0.006542592592592592
1 0.34964609375 0.4745490740740741 0.0086671875 0.013912962962962962
1 0.49534765625 0.5630416666666667 0.004236979166666667 0.007564814814814815
1 0.30579062500000004 0.9263824074074074 0.007414583333333334 0.021283333333333335
1 0.37507968750000004 0.6731921296296296 0.007451041666666667 0.014902777777777777
1 0.47929244791666664 0.7114722222222222 0.005459895833333334 0.015537037037037038
1 0.4459635416666667 0.7981578703703703 0.009635416666666667 0.020389814814814815
1 0.41121302083333333 0.7774231481481481 0.009926041666666666 0.01595740740740741
1 0.43483932291666666 0.7779699074074073 0.0061369791666666665 0.0059398148148148144
1 0.42784453125 0.7682305555555555 0.0056890625 0.008683333333333333
1 0.35605598958333334 0.921150462962963 0.010028645833333332 0.020078703703703703
1 0.5568135416666667 0.7531865740740741 0.009460416666666667 0.01933611111111111
1 0.5879028645833333 0.4359263888888889 0.010180729166666668 0.021852777777777777
1 0.8247919270833334 0.8482740740740741 0.006875520833333333 0.011362962962962964
1 0.3719518229166667 0.3173458333333333 0.0168203125 0.014321296296296297
1 0.03313489583333333 0.7245634259259259 0.005853125 0.01949722222222222
1 0.07533177083333334 0.9449518518518518 0.004830208333333333 0.013977777777777778
1 0.062320052083333334 0.8931814814814815 0.0048484374999999994 0.010437037037037038
1 0.13681380208333332 0.7362009259259259 0.016335937499999998 0.07610555555555555
1 0.12659296875 0.815924537037037 0.008394270833333333 0.033700925925925926
