2 0.5 0.4956833333333333 1.0 0.9913666666666666
2 0.9068513020833334 0.9583986111111111 0.0157859375 0.01679722222222222
2 0.8886973958333333 0.9599921296296297 0.013853124999999999 0.025539814814814814
1 0.8037268229166667 0.9568847222222223 0.0053703125 0.010065740740740741
1 0.80586953125 0.9047888888888889 0.011739062500000001 0.0318
1 0.7482200520833333 0.7832273148148148 0.018315104166666665 0.07386203703703703
1 0.7548609375 0.47390046296296295 0.009721875 0.018171296296296297
1 0.9652893229166666 0.399387962962963 0.008703645833333332 0.026553703703703704
1 0.9595466145833333 0.22976481481481484 0.010759895833333333 0.026196296296296297
1 0.94963203125 0.1743652777777778 0.0086390625 0.017249074074074076
1 0.9251223958333333 0.11848333333333334 0.007536458333333333 0.018448148148148148
1 0.9131322916666667 0.07816018518518518 0.006472916666666667 0.011875925925925927
1 0.9062971354166667 0.12122268518518518 0.009469270833333333 0.02948240740740741
1 0.8271815104166667 0.23327222222222221 0.0116546875 0.03506296296296296
1 0.7040786458333332 0.16879907407407407 0.010240625 0.022783333333333336
1 0.7186481770833333 0.16367638888888889 0.0175046875 0.03846388888888889
1 0.73455234375 0.1800013888888889 0.007646354166666666 0.017410185185185185
1 0.7321856770833333 0.08286018518518519 0.02999635416666667 0.0416462962962963
1 0.7739731770833332 0.11963564814814816 0.004196354166666667 0.0059379629629629635
1 0.6485026041666667 0.07818981481481481 0.008463541666666666 0.02675
1 0.6551145833333333 0.19638935185185186 0.008145833333333333 0.015000925925925926
1 0.5369098958333333 0.25150648148148147 0.012361458333333334 0.014124074074074074
1 0.21615859375 0.35743009259259256 0.005233854166666666 0.00930462962962963
1 0.20933958333333333 0.1439162037037037 0.0082625 0.0341287037037037
1 0.20573723958333331 0.07602222222222223 0.009391145833333333 0.022414814814814814
1 0.17879270833333333 0.041671759259259256 0.00654375 0.018528703703703703
1 0.27957395833333337 0.06713472222222222 0.018522916666666667 0.039825
1 0.2796893229166667 0.0785050925925926 0.017711979166666666 0.016269444444444447
1 0.6419989583333333 0.36918842592592593 0.010039583333333333 0.00689537037037037
1 0.6553630208333333 0.36937222222222227 0.0076010416666666665 0.016522222222222223
1 0.5856315104166666 0.7765189814814815 0.017096354166666668 0.019704629629629627
1 0.5834289062500001 0.7129208333333333 0.02831614583333333 0.055471296296296296
1 0.5945223958333333 0.7560027777777777 0.004669791666666667 0.008301851851851852
1 0.44278437499999995 0.6058990740740741 0.009527083333333334 0.04142777777777778
1 0.38517682291666666 0.49882268518518524 0.0182703125 0.034682407407407405
1 0.35576822916666667 0.483225462962963 0.03236979166666667 0.053487962962962966
1 0.3741200520833334 0.5325912037037037 0.010740104166666665 0.01888611111111111
1 0.2433640625 0.26655972222222224 0.017978125 0.025712037037037037
1 0.06719348958333334 0.07098703703703703 0.010428645833333333 0.03456666666666667
1 0.040590625 0.1137462962962963 0.014514583333333332 0.029344444444444444
1 0.03624557291666666 0.16430046296296297 0.019366145833333334 0.03600833333333334
1 0.06872838541666666 0.19235555555555556 0.006206770833333333 0.018044444444444443
1 0.03522447916666667 0.36597546296296296 0.006907291666666667 0.013432407407407407
1 0.039530989583333336 0.6091189814814815 0.010311979166666667 0.021941666666666665
1 0.11382864583333333 0.6209101851851851 0.009948958333333334 0.02330185185185185
1 0.8334752604166666 0.4100722222222222 0.021117187500000002 0.03495925925925926
