2 0.5 0.4681564814814815 1.0 0.936312962962963
1 0.38438958333333334 0.9016425925925926 0.011487500000000001 0.016248148148148147
1 0.39361380208333335 0.8713194444444444 0.010144270833333333 0.02967592592592592
1 0.61565859375 0.7064606481481481 0.009442187500000001 0.014773148148148148
1 0.2729486979166667 0.3758856481481482 0.014647395833333333 0.02584537037037037
1 0.54449765625 0.11536296296296296 0.031703645833333335 0.058503703703703704
1 0.5854140624999999 0.010855092592592592 0.008328125 0.010599074074074073
1 0.6102510416666667 0.21032453703703702 0.00591875 0.020649074074074073
1 0.3809510416666667 0.13084444444444446 0.018152083333333333 0.04131851851851852
1 0.8974033854166666 0.779512962962963 0.0052234375 0.010877777777777778
1 0.9202229166666667 0.7480125000000001 0.0060708333333333335 0.020099074074074075
1 0.9495307291666666 0.6311263888888888 0.009478125 0.017808333333333332
