2 0.5191005208333334 0.5502185185185186 0.962159375 0.900437037037037
1 0.3660239583333333 0.524299537037037 0.01538125 0.02637685185185185
1 0.35389244791666663 0.8539444444444444 0.010909895833333332 0.024555555555555556
1 0.34938932291666663 0.7715375 0.018570312500000002 0.02085277777777778
1 0.4216846354166667 0.8045537037037037 0.015244270833333332 0.020218518518518518
1 0.5045697916666667 0.4888245370370371 0.008097916666666666 0.018389814814814814
1 0.5811385416666667 0.6530722222222222 0.015402083333333334 0.04688518518518519
1 0.5755854166666666 0.5553462962962963 0.007420833333333333 0.021803703703703704
1 0.5996315104166666 0.6190023148148148 0.008638020833333334 0.015782407407407408
1 0.4478979166666667 0.18713703703703705 0.0124625 0.04279259259259259
1 0.367053125 0.21318101851851853 0.007022916666666667 0.039325
1 0.8807377604166666 0.582012037037037 0.005225520833333333 0.032542592592592595
