1 0.5 0.5 1.0 1.0
1 0.5 0.48070462962962957 1.0 0.9614092592592591
1 0.5 0.48059166666666664 1.0 0.9611833333333333
1 0.5 0.47883518518518525 1.0 0.9576703703703705
1 0.8845622395833334 0.7821921296296297 0.017041145833333333 0.04216203703703703
1 0.9871114583333332 0.46396851851851856 0.008597916666666667 0.024233333333333332
1 0.8878627604166667 0.550299537037037 0.015308854166666667 0.041339814814814815
1 0.9176674479166667 0.2637384259259259 0.0145015625 0.042291666666666665
1 0.921540625 0.39290833333333336 0.015997916666666667 0.04137222222222223
1 0.748578125 0.8617273148148148 0.014864583333333332 0.03271388888888889
1 0.7290046875 0.8090083333333333 0.009051041666666667 0.036535185185185184
1 0.7068953125 0.8722453703703703 0.010665625000000001 0.024120370370370372
1 0.4597268229166667 0.6605768518518519 0.01945364583333333 0.03411666666666666
1 0.16575182291666665 0.16214166666666666 0.03775364583333333 0.17983888888888888
1 0.11409375000000001 0.20701944444444442 0.013604166666666667 0.03626111111111111
1 0.0650546875 0.2239162037037037 0.029067708333333334 0.10894351851851852
1 0.8141622395833333 0.008517592592592592 0.007491145833333333 0.01147962962962963
1 0.7538182291666666 0.020561574074074072 0.014928124999999999 0.03556759259259259
1 0.1300015625 0.8897814814814815 0.010003125 0.024007407407407408
1 0.17376458333333333 0.6590462962962963 0.0089875 0.006981481481481482
1 0.16737864583333334 0.6667587962962963 0.0014239583333333333 0.005739814814814815
1 0.09584166666666666 0.6369402777777777 0.013558333333333334 0.02573240740740741
1 0.09969869791666668 0.7571912037037036 0.018147395833333337 0.040308333333333335
1 0.28508750000000005 0.6124333333333334 0.01705 0.02857037037037037
1 0.4287421875 0.3934898148148148 0.014776041666666666 0.01846111111111111
1 0.4032486979166666 0.3238912037037037 0.009622395833333333 0.016300925925925927
1 0.35066770833333333 0.4327634259259259 0.018002083333333332 0.041452777777777776
1 0.25465312500000004 0.5071967592592593 0.017639583333333334 0.03661574074074074
1 0.6430768229166667 0.3776134259259259 0.01740364583333333 0.045967592592592595
1 0.6069424479166667 0.43949953703703704 0.0211765625 0.036406481481481484
1 0.14757083333333335 0.37542731481481484 0.040975 0.09159537037037037
1 0.400971875 0.10147731481481481 0.018610416666666667 0.019621296296296296
1 0.3535151041666667 0.10781851851851852 0.008071875 0.013785185185185185
1 0.43421197916666665 0.1496912037037037 0.014257291666666666 0.047530555555555555
1 0.35281614583333337 0.1413074074074074 0.012923958333333334 0.0178
1 0.4628583333333333 0.8464805555555556 0.008008333333333333 0.01147962962962963
1 0.4593640625 0.8766111111111111 0.011436458333333333 0.027296296296296298
1 0.6220614583333333 0.5232055555555556 0.00870625 0.014929629629629628
1 0.5921208333333333 0.5548587962962962 0.016533333333333334 0.03193981481481481
1 0.6835088541666666 0.7390166666666667 0.005559375 0.011366666666666667
1 0.16084166666666666 0.5277708333333333 0.006058333333333333 0.014800925925925926
1 0.11024635416666667 0.49577453703703706 0.010076041666666667 0.01562314814814815
1 0.13146119791666666 0.5648078703703703 0.011880729166666666 0.014800925925925926
1 0.18185885416666667 0.5821981481481482 0.010592708333333334 0.025507407407407406
1 0.1064859375 0.6063134259259259 0.015055208333333332 0.027441666666666666
1 0.1890653645833333 0.40733148148148146 0.01875572916666667 0.046144444444444446
1 0.13432578125 0.275425 0.022818229166666665 0.023072222222222223
1 0.4078890625 0.16913472222222223 0.013694791666666668 0.019750925925925925
1 0.33159973958333333 0.22030972222222223 0.0090328125 0.01839722222222222
1 0.29791744791666663 0.2156634259259259 0.008334895833333333 0.018363888888888888
1 0.07314010416666666 0.3716305555555555 0.009821875 0.03215
1 0.5131114583333333 0.3869324074074074 0.007472916666666667 0.02571666666666667
1 0.3193317708333333 0.253299537037037 0.010538541666666668 0.010302777777777779
1 0.5769966145833333 0.41485185185185186 0.013368229166666667 0.033407407407407406
1 0.9649776041666667 0.7383189814814815 0.06953854166666668 0.1414527777777778
1 0.7026575520833334 0.5986282407407407 0.0073984375 0.008367592592592593
1 0.6988119791666667 0.5931324074074074 0.004915625000000001 0.008487037037037038
1 0.9789614583333334 0.6122777777777778 0.012089583333333332 0.024555555555555556
