2 0.5 0.5137 1.0 0.9718444444444445
1 0.5898679687499999 0.2762393518518519 0.0484859375 0.06914537037037037
1 0.7046802083333333 0.41084027777777776 0.018735416666666668 0.04205092592592592
1 0.6802234375 0.9265981481481481 0.019821875 0.029122222222222223
1 0.24416145833333333 0.7107291666666666 0.010197916666666666 0.01775462962962963
1 0.048147395833333335 0.7612115740740741 0.007753125 0.018719444444444445
1 0.3179447916666666 0.2303763888888889 0.00880625 0.051493518518518515
1 0.72603984375 0.1600574074074074 0.04166302083333333 0.0978925925925926
1 0.7465296875 0.44617962962962965 0.014934375 0.025692592592592593
1 0.4306953125 0.8738138888888889 0.010348958333333333 0.012442592592592594
1 0.33932265625 0.9552962962962963 0.0098953125 0.012444444444444444
1 0.46953072916666666 0.14239444444444443 0.011978125000000001 0.025529629629629628
1 0.6048182291666666 0.0807685185185185 0.028386458333333333 0.07820370370370369
