2 0.4732794270833333 0.41798842592592594 0.9465588541666666 0.8359768518518519
1 0.7469104166666667 0.5236740740740741 0.0136125 0.023274074074074072
1 0.6002778645833333 0.11421388888888889 0.010972395833333334 0.008057407407407407
1 0.6338395833333333 0.547212962962963 0.011429166666666666 0.0185
1 0.6610919270833333 0.6469430555555555 0.0180171875 0.02536759259259259
1 0.6938356770833334 0.5976833333333333 0.007463020833333334 0.026848148148148145
1 0.6798559895833333 0.662675 0.0149203125 0.034609259259259256
1 0.6541703125 0.7763875 0.010423958333333334 0.015737962962962964
1 0.5322549479166666 0.7014606481481481 0.0061765625 0.010328703703703703
1 0.492990625 0.4767949074074074 0.012022916666666666 0.005441666666666667
1 0.22297942708333332 0.7105652777777778 0.012625520833333332 0.02483425925925926
1 0.4469513020833333 0.6221722222222222 0.0116109375 0.02212222222222222
1 0.20611119791666666 0.6298606481481481 0.030972395833333333 0.044906481481481485
1 0.08401692708333333 0.4399550925925926 0.030533854166666666 0.06694722222222221
