2 0.5 0.5 1.0 1.0
1 0.17084010416666665 0.44359166666666666 0.014596875 0.031627777777777775
1 0.24471015625 0.14619444444444443 0.006086979166666667 0.04424074074074074
1 0.472346875 0.4381083333333333 0.01031875 0.03177222222222222
1 0.23274843750000002 0.5085592592592593 0.006121875 0.054155555555555554
1 0.29173515624999996 0.1701537037037037 0.0084703125 0.027344444444444446
1 0.7307505208333333 0.18941527777777778 0.007334375000000001 0.017719444444444444
1 0.8060578125000001 0.6225805555555555 0.020448958333333333 0.039605555555555554
1 0.9568354166666667 0.48815740740740743 0.007420833333333333 0.0115
1 0.9584666666666667 0.5133712962962963 0.007558333333333334 0.028594444444444447
1 0.4894591145833333 0.7178222222222223 0.0153765625 0.02268148148148148
1 0.5797135416666667 0.9283805555555555 0.015677083333333335 0.03639074074074074
1 0.02482890625 0.5809217592592593 0.0059078125 0.019250925925925925
