2 0.5 0.5108671296296297 1.0 0.9791416666666666
1 0.40392786458333335 0.1975537037037037 0.012022395833333333 0.021033333333333334
1 0.6138700520833333 0.5018939814814815 0.020448437500000003 0.0371212962962963
1 0.9795606770833333 0.3058486111111111 0.005996354166666666 0.017252777777777777
1 0.9617846354166667 0.2772314814814815 0.0058609375 0.02112962962962963
1 0.99335703125 0.8923699074074074 0.013797395833333333 0.03659166666666667
1 0.5691111979166668 0.9613527777777777 0.0173890625 0.054187037037037034
1 0.581703125 0.6340175925925926 0.009239583333333332 0.03470185185185185
1 0.21687734374999998 0.5144615740740741 0.012921354166666668 0.030775
1 0.16926458333333333 0.28583611111111107 0.0218625 0.03833888888888889
1 0.11788619791666667 0.4018425925925926 0.0149390625 0.029611111111111112
1 0.15789036458333333 0.6230157407407407 0.006405729166666666 0.01269814814814815
1 0.08967213541666667 0.5975912037037037 0.007469270833333333 0.034071296296296294
1 0.32660885416666663 0.8622884259259259 0.017801041666666666 0.015317592592592593
1 0.0028231770833333334 0.41259814814814816 0.005646354166666667 0.0789
1 0.32630546875 0.23534953703703704 0.014069270833333335 0.028106481481481482
1 0.3108791666666667 0.2354861111111111 0.0061333333333333335 0.03208333333333333
1 0.2693390625 0.2177962962962963 0.014719791666666667 0.04114814814814815
1 0.0386953125 0.8348194444444444 0.008640625 0.01778703703703704
1 0.0531484375 0.942086574074074 0.0062968749999999995 0.01565462962962963
1 0.03965833333333334 0.7962837962962963 0.007441666666666667 0.022197222222222222
1 0.023902864583333336 0.7906949074074074 0.005097395833333334 0.016575
1 0.01953411458333333 0.3764018518518519 0.008859895833333332 0.03058148148148148
1 0.9202203125 0.6946148148148148 0.013357291666666667 0.035525925925925926
1 0.8683651041666667 0.7426689814814814 0.0054802083333333335 0.0075601851851851845
