2 0.5 0.4669523148148148 1.0 0.9339046296296296
1 0.5020424479166666 0.2916782407407407 0.019709895833333334 0.048171296296296295
1 0.6052325520833333 0.3004087962962963 0.02609010416666667 0.04341018518518519
1 0.7034765625 0.5193680555555555 0.027786458333333333 0.040587962962962965
1 0.16058671875 0.1980347222222222 0.010756770833333333 0.02384722222222222
1 0.5166158854166667 0.09739953703703705 0.014481770833333333 0.024428703703703702
1 0.7565393229166666 0.036357870370370374 0.01932864583333333 0.026419444444444447
1 0.75005 0.8010574074074075 0.008433333333333333 0.020633333333333333
1 0.11880052083333334 0.6541532407407408 0.007392708333333334 0.019417592592592594
1 0.7625184895833333 0.6257870370370371 0.031286979166666666 0.031203703703703706
1 0.8631395833333334 0.4487953703703704 0.007529166666666667 0.014257407407407408
