2 0.5247114583333333 0.5628310185185186 0.9504645833333334 0.8738101851851852
1 0.39429765625 0.5721101851851852 0.028178645833333335 0.04977592592592593
1 0.305190625 0.45317175925925923 0.006214583333333333 0.023010185185185186
1 0.3563778645833333 0.5156805555555555 0.0012973958333333333 0.01839814814814815
1 0.36017265625 0.5068018518518519 0.009928645833333333 0.03952962962962963
1 0.34955885416666665 0.47099259259259263 0.007451041666666667 0.025318518518518518
1 0.6509635416666666 0.4918194444444444 0.008177083333333333 0.022527777777777775
1 0.6735617187499999 0.4849166666666667 0.011706770833333333 0.03464814814814815
1 0.6907921874999999 0.5644958333333333 0.018042708333333334 0.027139814814814815
1 0.6692596354166667 0.3215013888888889 0.009352604166666667 0.026336111111111112
1 0.72831015625 0.5177499999999999 0.009745312499999999 0.007722222222222222
1 0.8703619791666667 0.6069675925925926 0.009473958333333334 0.02875
1 0.9108981770833334 0.26590231481481486 0.024921354166666666 0.03180462962962963
1 0.44551953125000004 0.7691287037037037 0.010830729166666667 0.01973888888888889
