2 0.49973958333333335 0.49953703703703706 0.9994791666666667 0.9990740740740741
1 0.13958333333333334 0.1310185185185185 0.009375 0.03611111111111111
1 0.14765625 0.26481481481481484 0.013020833333333334 0.03518518518518519
1 0.34427083333333336 0.4074074074074074 0.011458333333333333 0.024074074074074074
1 0.16354166666666667 0.8916666666666667 0.0125 0.03333333333333333
1 0.19036458333333334 0.9 0.0109375 0.03148148148148148
1 0.7106770833333333 0.9277777777777778 0.024479166666666666 0.05555555555555555
1 0.11614583333333334 0.9671296296296297 0.013541666666666667 0.030555555555555555
1 0.07838541666666667 0.7064814814814815 0.0078125 0.018518518518518517
1 0.16979166666666667 0.43842592592592594 0.007291666666666667 0.021296296296296296
1 0.8768229166666667 0.5787037037037037 0.015104166666666667 0.05925925925925926
1 0.8171875 0.47638888888888886 0.008333333333333333 0.019444444444444445
1 0.8744791666666667 0.39166666666666666 0.0125 0.020370370370370372
1 0.9533854166666667 0.5087962962962963 0.015104166666666667 0.032407407407407406
1 0.9921875 0.5736111111111111 0.014583333333333334 0.04537037037037037
1 0.8494791666666667 0.9574074074074074 0.01875 0.08333333333333333
1 0.5934895833333333 0.8967592592592593 0.011979166666666667 0.030555555555555555
1 0.8385416666666666 0.5717592592592593 0.01875 0.03425925925925926
1 0.50234375 0.25972222222222224 0.0109375 0.03796296296296296
1 0.4515625 0.8393518518518519 0.010416666666666666 0.012037037037037037
1 0.48072916666666665 0.7074074074074074 0.0125 0.037037037037037035
1 0.030729166666666665 0.6837962962962963 0.004166666666666667 0.010185185185185186
1 0.04583333333333333 0.6587962962962963 0.00625 0.013888888888888888
1 0.40677083333333336 0.4736111111111111 0.011458333333333333 0.030555555555555555
1 0.7822916666666667 0.07268518518518519 0.015625 0.03425925925925926
