2 0.5 0.5279 1.0 0.9446888888888889
1 0.67001171875 0.17781249999999998 0.009815104166666666 0.022291666666666664
1 0.60700703125 0.1526486111111111 0.008805729166666667 0.020112037037037036
1 0.8932872395833333 0.20628055555555555 0.008449479166666666 0.019968518518518517
1 0.7113049479166667 0.2876476851851852 0.0205265625 0.04381388888888889
1 0.63801953125 0.3751712962962963 0.0104140625 0.01700925925925926
1 0.7047997395833333 0.37378287037037033 0.013766145833333333 0.01793611111111111
1 0.6816361979166667 0.26506527777777783 0.009105729166666666 0.006056481481481482
1 0.6230515625 0.2900990740740741 0.010686458333333334 0.02093888888888889
1 0.58068671875 0.38936203703703703 0.010331770833333333 0.01390925925925926
1 0.6845809895833334 0.40579722222222225 0.009786979166666666 0.009742592592592593
1 0.6806708333333333 0.3647162037037037 0.0061333333333333335 0.009062037037037039
1 0.7583432291666666 0.4443152777777778 0.011478125 0.020112037037037036
1 0.7903375 0.5475833333333333 0.009841666666666667 0.019240740740740742
1 0.5819138020833333 0.7262805555555556 0.0127859375 0.02107962962962963
1 0.5178463541666667 0.8660138888888889 0.024234375 0.04313888888888889
1 0.5010580729166667 0.8179976851851852 0.03857447916666667 0.056365740740740744
1 0.353365625 0.9044745370370371 0.017147916666666665 0.038578703703703705
1 0.073778125 0.9949800925925927 0.009014583333333333 0.010330555555555556
1 0.3785502604166667 0.8209615740740741 0.02480885416666667 0.03266388888888889
1 0.35892083333333336 0.8274416666666666 0.014716666666666666 0.06043888888888889
1 0.3796213541666667 0.7756060185185185 0.03424270833333333 0.05306388888888889
1 0.4183955729166666 0.6447555555555555 0.0190828125 0.0284
1 0.31932473958333335 0.7352111111111111 0.010524479166666666 0.02597777777777778
1 0.26579453124999997 0.6455226851851852 0.0128390625 0.024378703703703705
1 0.21780338541666666 0.5903888888888889 0.019981770833333336 0.03077777777777778
1 0.16857135416666666 0.7959888888888889 0.010059375 0.0142
1 0.04511510416666666 0.8933560185185184 0.006896875 0.023749074074074075
1 0.14647109374999998 0.7111416666666667 0.01690052083333333 0.03339444444444445
1 0.16399270833333332 0.6731324074074073 0.010277083333333333 0.014783333333333332
1 0.45154427083333337 0.42222499999999996 0.011421875 0.016672222222222224
1 0.39808984375 0.3664689814814815 0.0118046875 0.027382407407407407
1 0.169196875 0.6228393518518519 0.021727083333333334 0.041975
1 0.14970078125 0.5801782407407408 0.019193229166666666 0.02146759259259259
1 0.05403203125 0.598474537037037 0.009105729166666666 0.022875
1 0.018456770833333334 0.474212037037037 0.011913541666666666 0.020646296296296295
1 0.01887265625 0.4537060185185185 0.014828645833333333 0.025930555555555554
1 0.07247526041666667 0.5100671296296296 0.015783854166666667 0.025689814814814815
