2 0.49973958333333335 0.5388888888888889 0.9994791666666667 0.9203703703703704
1 0.8059895833333334 0.19583333333333333 0.0078125 0.021296296296296296
1 0.7869791666666667 0.15555555555555556 0.010416666666666666 0.025925925925925925
1 0.8673059895833333 0.8929273148148148 0.03565364583333333 0.09141018518518518
1 0.27734375 0.3736111111111111 0.0171875 0.03611111111111111
1 0.05546875 0.5041666666666667 0.0140625 0.041666666666666664
1 0.2869791666666667 0.5819444444444445 0.008333333333333333 0.013888888888888888
1 0.0734375 0.23703703703703705 0.007291666666666667 0.025925925925925925
1 0.3 0.9532407407407407 0.020833333333333332 0.030555555555555555
1 0.9830729166666666 0.9527777777777777 0.015104166666666667 0.018518518518518517
1 0.7356770833333334 0.962037037037037 0.0078125 0.016666666666666666
1 0.33828125 0.5370370370370371 0.009895833333333333 0.018518518518518517
1 0.027083333333333334 0.6777777777777778 0.0125 0.044444444444444446
1 0.25 0.49166666666666664 0.007291666666666667 0.014814814814814815
1 0.9096354166666667 0.6180555555555556 0.011979166666666667 0.03981481481481482
1 0.2359375 0.9546296296296296 0.005208333333333333 0.011111111111111112
1 0.35052083333333334 0.9842592592592593 0.005208333333333333 0.012962962962962963
1 0.3809895833333333 0.46620370370370373 0.025520833333333333 0.03796296296296296
1 0.8111979166666666 0.3175925925925926 0.011979166666666667 0.04259259259259259
1 0.89921875 0.9125 0.0109375 0.012037037037037037
1 0.05026041666666667 0.7282407407407407 0.0046875 0.008333333333333333
1 0.05182291666666667 0.549537037037037 0.0067708333333333336 0.012037037037037037
1 0.1140625 0.7824074074074074 0.005208333333333333 0.03148148148148148
1 0.065625 0.6069444444444444 0.005208333333333333 0.030555555555555555
