2 0.5 0.4878315972222222 1.0 0.9756631944444444
1 0.39986669921875 0.029012586805555556 0.0214130859375 0.0406640625
1 0.576261474609375 0.4448446180555556 0.02166357421875 0.07892534722222222
1 0.849047119140625 0.2897421875 0.02133642578125 0.049970486111111115
1 0.685220703125 0.3843993055555555 0.01594921875 0.025743055555555554
1 0.7437197265625 0.28342664930555556 0.011853515625 0.01997829861111111
1 0.932807373046875 0.4013072916666667 0.01698193359375 0.030045138888888892
1 0.9961826171875 0.2857178819444444 0.007990234375 0.033241319444444445
1 0.917626708984375 0.24440842013888886 0.01005810546875 0.0235390625
1 0.91362255859375 0.12086111111111111 0.0196279296875 0.03686111111111111
1 0.82215185546875 0.0896267361111111 0.0114912109375 0.021267361111111112
1 0.8399033203125 0.11528038194444444 0.013791015625 0.02569965277777778
1 0.839850341796875 0.19456163194444442 0.00587255859375 0.026276041666666666
1 0.949636962890625 0.8178546006944445 0.00864892578125 0.04543142361111111
1 0.906771240234375 0.7849049479166667 0.00494873046875 0.012518229166666665
1 0.821089599609375 0.8066861979166666 0.01131982421875 0.026566840277777778
1 0.4005205078125 0.08941579861111111 0.014908203125 0.02084548611111111
1 0.173399169921875 0.42215234375 0.01964990234375 0.04048524305555556
1 0.436416259765625 0.17859288194444445 0.02517626953125 0.020380208333333334
