2 0.4747395833333333 0.41944444444444445 0.9484375 0.837037037037037
1 0.64765625 0.37453703703703706 0.019270833333333334 0.03796296296296296
1 0.5489583333333333 0.37777777777777777 0.015625 0.027777777777777776
1 0.4479166666666667 0.6212962962962963 0.017708333333333333 0.03518518518518519
1 0.3268229166666667 0.6861111111111111 0.009895833333333333 0.02962962962962963
1 0.6299479166666667 0.19398148148148148 0.011979166666666667 0.012037037037037037
1 0.5346354166666667 0.5958333333333333 0.0109375 0.017592592592592594
1 0.5067708333333333 0.038425925925925926 0.011458333333333333 0.023148148148148147
1 0.6067708333333334 0.6282407407407408 0.014583333333333334 0.026851851851851852
1 0.61328125 0.663425925925926 0.0067708333333333336 0.021296296296296296
1 0.18932291666666667 0.6217592592592592 0.0067708333333333336 0.012037037037037037
1 0.062239583333333334 0.2828703703703704 0.013020833333333334 0.03425925925925926
1 0.05546875 0.3277777777777778 0.005729166666666666 0.011111111111111112
1 0.03854166666666667 0.3300925925925926 0.010416666666666666 0.017592592592592594
1 0.021614583333333333 0.32314814814814813 0.008854166666666666 0.025925925925925925
1 0.029947916666666668 0.0125 0.008854166666666666 0.023148148148148147
1 0.11953125 0.09814814814814815 0.011979166666666667 0.03518518518518519
