2 0.5 0.5396171296296296 1.0 0.919975
1 0.8525697916666667 0.2345125 0.010347916666666667 0.022728703703703706
1 0.9472934895833334 0.291675462962963 0.008128645833333333 0.022239814814814813
1 0.7391768229166666 0.5211078703703704 0.0106453125 0.027400925925925926
1 0.72265546875 0.34473611111111113 0.019269270833333334 0.03762037037037037
1 0.6419203125 0.5777347222222222 0.009882291666666666 0.027691666666666667
1 0.7691802083333333 0.49932731481481485 0.011277083333333333 0.022728703703703706
1 0.7869049479166667 0.7905814814814814 0.007143229166666667 0.020051851851851852
1 0.0485 0.9520337962962964 0.008458333333333333 0.02073425925925926
1 0.5955411458333334 0.7931518518518519 0.006707291666666667 0.0363037037037037
1 0.27563567708333336 0.5713347222222223 0.011688020833333333 0.014891666666666666
1 0.021717447916666667 0.7437745370370371 0.009059895833333333 0.019030555555555558
