2 0.5131755208333334 0.5072388888888889 0.9732260416666667 0.9848481481481481
1 0.6506307291666666 0.28132407407407406 0.016886458333333333 0.05709259259259259
1 0.6229520833333333 0.9675805555555557 0.0354875 0.05738333333333333
1 0.5773171875 0.5532939814814815 0.026509375 0.05288425925925926
1 0.6156403645833334 0.6755944444444445 0.010447395833333335 0.02341111111111111
1 0.5887846354166667 0.7640662037037037 0.011944270833333333 0.026280555555555554
1 0.11857395833333334 0.4261240740740741 0.029856249999999997 0.04669259259259259
1 0.28306640624999996 0.6889050925925926 0.007799479166666666 0.025958333333333333
1 0.24612109375 0.6578967592592593 0.0109921875 0.023200925925925923
1 0.31460859375 0.9092041666666667 0.011508854166666667 0.01470462962962963
1 0.6459044270833334 0.38286666666666663 0.005350520833333333 0.013881481481481482
1 0.6364544270833333 0.4893564814814815 0.008325520833333332 0.013898148148148147
1 0.43661302083333337 0.3823300925925926 0.008642708333333334 0.018363888888888888
1 0.3079401041666667 0.16111944444444445 0.008588541666666666 0.012979629629629631
