2 0.49973958333333335 0.5388888888888889 0.9994791666666667 0.9203703703703704
1 0.196875 0.1412037037037037 0.008333333333333333 0.017592592592592594
1 0.40078125 0.2777777777777778 0.019270833333333334 0.027777777777777776
1 0.46171875 0.17685185185185184 0.0078125 0.012962962962962963
1 0.421875 0.24027777777777778 0.008333333333333333 0.012037037037037037
1 0.45416666666666666 0.43425925925925923 0.025 0.03518518518518519
1 0.3809895833333333 0.5273148148148148 0.009895833333333333 0.026851851851851852
1 0.37109375 0.7027777777777777 0.0234375 0.06666666666666667
1 0.5192708333333333 0.6129629629629629 0.011458333333333333 0.040740740740740744
1 0.075 0.9115740740740741 0.00625 0.01574074074074074
1 0.1015625 0.6402777777777777 0.011458333333333333 0.019444444444444445
1 0.8026041666666667 0.15833333333333333 0.015625 0.02962962962962963
1 0.796875 0.12314814814814815 0.007291666666666667 0.022222222222222223
1 0.7341145833333333 0.21157407407407408 0.016145833333333335 0.03425925925925926
1 0.8328125 0.49074074074074076 0.017708333333333333 0.022222222222222223
1 0.85703125 0.9060185185185186 0.016145833333333335 0.04351851851851852
1 0.8627604166666667 0.9365740740740741 0.0067708333333333336 0.023148148148148147
1 0.9315104166666667 0.8981481481481481 0.008854166666666666 0.027777777777777776
1 0.8981770833333333 0.3587962962962963 0.008854166666666666 0.012037037037037037
