2 0.5 0.5 1.0 1.0
1 0.16937213541666668 0.2934013888888889 0.012702604166666666 0.03865462962962963
1 0.1584625 0.40617685185185187 0.014841666666666666 0.025316666666666664
1 0.10105937499999999 0.6421152777777778 0.03649375 0.07126759259259259
1 0.14043463541666668 0.6493449074074075 0.013160937499999999 0.019060185185185187
1 0.14530416666666665 0.6075569444444445 0.0104 0.04659537037037037
1 0.18445885416666666 0.5976722222222222 0.004334375 0.010159259259259259
1 0.110065625 0.6664541666666667 0.01075625 0.04587129629629629
1 0.09070052083333334 0.6862680555555555 0.012651041666666666 0.04105462962962963
1 0.20063880208333332 0.8146666666666667 0.0096109375 0.01637037037037037
1 0.08081302083333333 0.627625462962963 0.0064177083333333326 0.012658333333333332
1 0.11263333333333334 0.46145416666666667 0.007558333333333334 0.01920462962962963
1 0.07201901041666667 0.3272226851851852 0.021121354166666665 0.05444537037037037
1 0.07265989583333334 0.3143810185185185 0.019278125 0.026910185185185183
1 0.20931328125 0.25415046296296295 0.0061265625 0.034226851851851856
1 0.09330651041666667 0.28372222222222226 0.005363020833333333 0.008185185185185184
1 0.181440625 0.33869490740740743 0.008714583333333333 0.03109351851851852
1 0.04499114583333333 0.9006060185185185 0.005607291666666667 0.012323148148148147
1 0.06799348958333334 0.8786810185185185 0.0026536458333333334 0.0036583333333333333
1 0.046727604166666666 0.8684837962962962 0.015330208333333335 0.020300925925925927
1 0.9513822916666667 0.3049851851851852 0.059014583333333336 0.25256296296296293
1 0.9312567708333332 0.3073282407407407 0.018763541666666668 0.04428611111111111
1 0.9184700520833334 0.2827675925925926 0.015065104166666668 0.08220185185185186
1 0.9231669270833333 0.22595972222222221 0.0171671875 0.040808333333333335
1 0.9654026041666667 0.25139490740740744 0.018305208333333333 0.045382407407407406
1 0.9854596354166667 0.3357189814814815 0.004252604166666666 0.012178703703703704
1 0.91851640625 0.6206796296296295 0.010991145833333334 0.017285185185185185
1 0.957171875 0.5917430555555555 0.003927083333333334 0.011263888888888888
1 0.7913861979166666 0.6762194444444445 0.007772395833333333 0.015401851851851852
1 0.7202291666666666 0.8016810185185186 0.011291666666666667 0.023732407407407407
1 0.72191796875 0.851726388888889 0.008419270833333332 0.012712037037037036
1 0.6119940104166666 0.30437175925925924 0.014613020833333332 0.03466944444444444
1 0.6415875 0.49956203703703705 0.006091666666666666 0.01579074074074074
1 0.9213434895833333 0.7155810185185185 0.008311979166666667 0.021902777777777778
