2 0.5 0.5218328703703704 1.0 0.9566287037037038
1 0.8006817708333334 0.1915916666666667 0.004488541666666667 0.003553703703703704
1 0.80045078125 0.19392268518518518 0.005068229166666666 0.011919444444444444
1 0.7871966145833333 0.23058842592592593 0.008768229166666667 0.016732407407407408
1 0.86284296875 0.3433759259259259 0.0038109375 0.027492592592592593
1 0.9639822916666667 0.49238703703703707 0.0071312500000000004 0.040329629629629625
1 0.8223841145833333 0.43069444444444444 0.007268229166666667 0.026203703703703705
1 0.7870213541666666 0.40411712962962965 0.006334375000000001 0.010086111111111112
1 0.8714114583333333 0.5335365740740741 0.014697916666666666 0.041147222222222224
1 0.8311174479166666 0.5665583333333334 0.011193229166666667 0.022005555555555553
1 0.9114187499999999 0.6249277777777777 0.0072125 0.01467037037037037
1 0.8553101562500001 0.6980069444444444 0.014786979166666665 0.04045833333333333
1 0.8720333333333333 0.8140620370370371 0.019066666666666666 0.0503462962962963
1 0.9462723958333333 0.8071222222222222 0.012336458333333333 0.034614814814814814
1 0.9463643229166667 0.9160805555555556 0.009395312500000001 0.026605555555555556
1 0.913815625 0.9495592592592591 0.004714583333333333 0.01022962962962963
1 0.7735393229166667 0.9718592592592592 0.011661979166666666 0.03260740740740741
1 0.6608630208333334 0.5817342592592593 0.030059375 0.05606111111111111
1 0.6641059895833333 0.7568361111111112 0.0209203125 0.04700555555555556
1 0.6571895833333333 0.4420171296296296 0.005004166666666667 0.008108333333333334
1 0.57905859375 0.3236393518518519 0.015408854166666668 0.03246388888888889
1 0.6866234375 0.33789074074074077 0.004496875 0.01467037037037037
1 0.5122231770833333 0.22695324074074075 0.015071354166666667 0.07057314814814815
1 0.5743221354166667 0.27218009259259257 0.02364427083333333 0.014730555555555556
1 0.5506463541666666 0.33350833333333335 0.049209375 0.11516481481481482
1 0.5749848958333333 0.24983796296296296 0.006219791666666667 0.03300925925925926
1 0.49257083333333335 0.6776453703703703 0.023683333333333334 0.05343888888888889
1 0.5882744791666668 0.7856837962962963 0.008840625 0.017663888888888892
1 0.5711046875 0.8274851851851851 0.010959375 0.019785185185185183
1 0.5585888020833334 0.8623662037037038 0.0067609375 0.015473148148148147
1 0.5192731770833333 0.993499537037037 0.0218796875 0.012924999999999999
1 0.5335565104166666 0.9404212962962962 0.006696354166666666 0.010472222222222223
1 0.40551848958333336 0.793924537037037 0.004786979166666667 0.010071296296296297
1 0.40158932291666666 0.7489361111111111 0.009428645833333334 0.016390740740740744
1 0.470615625 0.7826648148148149 0.019356250000000002 0.030144444444444442
1 0.4662359375 0.7671458333333334 0.01893020833333333 0.023180555555555555
1 0.45350156249999996 0.7491518518518518 0.007003125 0.022377777777777778
1 0.16016953125000002 0.9087333333333334 0.013047395833333333 0.02302222222222222
1 0.1701734375 0.8796953703703704 0.005971875 0.013094444444444443
1 0.22535546875 0.8901648148148149 0.015294270833333333 0.037737037037037034
1 0.25465182291666666 0.8770930555555555 0.023886979166666666 0.02270462962962963
1 0.23494713541666667 0.7515694444444445 0.0365609375 0.0605462962962963
1 0.3420203125 0.6286208333333333 0.025707291666666666 0.038723148148148145
1 0.17418229166666668 0.7291143518518518 0.013989583333333333 0.019339814814814817
1 0.12250104166666667 0.8716180555555555 0.007502083333333334 0.015458333333333334
1 0.12926354166666668 0.6991518518518518 0.004360416666666667 0.022377777777777778
1 0.39328463541666664 0.2434763888888889 0.005319270833333333 0.02028611111111111
1 0.5544414062499999 0.14417916666666666 0.0036744791666666666 0.014284259259259259
1 0.14012864583333334 0.32049444444444447 0.007340625 0.04098888888888889
1 0.36807838541666665 0.20265416666666666 0.004906770833333333 0.051604629629629625
1 0.09688932291666667 0.36995231481481483 0.006278645833333333 0.015830555555555556
1 0.09819895833333334 0.3377634259259259 0.00785625 0.027378703703703704
1 0.37448489583333333 0.523350462962963 0.006261458333333333 0.013367592592592592
1 0.04507994791666667 0.5039712962962963 0.014118229166666666 0.04127592592592593
1 0.05666197916666667 0.4375087962962963 0.008115625 0.02316574074074074
1 0.08188541666666667 0.3648824074074074 0.006479166666666666 0.011246296296296298
1 0.016581510416666667 0.5878277777777778 0.008163020833333333 0.027507407407407408
1 0.083540625 0.578099537037037 0.010831249999999999 0.03027314814814815
1 0.00182109375 0.5721981481481482 0.0036421875 0.01661851851851852
1 0.0033794270833333332 0.5402958333333333 0.0067588541666666665 0.03985092592592593
1 0.05481223958333333 0.3055824074074074 0.004416145833333333 0.009312962962962962
1 0.06245104166666667 0.36327453703703705 0.008235416666666667 0.019141666666666664
1 0.5464054687500001 0.4881023148148148 0.0053109375 0.011389814814814814
1 0.346109375 0.2931925925925926 0.038052083333333334 0.03268148148148148
1 0.33323723958333334 0.3415782407407407 0.011266145833333333 0.016489814814814815
1 0.33004791666666666 0.3260018518518518 0.022595833333333332 0.039040740740740744
