2 0.49973958333333335 0.5375 0.9994791666666667 0.9231481481481482
1 0.6645833333333333 0.6287037037037037 0.008333333333333333 0.040740740740740744
1 0.52734375 0.4148148148148148 0.0140625 0.03333333333333333
1 0.8947916666666667 0.7458333333333333 0.026041666666666668 0.05277777777777778
1 0.9265625 0.987037037037037 0.009375 0.024074074074074074
1 0.7947916666666667 0.975462962962963 0.023958333333333335 0.04722222222222222
1 0.5356770833333333 0.7037037037037037 0.016145833333333335 0.027777777777777776
1 0.65546875 0.8833333333333333 0.008854166666666666 0.012962962962962963
1 0.6778645833333333 0.9171296296296296 0.015104166666666667 0.0712962962962963
1 0.6841145833333333 0.8537037037037037 0.0067708333333333336 0.012962962962962963
1 0.64375 0.8125 0.011458333333333333 0.012037037037037037
1 0.9380208333333333 0.9222222222222223 0.008333333333333333 0.03148148148148148
1 0.6200520833333333 0.37592592592592594 0.021354166666666667 0.07962962962962963
1 0.14505208333333333 0.7518518518518519 0.015104166666666667 0.027777777777777776
1 0.22838541666666667 0.18472222222222223 0.013020833333333334 0.028703703703703703
1 0.011458333333333333 0.3199074074074074 0.005208333333333333 0.013888888888888888
1 0.040625 0.3087962962962963 0.007291666666666667 0.013888888888888888
1 0.005989583333333334 0.22592592592592592 0.0078125 0.025925925925925925
1 0.25885416666666666 0.25046296296296294 0.013541666666666667 0.05277777777777778
1 0.11536458333333334 0.9365740740740741 0.008854166666666666 0.021296296296296296
1 0.15442708333333333 0.9023148148148148 0.008854166666666666 0.019444444444444445
1 0.33151041666666664 0.924537037037037 0.0140625 0.04537037037037037
1 0.3026041666666667 0.8717592592592592 0.007291666666666667 0.025
1 0.34921875 0.9856481481481482 0.0067708333333333336 0.017592592592592594
1 0.47369791666666666 0.6050925925925926 0.013020833333333334 0.025
1 0.44557291666666665 0.4236111111111111 0.0067708333333333336 0.05092592592592592
1 0.5046875 0.17731481481481481 0.009375 0.026851851851851852
1 0.6934895833333333 0.13240740740740742 0.011979166666666667 0.022222222222222223
1 0.49557291666666664 0.11666666666666667 0.0140625 0.009259259259259259
1 0.8716145833333333 0.5342592592592592 0.005729166666666666 0.05185185185185185
1 0.8966145833333333 0.39814814814814814 0.008854166666666666 0.018518518518518517
1 0.8854166666666666 0.31712962962962965 0.009375 0.023148148148148147
1 0.8875 0.2828703703703704 0.00625 0.017592592592592594
1 0.90546875 0.46435185185185185 0.0046875 0.006481481481481481
1 0.8934895833333333 0.524074074074074 0.005729166666666666 0.012962962962962963
1 0.9669270833333333 0.5564814814814815 0.0036458333333333334 0.007407407407407408
1 0.9018229166666667 0.5624486111111111 0.005729166666666666 0.01563796296296296
1 0.30755208333333334 0.2949074074074074 0.005729166666666666 0.013888888888888888
