2 0.5234197916666666 0.4136324074074074 0.9530895833333334 0.8272648148148148
1 0.44137890625 0.5831490740740741 0.015049479166666666 0.03111296296296296
1 0.4769216145833333 0.48371296296296296 0.0340515625 0.03779629629629629
1 0.4870640625 0.39974027777777776 0.013711458333333334 0.02355462962962963
1 0.42117552083333337 0.523751388888889 0.010059375 0.019725
1 0.6692341145833333 0.33900833333333336 0.008259895833333333 0.018757407407407407
1 0.4823971354166667 0.7344328703703704 0.021044270833333333 0.02627314814814815
1 0.8460125000000001 0.2980902777777778 0.014941666666666666 0.029513888888888888
1 0.73122421875 0.5270375 0.0093234375 0.030000925925925927
1 0.7299669270833333 0.8161069444444444 0.007850520833333334 0.017399074074074074
1 0.46814817708333334 0.3302814814814815 0.009213020833333333 0.019822222222222224
1 0.40688697916666666 0.09110185185185185 0.007523958333333333 0.019240740740740742
1 0.5679611979166667 0.5190759259259259 0.07654739583333334 0.10852222222222221
