2 0.49973958333333335 0.5319444444444444 0.9994791666666667 0.9342592592592592
1 0.22526041666666666 0.6694444444444444 0.008854166666666666 0.022222222222222223
1 0.23854166666666668 0.6398148148148148 0.01875 0.025925925925925925
1 0.1765625 0.624537037037037 0.014583333333333334 0.03796296296296296
1 0.0796875 0.6157407407407407 0.008333333333333333 0.009259259259259259
1 0.07317708333333334 0.5777777777777777 0.008854166666666666 0.020370370370370372
1 0.29348958333333336 0.8967592592592593 0.009895833333333333 0.021296296296296296
1 0.30520833333333336 0.9416666666666667 0.009375 0.018518518518518517
1 0.17317708333333334 0.8856481481481482 0.008854166666666666 0.019444444444444445
1 0.696875 0.7134259259259259 0.03125 0.05462962962962963
1 0.8377604166666667 0.5125 0.015104166666666667 0.032407407407407406
1 0.76328125 0.5462962962962963 0.0109375 0.020370370370370372
1 0.74296875 0.12638888888888888 0.0640625 0.06388888888888888
1 0.7182291666666667 0.22916666666666666 0.011458333333333333 0.017592592592592594
1 0.6729166666666667 0.49166666666666664 0.010416666666666666 0.018518518518518517
