2 0.5 0.46631944444444445 1.0 0.9326388888888889
1 0.8705481770833334 0.7167375 0.016096354166666667 0.03532685185185185
1 0.9431130208333334 0.6509643518518519 0.010184374999999999 0.014891666666666666
1 0.48545234374999996 0.8028379629629631 0.009446354166666667 0.01863888888888889
1 0.4660890625 0.8300805555555555 0.019678124999999998 0.0527537037037037
1 0.4450958333333333 0.8744675925925925 0.01415 0.030416666666666668
1 0.4776609375 0.882662037037037 0.016780208333333334 0.02087962962962963
1 0.660975 0.6143851851851853 0.0282 0.0546962962962963
1 0.9066796875 0.3783666666666667 0.013359375 0.028955555555555554
1 0.9714442708333333 0.38835277777777777 0.006430208333333334 0.03596481481481481
1 0.9243333333333333 0.28409120370370367 0.012208333333333333 0.03299722222222222
1 0.8707583333333333 0.2240361111111111 0.008183333333333332 0.020294444444444445
1 0.8040114583333333 0.2758407407407408 0.005939583333333333 0.018348148148148148
1 0.7712515625 0.4070523148148148 0.010211458333333335 0.019660185185185187
1 0.90577109375 0.10005555555555556 0.016750520833333334 0.02788888888888889
1 0.6108317708333334 0.18392453703703704 0.013330208333333335 0.025256481481481484
1 0.4811223958333333 0.03914907407407407 0.026828124999999998 0.04496481481481481
1 0.5165864583333334 0.2548611111111111 0.017547916666666667 0.01898148148148148
1 0.42157057291666666 0.20294120370370372 0.06084947916666667 0.05588240740740741
1 0.4173747395833333 0.15550787037037037 0.0087078125 0.03138611111111111
1 0.3798440104166667 0.2529361111111111 0.0107296875 0.016983333333333333
1 0.44143463541666667 0.39769814814814813 0.018285937500000002 0.013914814814814816
1 0.22036770833333333 0.11935740740740741 0.018860416666666668 0.0239
1 0.29388958333333337 0.1581925925925926 0.016945833333333334 0.025644444444444445
1 0.2702713541666667 0.08964537037037038 0.041584375 0.029290740740740742
1 0.27442890625 0.20714675925925927 0.013441145833333333 0.02355277777777778
1 0.28136093749999996 0.22749166666666668 0.018971875000000003 0.025353703703703705
1 0.34504557291666665 0.4590898148148148 0.027591145833333334 0.029290740740740742
1 0.259365625 0.03557916666666667 0.013522916666666666 0.026713888888888888
1 0.013852864583333334 0.07714398148148148 0.008955729166666667 0.03391759259259259
1 0.0035286458333333337 0.15994629629629628 0.0070572916666666674 0.0273
1 0.13715130208333334 0.15131990740740742 0.010760937500000001 0.026713888888888888
1 0.1260453125 0.33490416666666667 0.014590625 0.017956481481481483
1 0.050392447916666666 0.5034162037037037 0.0049515625 0.02720277777777778
1 0.14348124999999998 0.5650175925925927 0.0119625 0.022627777777777778
1 0.21928984375 0.538236574074074 0.0104546875 0.028325
1 0.2599234375 0.7101398148148148 0.020888541666666666 0.027687037037037038
1 0.116371875 0.7659467592592593 0.008785416666666665 0.02078240740740741
1 0.34026927083333336 0.761636574074074 0.014913541666666667 0.05290277777777778
1 0.5476052083333334 0.7790583333333334 0.01291875 0.019227777777777778
1 0.24786328124999998 0.9006504629629629 0.016559895833333334 0.04759722222222222
1 0.21738723958333334 0.899511111111111 0.0087328125 0.03791111111111111
1 0.3646752604166667 0.8261148148148147 0.0053921875 0.007785185185185185
1 0.19208515625 0.7159175925925926 0.0247953125 0.06331666666666667
