1 0.49973958333333335 0.5370370370370371 0.9994791666666667 0.924074074074074
2 0.5002604166666667 0.5370370370370371 0.9994791666666667 0.9259259259259259
1 0.029427083333333333 0.26990740740740743 0.0067708333333333336 0.023148148148148147
1 0.2109375 0.274537037037037 0.014583333333333334 0.04722222222222222
1 0.11328125 0.5546296296296296 0.0171875 0.016666666666666666
1 0.16328125 0.42777777777777776 0.005729166666666666 0.009259259259259259
1 0.171875 0.4027777777777778 0.0125 0.022222222222222223
1 0.05703125 0.7412037037037037 0.008854166666666666 0.013888888888888888
1 0.0828125 0.7282407407407407 0.007291666666666667 0.017592592592592594
1 0.08541666666666667 0.9106481481481481 0.0125 0.028703703703703703
1 0.44244791666666666 0.5143518518518518 0.0171875 0.05277777777777778
1 0.40963541666666664 0.23287037037037037 0.04114583333333333 0.0824074074074074
1 0.5411458333333333 0.3148148148148148 0.0125 0.022222222222222223
1 0.5213541666666667 0.24814814814814815 0.016666666666666666 0.037037037037037035
1 0.69140625 0.2361111111111111 0.0265625 0.027777777777777776
1 0.4671875 0.6625 0.0125 0.019444444444444445
1 0.60390625 0.7319444444444444 0.0296875 0.026851851851851852
1 0.2 0.7800925925925926 0.016666666666666666 0.03425925925925926
1 0.4984375 0.8550925925925926 0.008333333333333333 0.012037037037037037
1 0.6895833333333333 0.7768518518518519 0.010416666666666666 0.024074074074074074
1 0.6731770833333334 0.5666666666666667 0.008854166666666666 0.020370370370370372
1 0.6877604166666667 0.6435185185185185 0.0046875 0.022222222222222223
1 0.8002604166666667 0.5726851851851852 0.0109375 0.03796296296296296
1 0.6950520833333333 0.4699074074074074 0.011979166666666667 0.030555555555555555
1 0.7692708333333333 0.8523148148148149 0.015625 0.030555555555555555
1 0.809375 0.862037037037037 0.017708333333333333 0.027777777777777776
1 0.76015625 0.9361111111111111 0.008854166666666666 0.014814814814814815
1 0.7596354166666667 0.9365740740740741 0.016145833333333335 0.026851851851851852
1 0.7682291666666666 0.7643518518518518 0.009375 0.01574074074074074
1 0.9471354166666667 0.9287037037037037 0.050520833333333334 0.14074074074074075
1 0.7549479166666667 0.6837962962962963 0.015104166666666667 0.030555555555555555
