2 0.5 0.47729212962962964 1.0 0.9545842592592593
1 0.9539578125 0.0632375 0.014165625 0.039437962962962966
1 0.5137078125 0.3827851851851852 0.019082291666666664 0.03779259259259259
1 0.5218833333333334 0.18559768518518518 0.013558333333333334 0.028602777777777776
1 0.5150976562499999 0.25474629629629625 0.018736979166666667 0.031714814814814814
1 0.48944296875 0.1983222222222222 0.0288859375 0.07257037037037037
1 0.41472578125 0.8515226851851851 0.010701562500000001 0.027119444444444446
1 0.5457419270833334 0.7349851851851852 0.013358854166666666 0.04034074074074074
1 0.5110760416666666 0.4923486111111111 0.011735416666666667 0.03469722222222222
1 0.027895833333333335 0.25730833333333336 0.009958333333333335 0.022024074074074074
1 0.9656729166666668 0.11376203703703704 0.0042625 0.016412962962962963
