2 0.5 0.46478888888888886 1.0 0.9295777777777777
1 0.74329765625 0.32194814814814815 0.020970312499999998 0.04945185185185185
1 0.41281328125 0.5968898148148147 0.030834895833333334 0.03266851851851851
1 0.05705104166666666 0.5448337962962962 0.015143750000000001 0.03781574074074074
1 0.7058692708333333 0.16458935185185186 0.029446874999999997 0.06066018518518519
1 0.7244973958333334 0.7203865740740741 0.011494791666666667 0.029662037037037035
1 0.9189231770833334 0.4998356481481481 0.0211796875 0.045967592592592595
1 0.6135916666666666 0.3305375 0.007391666666666667 0.012926851851851853
1 0.6544932291666666 0.38537824074074073 0.015236458333333334 0.020756481481481483
1 0.4420005208333333 0.08206111111111111 0.014209375 0.027085185185185184
1 0.21857942708333333 0.30760185185185185 0.012158854166666667 0.020759259259259262
1 0.27725703124999995 0.7055430555555555 0.02118072916666667 0.02960462962962963
1 0.9127674479166666 0.34637361111111115 0.013034895833333334 0.04274722222222222
1 0.9702184895833333 0.1882787037037037 0.010228645833333333 0.015446296296296295
1 0.9923348958333332 0.44009629629629626 0.008628124999999999 0.037599999999999995
1 0.9718940104166667 0.7584092592592593 0.0073296875 0.05015185185185185
1 0.02975989583333333 0.30797731481481483 0.008478125 0.021510185185185188
1 0.0320796875 0.33775925925925926 0.017284375 0.04774074074074074
1 0.242365625 0.08656064814814815 0.006606249999999999 0.019417592592592594
1 0.5434458333333333 0.09589675925925926 0.02335 0.03438611111111111
1 0.62592421875 0.39206064814814817 0.011223437499999999 0.023010185185185186
1 0.78363046875 0.4840625 0.013094270833333333 0.025532407407407406
1 0.5109794270833333 0.7188736111111111 0.0302921875 0.013673148148148148
1 0.396478125 0.7005824074074074 0.009622916666666667 0.023387037037037036
1 0.7328273437499999 0.5101685185185185 0.017738020833333333 0.04811481481481481
1 0.8081864583333334 0.8190898148148148 0.00908125 0.014105555555555555
1 0.9976135416666666 0.36790787037037037 0.004602083333333334 0.019149074074074075
1 0.22270286458333333 0.47308796296296296 0.007905729166666667 0.01839814814814815
1 0.1419046875 0.10417731481481482 0.006726041666666667 0.02687314814814815
1 0.20136380208333332 0.11970972222222222 0.0058526041666666665 0.007937962962962963
1 0.03432760416666667 0.6001689814814815 0.006155208333333333 0.013300925925925926
1 0.6339648437500001 0.9147560185185185 0.007513020833333333 0.014697222222222221
