2 0.49973958333333335 0.5370370370370371 0.9994791666666667 0.924074074074074
1 0.128125 0.24675925925925926 0.010416666666666666 0.041666666666666664
1 0.3828125 0.11527777777777778 0.016666666666666666 0.019444444444444445
1 0.48802083333333335 0.13148148148148148 0.029166666666666667 0.03148148148148148
1 0.4661458333333333 0.4476851851851852 0.0125 0.023148148148148147
1 0.17630208333333333 0.6912037037037037 0.019270833333333334 0.04351851851851852
1 0.12057291666666667 0.6157407407407407 0.019270833333333334 0.053703703703703705
1 0.11744791666666667 0.6101851851851852 0.011979166666666667 0.03333333333333333
1 0.01015625 0.46064814814814814 0.008854166666666666 0.025
1 0.03229166666666667 0.47129629629629627 0.010416666666666666 0.016666666666666666
1 0.013541666666666667 0.5462962962962963 0.008333333333333333 0.06111111111111111
1 0.050520833333333334 0.9611111111111111 0.0125 0.018518518518518517
1 0.15651041666666668 0.7583333333333333 0.008854166666666666 0.020370370370370372
1 0.03463541666666667 0.7101851851851851 0.0109375 0.012962962962962963
1 0.010677083333333334 0.837037037037037 0.005729166666666666 0.014814814814814815
1 0.8286458333333333 0.6314814814814815 0.03125 0.10555555555555556
1 0.7940104166666667 0.6074074074074074 0.028645833333333332 0.05740740740740741
1 0.7669270833333334 0.6606481481481481 0.0171875 0.032407407407407406
1 0.9221354166666667 0.5388888888888889 0.016145833333333335 0.040740740740740744
1 0.9559895833333333 0.9097222222222222 0.0203125 0.10092592592592593
1 0.8731770833333333 0.9657407407407408 0.018229166666666668 0.05740740740740741
1 0.7143229166666667 0.9004629629629629 0.011979166666666667 0.021296296296296296
1 0.6622395833333333 0.8212962962962963 0.0067708333333333336 0.014814814814814815
1 0.62578125 0.8902777777777777 0.0078125 0.012037037037037037
1 0.6986979166666667 0.6625 0.0036458333333333334 0.010185185185185186
1 0.9403645833333333 0.38842592592592595 0.018229166666666668 0.05462962962962963
1 0.9161458333333333 0.2412037037037037 0.014583333333333334 0.05277777777777778
1 0.95390625 0.35324074074074074 0.013020833333333334 0.03425925925925926
1 0.9494791666666667 0.5254629629629629 0.007291666666666667 0.03425925925925926
1 0.853125 0.3449074074074074 0.0125 0.023148148148148147
1 0.8713541666666667 0.7708333333333334 0.013541666666666667 0.03796296296296296
1 0.94921875 0.6564814814814814 0.009895833333333333 0.022222222222222223
1 0.9559895833333333 0.8277777777777777 0.021354166666666667 0.05925925925925926
1 0.2630208333333333 0.24722222222222223 0.007291666666666667 0.016666666666666666
1 0.3106770833333333 0.14305555555555555 0.0067708333333333336 0.012037037037037037
1 0.33619791666666665 0.5462962962962963 0.0046875 0.009259259259259259
1 0.12213541666666666 0.7337962962962963 0.0067708333333333336 0.019444444444444445
