2 0.52034453125 0.5838402777777778 0.9594390625 0.8324953703703704
1 0.38980234374999995 0.3716398148148148 0.04627135416666666 0.039575925925925924
1 0.6741330729166666 0.9699810185185186 0.012849479166666667 0.02329537037037037
1 0.5273283854166667 0.9655921296296297 0.020281770833333334 0.029332407407407408
1 0.610846875 0.925999074074074 0.017527083333333335 0.04459074074074074
1 0.76912890625 0.6995416666666666 0.018466145833333333 0.05649074074074074
1 0.9124911458333334 0.8746657407407408 0.007273958333333333 0.05488703703703703
1 0.9282533854166667 0.8170435185185185 0.015881770833333333 0.03593888888888889
1 0.9167703125000001 0.5943736111111111 0.007498958333333333 0.020228703703703704
1 0.7565966145833334 0.5620851851851852 0.004859895833333333 0.0538
1 0.4853127604166667 0.40363935185185185 0.005000520833333333 0.05172314814814814
1 0.7153072916666667 0.22163842592592592 0.008739583333333334 0.024758333333333334
1 0.46576354166666667 0.363912962962963 0.011735416666666667 0.027825925925925924
1 0.5957223958333333 0.5538439814814815 0.006028125 0.016947222222222225
