2 0.5 0.5337884259259259 1.0 0.9323916666666666
1 0.8420057291666667 0.2026462962962963 0.016303124999999998 0.038625925925925925
1 0.7719877604166666 0.22331203703703703 0.018975520833333332 0.037364814814814816
1 0.90761640625 0.5619731481481481 0.0308578125 0.04987222222222222
1 0.881671875 0.6564736111111111 0.020635416666666666 0.02961388888888889
1 0.9174864583333334 0.8205402777777777 0.020389583333333336 0.04478425925925926
1 0.8560356770833334 0.7437930555555556 0.013113020833333332 0.015363888888888889
1 0.8015773437499999 0.9572166666666667 0.0094046875 0.016285185185185187
1 0.8260973958333333 0.9395643518518518 0.014694791666666667 0.010610185185185184
1 0.7550109375 0.9535513888888888 0.006896875 0.010806481481481481
1 0.7020109375000001 0.7902726851851852 0.04048020833333333 0.10832314814814815
1 0.7526955729166667 0.6936314814814815 0.011641145833333333 0.020596296296296297
1 0.697940625 0.608087037037037 0.011506249999999999 0.027285185185185187
1 0.6873984375000001 0.16410046296296296 0.007088541666666667 0.01153425925925926
1 0.6497697916666667 0.1340134259259259 0.008914583333333333 0.018026851851851853
1 0.6301927083333333 0.15860092592592592 0.01559375 0.02646111111111111
1 0.63485625 0.12482777777777777 0.009295833333333333 0.018174074074074075
1 0.6206135416666666 0.14459259259259258 0.009977083333333333 0.016962962962962964
1 0.6150679687499999 0.3687412037037037 0.013469270833333333 0.03377870370370371
1 0.6090104166666667 0.5468611111111111 0.022187500000000002 0.06038888888888889
1 0.5973705729166666 0.6117907407407408 0.0239078125 0.027285185185185187
1 0.596928125 0.6693587962962964 0.010522916666666667 0.02205092592592593
1 0.55895234375 0.7637259259259259 0.03873802083333333 0.04041481481481482
1 0.5045359374999999 0.7943453703703705 0.015321875 0.018320370370370372
1 0.4488846354166667 0.08021388888888889 0.016519270833333332 0.027094444444444445
1 0.43339505208333334 0.09589722222222223 0.007415104166666667 0.012164814814814814
1 0.42729401041666665 0.07693657407407407 0.012921354166666668 0.013132407407407407
1 0.46154869791666664 0.21648935185185186 0.016847395833333334 0.02001574074074074
1 0.35223463541666666 0.17908287037037038 0.0148859375 0.030387962962962964
1 0.3564614583333333 0.3540259259259259 0.022297916666666664 0.03397777777777777
1 0.34457968749999995 0.29355925925925924 0.006867708333333333 0.029711111111111112
1 0.4292580729166667 0.40226481481481485 0.011641145833333333 0.026751851851851853
1 0.39223697916666667 0.5029513888888889 0.011557291666666667 0.04293981481481481
1 0.3092403645833333 0.688576388888889 0.009105729166666666 0.016041666666666666
1 0.266896875 0.8150824074074074 0.016085416666666668 0.02646111111111111
1 0.23300182291666666 0.7164689814814815 0.0107953125 0.027382407407407407
1 0.26530755208333334 0.546512962962963 0.005615104166666667 0.009692592592592593
1 0.256540625 0.5483009259259259 0.008914583333333333 0.015120370370370369
1 0.3778591145833333 0.571961111111111 0.011968229166666667 0.02355185185185185
1 0.10228229166666666 0.6547458333333334 0.022272916666666667 0.028010185185185187
1 0.07785729166666666 0.8326171296296296 0.0077979166666666665 0.020789814814814813
1 0.018611979166666667 0.8841013888888889 0.020557291666666665 0.03857314814814815
1 0.21745078125 0.8644342592592593 0.008859895833333332 0.014053703703703704
1 0.14430234375 0.8105699074074073 0.008396354166666667 0.01928796296296296
