2 0.49973958333333335 0.5361111111111111 0.9994791666666667 0.9259259259259259
1 0.40234375 0.1597222222222222 0.022395833333333334 0.05277777777777778
1 0.5294270833333333 0.1175925925925926 0.024479166666666666 0.03148148148148148
1 0.14791666666666667 0.12453703703703704 0.021875 0.03611111111111111
1 0.016927083333333332 0.2689814814814815 0.0067708333333333336 0.03611111111111111
1 0.19010416666666666 0.4527777777777778 0.00625 0.027777777777777776
1 0.11979166666666667 0.48564814814814816 0.009375 0.025
1 0.13255208333333332 0.36712962962962964 0.009895833333333333 0.021296296296296296
1 0.030729166666666665 0.5083333333333333 0.004166666666666667 0.020370370370370372
1 0.19921875 0.49675925925925923 0.0036458333333333334 0.012037037037037037
1 0.20859375 0.5356481481481481 0.0046875 0.008333333333333333
1 0.16640625 0.5296296296296297 0.008854166666666666 0.012962962962962963
1 0.14817708333333332 0.6162037037037037 0.0036458333333333334 0.004629629629629629
1 0.16588541666666667 0.674074074074074 0.0109375 0.02962962962962963
1 0.1953125 0.6967592592592593 0.004166666666666667 0.028703703703703703
1 0.240625 0.7481481481481481 0.021875 0.053703703703703705
1 0.24114583333333334 0.7527777777777778 0.026041666666666668 0.06481481481481481
1 0.12604166666666666 0.8597222222222223 0.026041666666666668 0.06388888888888888
1 0.1328125 0.8657407407407407 0.013541666666666667 0.05185185185185185
1 0.030729166666666665 0.75 0.011458333333333333 0.04259259259259259
1 0.14739583333333334 0.7814814814814814 0.007291666666666667 0.018518518518518517
1 0.1796875 0.7537037037037037 0.008333333333333333 0.018518518518518517
1 0.26067708333333334 0.8870370370370371 0.0046875 0.011111111111111112
1 0.24088541666666666 0.924537037037037 0.0067708333333333336 0.013888888888888888
1 0.16223958333333333 0.9949074074074075 0.0067708333333333336 0.008333333333333333
1 0.05807291666666667 0.9444444444444444 0.0078125 0.012962962962962963
1 0.06536458333333334 0.924074074074074 0.0078125 0.014814814814814815
1 0.12421875 0.9907407407407407 0.0140625 0.016666666666666666
1 0.40260416666666665 0.9342592592592592 0.004166666666666667 0.016666666666666666
1 0.20572916666666666 0.9074074074074074 0.00625 0.016666666666666666
1 0.19765625 0.8564814814814815 0.0067708333333333336 0.018518518518518517
1 0.5796875 0.9675925925925926 0.023958333333333335 0.046296296296296294
1 0.6104166666666667 0.8148148148148148 0.009375 0.022222222222222223
1 0.7645833333333333 0.775 0.017708333333333333 0.027777777777777776
1 0.8190104166666666 0.6986111111111111 0.019270833333333334 0.07314814814814814
1 0.8177083333333334 0.7185185185185186 0.015625 0.03148148148148148
1 0.8057291666666667 0.6217592592592592 0.01875 0.03796296296296296
1 0.9591145833333333 0.9226851851851852 0.03802083333333333 0.11388888888888889
1 0.9596354166666666 0.8972222222222223 0.03697916666666667 0.12407407407407407
1 0.9408854166666667 0.874537037037037 0.0078125 0.025
1 0.8390625 0.9884259259259259 0.013541666666666667 0.021296296296296296
1 0.778125 0.7171296296296297 0.010416666666666666 0.03425925925925926
1 0.9736979166666667 0.6310185185185185 0.025520833333333333 0.07685185185185185
1 0.9494791666666667 0.6611111111111111 0.0125 0.024074074074074074
1 0.9630208333333333 0.6509259259259259 0.008333333333333333 0.022222222222222223
1 0.9231770833333334 0.9092592592592592 0.009895833333333333 0.022222222222222223
1 0.59296875 0.6111111111111112 0.015104166666666667 0.014814814814814815
1 0.89375 0.9212962962962963 0.013541666666666667 0.009259259259259259
1 0.90234375 0.8333333333333334 0.005729166666666666 0.020370370370370372
1 0.9567708333333333 0.8384259259259259 0.015625 0.032407407407407406
1 0.8815104166666666 0.6912037037037037 0.013020833333333334 0.028703703703703703
1 0.9109375 0.36018518518518516 0.016666666666666666 0.040740740740740744
1 0.83671875 0.462037037037037 0.009895833333333333 0.024074074074074074
1 0.7903645833333334 0.5083333333333333 0.011979166666666667 0.02962962962962963
1 0.8666666666666667 0.5717592592592593 0.004166666666666667 0.017592592592592594
1 0.9302083333333333 0.4689814814814815 0.019791666666666666 0.04537037037037037
1 0.75625 0.29074074074074074 0.014583333333333334 0.024074074074074074
1 0.7578125 0.2375 0.013541666666666667 0.021296296296296296
1 0.9307291666666667 0.31527777777777777 0.016666666666666666 0.03611111111111111
1 0.946875 0.40324074074074073 0.011458333333333333 0.025
1 0.8859375 0.46944444444444444 0.017708333333333333 0.08333333333333333
1 0.8661458333333333 0.3902777777777778 0.010416666666666666 0.019444444444444445
1 0.8645833333333334 0.4675925925925926 0.014583333333333334 0.024074074074074074
1 0.853125 0.44722222222222224 0.007291666666666667 0.018518518518518517
1 0.89609375 0.7185185185185186 0.0109375 0.016666666666666666
1 0.9677083333333333 0.7601851851851852 0.013541666666666667 0.025925925925925925
1 0.8127604166666667 0.3625 0.0046875 0.004629629629629629
1 0.4674479166666667 0.7129629629629629 0.013020833333333334 0.022222222222222223
1 0.6078125 0.537962962962963 0.005208333333333333 0.018518518518518517
