2 0.5 0.4807231481481482 1.0 0.9614462962962964
1 0.14417473958333332 0.4900555555555555 0.013349479166666667 0.03566666666666667
1 0.6115856770833333 0.40825 0.0221296875 0.04798148148148148
1 0.7092557291666667 0.41005324074074073 0.017469791666666668 0.060847222222222226
1 0.5607190104166667 0.31135972222222225 0.015188020833333335 0.05420092592592592
1 0.08527994791666667 0.5064324074074074 0.011184895833333335 0.027679629629629627
1 0.2192690104166667 0.14351898148148148 0.0114546875 0.035186111111111106
1 0.3519143229166667 0.9208430555555556 0.018411979166666665 0.013908333333333333
1 0.3029921875 0.8207518518518518 0.010151041666666666 0.01742962962962963
1 0.3807080729166667 0.7566 0.0124578125 0.03542222222222222
1 0.046453125 0.7470699074074074 0.006447916666666667 0.016362037037037036
1 0.057375260416666664 0.24383935185185185 0.010583854166666667 0.011752777777777777
1 0.026125260416666667 0.3048509259259259 0.008500520833333334 0.015257407407407409
1 0.28191901041666667 0.1150787037037037 0.0180046875 0.01349074074074074
1 0.9100872395833334 0.29558796296296297 0.011841145833333334 0.043027777777777776
