2 0.47438854166666666 0.5845439814814815 0.9487770833333333 0.8301990740740741
1 0.37918046874999994 0.9193027777777778 0.019819270833333333 0.029346296296296294
1 0.36533906250000003 0.8838550925925925 0.017136458333333333 0.05289537037037037
1 0.28026770833333337 0.5987912037037036 0.03136875 0.05869351851851852
1 0.18645026041666668 0.31767129629629626 0.021858854166666667 0.06497222222222222
1 0.32683124999999996 0.51315 0.007829166666666667 0.013337037037037036
1 0.009330208333333334 0.632387962962963 0.010327083333333332 0.022183333333333333
1 0.11164609375 0.7101495370370371 0.006625520833333333 0.016595370370370368
1 0.5065486979166667 0.9807787037037037 0.0037223958333333336 0.03933518518518518
1 0.6236713541666667 0.20931990740740739 0.017134375 0.02049166666666667
