2 0.5 0.4493990740740741 1.0 0.8987981481481482
1 0.3950260416666667 0.7086444444444444 0.03484375 0.04136296296296296
1 0.3947515625 0.7091810185185184 0.035336458333333334 0.040584259259259264
2 0.39560208333333335 0.7079662037037038 0.0339125 0.04000648148148148
1 0.7091867187500001 0.01684259259259259 0.014206770833333333 0.02627777777777778
1 0.7019255208333333 0.7675717592592592 0.011142708333333333 0.02773611111111111
1 0.521228125 0.7514500000000001 0.024747916666666665 0.049196296296296294
1 0.7874817708333333 0.6470837962962963 0.008296875 0.021945370370370372
1 0.38622578125 0.40986203703703705 0.0224515625 0.03824259259259259
1 0.52345703125 0.09723518518518517 0.011497395833333333 0.016692592592592592
1 0.18941536458333333 0.22679722222222223 0.0277890625 0.03877962962962963
1 0.1971953125 0.2789041666666667 0.012098958333333333 0.02632685185185185
1 0.13529947916666665 0.2056601851851852 0.010182291666666668 0.024283333333333334
1 0.08557786458333334 0.1369824074074074 0.005530729166666666 0.00915
1 0.06922500000000001 0.15793472222222224 0.0072 0.01216574074074074
1 0.04311380208333333 0.15997685185185187 0.009144270833333332 0.01810185185185185
1 0.013935677083333332 0.15981111111111113 0.005996354166666666 0.012214814814814815
1 0.009344791666666666 0.18027962962962962 0.0041062500000000005 0.01055925925925926
1 0.006740104166666666 0.21075833333333333 0.0051468749999999995 0.01596111111111111
1 0.8018330729166667 0.3748046296296296 0.0234578125 0.040350000000000004
1 0.9552578125 0.4935300925925926 0.007390625 0.018541666666666665
1 0.9086510416666667 0.16709722222222223 0.014177083333333333 0.047157407407407405
1 0.7391757812499999 0.5870166666666666 0.013768229166666666 0.029588888888888887
