2 0.5177380208333333 0.4083731481481482 0.9646427083333333 0.8167462962962964
1 0.42679401041666665 0.04198333333333333 0.019213020833333334 0.03211481481481481
1 0.6239401041666667 0.037431018518518516 0.020796875 0.037825
1 0.7119674479166667 0.2011189814814815 0.015601562499999999 0.035571296296296295
1 0.8917666666666667 0.35835 0.0074916666666666664 0.012996296296296296
1 0.8817802083333334 0.14686712962962964 0.0073104166666666665 0.017808333333333332
1 0.46685078125 0.4045310185185185 0.008701562500000001 0.027580555555555556
1 0.4671119791666667 0.4040694444444444 0.008182291666666668 0.026657407407407407
1 0.7551799479166666 0.13978796296296297 0.0082765625 0.022168518518518518
1 0.7456010416666667 0.4165037037037037 0.01724375 0.027451851851851852
1 0.23680286458333333 0.2412046296296296 0.0100640625 0.017594444444444444
1 0.5059552083333333 0.47326666666666667 0.008785416666666665 0.016903703703703706
1 0.6372515624999999 0.19040925925925925 0.010961458333333333 0.03267037037037037
1 0.42326119791666666 0.16034907407407406 0.0100640625 0.016994444444444444
