2 0.49270833333333336 0.4148148148148148 0.9854166666666667 0.8277777777777777
1 0.01015625 0.6231481481481481 0.008854166666666666 0.024074074074074074
1 0.075 0.15648148148148147 0.011458333333333333 0.024074074074074074
1 0.40546875 0.00787037037037037 0.0140625 0.013888888888888888
1 0.054427083333333334 0.3060185185185185 0.011979166666666667 0.028703703703703703
1 0.17369791666666667 0.4828703703703704 0.0078125 0.013888888888888888
1 0.715625 0.07037037037037037 0.008333333333333333 0.014814814814814815
1 0.7635416666666667 0.09814814814814815 0.015625 0.020370370370370372
1 0.7510416666666667 0.2773148148148148 0.0125 0.025
1 0.6388020833333333 0.35324074074074074 0.0171875 0.041666666666666664
1 0.665625 0.4115740740740741 0.007291666666666667 0.017592592592592594
1 0.6921875 0.44537037037037036 0.008333333333333333 0.024074074074074074
1 0.7286458333333333 0.4476851851851852 0.00625 0.01574074074074074
1 0.7255208333333333 0.5814814814814815 0.009375 0.024074074074074074
1 0.7028645833333333 0.5268518518518519 0.0036458333333333334 0.016666666666666666
1 0.775 0.5611111111111111 0.008333333333333333 0.03148148148148148
1 0.78515625 0.48657407407407405 0.0046875 0.010185185185185186
1 0.93515625 0.6578703703703703 0.008854166666666666 0.06018518518518518
1 0.7591145833333334 0.7342592592592593 0.0067708333333333336 0.027777777777777776
1 0.16380208333333332 0.7282407407407407 0.0067708333333333336 0.012037037037037037
1 0.14739583333333334 0.7587962962962963 0.007291666666666667 0.017592592592592594
