2 0.5 0.46704537037037036 1.0 0.9340907407407407
1 0.3951684895833333 0.30738703703703707 0.009086979166666667 0.016625925925925926
1 0.21022057291666665 0.5518986111111112 0.006899479166666667 0.014908333333333332
1 0.18602239583333333 0.7182624999999999 0.009544791666666667 0.01615462962962963
1 0.29046458333333336 0.7777111111111111 0.022595833333333332 0.02023703703703704
1 0.20125078125 0.6430851851851852 0.007709895833333333 0.028762962962962962
1 0.3093856770833333 0.8182694444444445 0.006271354166666667 0.010612962962962963
1 0.7014286458333333 0.6950504629629629 0.024732291666666666 0.060471296296296294
1 0.6559953125 0.6703847222222222 0.005740625 0.014843518518518518
1 0.7318596354166667 0.44164027777777776 0.027260937500000002 0.04809537037037037
1 0.7875908854166667 0.33961296296296295 0.0105984375 0.03292962962962963
1 0.6112132812500001 0.45947037037037036 0.017218229166666665 0.02079259259259259
1 0.6015236979166667 0.3836023148148148 0.012422395833333332 0.026463888888888887
1 0.6328296874999999 0.3478513888888889 0.015659375 0.030887962962962964
1 0.4977182291666667 0.3883421296296296 0.008978125 0.015573148148148147
1 0.7255859375 0.24482824074074072 0.006380208333333333 0.011878703703703704
1 0.4436596354166667 0.25466203703703705 0.014402604166666666 0.018583333333333334
1 0.4149046875 0.3119981481481482 0.014184375 0.023996296296296297
1 0.88878359375 0.45618425925925926 0.0494421875 0.03644259259259259
1 0.85108359375 0.24212685185185187 0.010500520833333334 0.010179629629629629
1 0.6991377604166666 0.05614259259259259 0.0066088541666666665 0.012285185185185185
1 0.638425 0.05941249999999999 0.006016666666666667 0.015121296296296296
1 0.6567958333333334 0.048668518518518514 0.009425 0.014003703703703704
1 0.7820307291666667 0.08679768518518519 0.010936458333333334 0.029150925925925927
1 0.8176744791666667 0.0932 0.008265625 0.014177777777777777
1 0.8635315104166666 0.17868333333333333 0.008313020833333334 0.016625925925925926
1 0.8052796875 0.18859675925925928 0.011601041666666667 0.02719351851851852
1 0.62925234375 0.4168837962962963 0.0043380208333333335 0.007841666666666667
1 0.9322874999999999 0.2948800925925926 0.009366666666666667 0.028649074074074073
1 0.8954489583333333 0.1657550925925926 0.007564583333333333 0.014843518518518518
1 0.93591171875 0.21155925925925928 0.0061984375 0.012007407407407408
1 0.86899296875 0.0982 0.0098609375 0.01862222222222222
1 0.5364393229166667 0.809975462962963 0.0051703124999999996 0.031062037037037034
