2 0.5 0.4538157407407407 1.0 0.9076314814814814
2 0.039465625 0.736438888888889 0.008097916666666666 0.01361851851851852
2 0.007988020833333333 0.7056513888888889 0.015976041666666666 0.027969444444444446
1 0.812084375 0.8898569444444444 0.009585416666666667 0.016750925925925926
1 0.8266361979166666 0.6690101851851852 0.026189062500000002 0.045427777777777775
1 0.917440625 0.4450050925925926 0.0077979166666666665 0.019639814814814815
1 0.9386940104166667 0.47586157407407415 0.008638020833333334 0.018389814814814814
1 0.6347205729166667 0.32935601851851853 0.011107812500000001 0.04389722222222222
1 0.5490239583333333 0.14466203703703706 0.03658958333333333 0.05784259259259259
1 0.5686580729166667 0.35895601851851855 0.03627447916666667 0.04198611111111111
1 0.22957630208333332 0.30819675925925927 0.009152604166666667 0.01824537037037037
1 0.19109505208333333 0.08351759259259259 0.023856770833333332 0.026294444444444443
1 0.38276770833333335 0.19332083333333333 0.00511875 0.019975
1 0.08525208333333333 0.5600981481481481 0.0069625 0.025751851851851852
1 0.5945580729166667 0.7149231481481481 0.0214078125 0.04280925925925926
1 0.6561666666666667 0.7564171296296297 0.013375 0.010982407407407408
1 0.6013697916666667 0.29298564814814815 0.004822916666666666 0.023008333333333332
1 0.6661072916666666 0.4068819444444444 0.004089583333333333 0.010060185185185186
1 0.5988 0.4111037037037037 0.012183333333333332 0.012948148148148148
1 0.501884375 0.2448601851851852 0.007935416666666667 0.01935
