2 0.5 0.55 1.0 0.9
1 0.19428203125000001 0.25251805555555557 0.014605729166666666 0.06429537037037036
1 0.16324114583333332 0.20096805555555555 0.011898958333333333 0.0371212962962963
1 0.2330583333333333 0.462887962962963 0.022366666666666667 0.05355370370370371
1 0.05761432291666667 0.3914541666666667 0.0131453125 0.025500925925925927
1 0.734721875 0.4464875 0.024652083333333335 0.04482685185185185
1 0.8189552083333334 0.2737773148148148 0.010827083333333333 0.030887962962962964
1 0.014610416666666666 0.8667453703703704 0.0031791666666666665 0.014972222222222224
1 0.016302864583333333 0.8799208333333333 0.005522395833333333 0.007989814814814814
1 0.02493203125 0.9077347222222223 0.0123640625 0.03954351851851852
1 0.4787645833333333 0.9768736111111112 0.0221125 0.016710185185185186
1 0.75517578125 0.782812962962963 0.017643229166666666 0.02858888888888889
1 0.93700703125 0.21570462962962964 0.0115140625 0.029557407407407407
1 0.794753125 0.25386157407407406 0.006172916666666667 0.029945370370370372
1 0.8441546875 0.23838333333333334 0.010184374999999999 0.026766666666666668
1 0.6617468750000001 0.5134023148148148 0.0068270833333333334 0.019397222222222225
