2 0.49973958333333335 0.5189814814814815 0.9994791666666667 0.9601851851851851
1 0.05911458333333333 0.3194444444444444 0.013020833333333334 0.04259259259259259
1 0.18072916666666666 0.1449074074074074 0.0375 0.06388888888888888
1 0.20625 0.3925925925925926 0.0125 0.025925925925925925
1 0.15494791666666666 0.39537037037037037 0.009895833333333333 0.009259259259259259
1 0.2734375 0.35 0.008333333333333333 0.016666666666666666
1 0.19635416666666666 0.2791666666666667 0.007291666666666667 0.008333333333333333
1 0.4015625 0.7490740740740741 0.023958333333333335 0.020370370370370372
1 0.09713541666666667 0.3439814814814815 0.005729166666666666 0.019444444444444445
1 0.04869791666666667 0.13796296296296295 0.0078125 0.02962962962962963
1 0.36796875 0.12222222222222222 0.028645833333333332 0.08518518518518518
1 0.8299479166666667 0.48148148148148145 0.016145833333333335 0.040740740740740744
1 0.7825520833333334 0.5898148148148148 0.013020833333333334 0.03333333333333333
1 0.784375 0.5527777777777778 0.010416666666666666 0.024074074074074074
1 0.82421875 0.6685185185185185 0.0109375 0.020370370370370372
1 0.9083333333333333 0.5726851851851852 0.011458333333333333 0.025
1 0.8177083333333334 0.5962962962962963 0.005208333333333333 0.012962962962962963
1 0.8338541666666667 0.5712962962962963 0.011458333333333333 0.018518518518518517
1 0.80625 0.5305555555555556 0.008333333333333333 0.016666666666666666
1 0.8494791666666667 0.33240740740740743 0.013541666666666667 0.018518518518518517
1 0.896875 0.9041666666666667 0.0625 0.18981481481481483
1 0.85078125 0.975925925925926 0.0078125 0.014814814814814815
1 0.8697916666666666 0.950462962962963 0.010416666666666666 0.017592592592592594
1 0.6888020833333334 0.9884259259259259 0.011979166666666667 0.021296296296296296
1 0.571875 0.8731481481481481 0.022916666666666665 0.046296296296296294
1 0.7875 0.9694444444444444 0.009375 0.018518518518518517
1 0.3177083333333333 0.8625 0.015625 0.026851851851851852
1 0.4046875 0.8592592592592593 0.014583333333333334 0.011111111111111112
1 0.29192708333333334 0.9625 0.013020833333333334 0.021296296296296296
1 0.3885416666666667 0.9902777777777778 0.013541666666666667 0.017592592592592594
1 0.25078125 0.5356481481481481 0.0067708333333333336 0.021296296296296296
1 0.36796875 0.5921296296296297 0.009895833333333333 0.028703703703703703
1 0.33645833333333336 0.9273148148148148 0.011458333333333333 0.021296296296296296
1 0.3494791666666667 0.8439814814814814 0.007291666666666667 0.013888888888888888
1 0.6703125 0.9004629629629629 0.013541666666666667 0.03425925925925926
1 0.46536458333333336 0.9037037037037037 0.0171875 0.012962962962962963
1 0.94453125 0.40555555555555556 0.10989583333333333 0.10185185185185185
