2 0.4934895833333333 0.5884259259259259 0.9869791666666666 0.8212962962962963
1 0.38177083333333334 0.9861111111111112 0.015625 0.025925925925925925
1 0.23255208333333333 0.9907407407407407 0.013020833333333334 0.016666666666666666
1 0.18333333333333332 0.9138888888888889 0.008333333333333333 0.024074074074074074
1 0.24895833333333334 0.825925925925926 0.030208333333333334 0.13148148148148148
1 0.13255208333333332 0.9125 0.0078125 0.013888888888888888
1 0.6432291666666666 0.7625 0.0125 0.025
1 0.19453125 0.6708333333333333 0.005729166666666666 0.021296296296296296
1 0.18776041666666668 0.6319444444444444 0.0046875 0.023148148148148147
1 0.6583333333333333 0.35694444444444445 0.005208333333333333 0.008333333333333333
1 0.2890625 0.23055555555555557 0.011458333333333333 0.027777777777777776
1 0.23697916666666666 0.21157407407407408 0.005208333333333333 0.012037037037037037
1 0.22083333333333333 0.37777777777777777 0.003125 0.022222222222222223
1 0.14661458333333333 0.24166666666666667 0.005729166666666666 0.011111111111111112
1 0.0296875 0.36712962962962964 0.00625 0.01574074074074074
1 0.04921875 0.7050925925925926 0.0078125 0.021296296296296296
1 0.05651041666666667 0.6810185185185185 0.0078125 0.012037037037037037
1 0.002864583333333333 0.9722222222222222 0.005729166666666666 0.016666666666666666
1 0.14166666666666666 0.736574074074074 0.004166666666666667 0.012037037037037037
1 0.6552083333333333 0.4708333333333333 0.004166666666666667 0.006481481481481481
