2 0.48237812500000005 0.5946333333333332 0.9647562500000001 0.8114888888888889
2 0.09499036458333333 0.7766500000000001 0.18998072916666667 0.36996666666666667
2 0.034201302083333336 0.8971458333333333 0.06840260416666667 0.09984722222222221
1 0.5400981770833333 0.787799074074074 0.009363020833333334 0.020042592592592594
1 0.25464296875 0.7605851851851853 0.025952604166666667 0.024874074074074076
1 0.23779895833333334 0.813625925925926 0.013097916666666666 0.021696296296296293
1 0.21445963541666666 0.8532546296296296 0.0268359375 0.017620370370370373
1 0.16888776041666667 0.8817638888888888 0.006525520833333334 0.015379629629629629
1 0.14041328125 0.8932810185185186 0.004784895833333333 0.008784259259259259
1 0.1453453125 0.8116083333333334 0.0073572916666666665 0.02506851851851852
1 0.06639635416666666 0.5978583333333334 0.027584375 0.06238333333333333
1 0.09124713541666667 0.6617907407407407 0.006452604166666666 0.034692592592592594
1 0.062168229166666665 0.6395518518518518 0.018086458333333333 0.040214814814814814
1 0.023043749999999998 0.6740416666666667 0.0242125 0.03697222222222222
1 0.14956536458333333 0.5314643518518518 0.018922395833333334 0.022187962962962965
1 0.32989687500000003 0.5147555555555556 0.011877083333333333 0.022103703703703705
1 0.0672234375 0.4847773148148148 0.009446875 0.034369444444444446
1 0.41143124999999997 0.32161296296296293 0.0072375 0.013596296296296296
1 0.30685833333333334 0.3090361111111111 0.007466666666666667 0.02362777777777778
1 0.23424557291666667 0.3059212962962963 0.0059911458333333336 0.026657407407407407
1 0.29524661458333334 0.23314166666666666 0.009243229166666667 0.016283333333333334
1 0.2833830729166667 0.22385555555555556 0.0084328125 0.01993333333333333
1 0.24187994791666664 0.21772824074074074 0.0191765625 0.05582685185185185
1 0.031522916666666664 0.37892592592592594 0.0047125 0.011555555555555557
1 0.3607065104166667 0.5225648148148149 0.005788020833333333 0.019203703703703702
1 0.09661015625 0.6109365740740741 0.014053645833333333 0.018169444444444446
