2 0.4788479166666667 0.5922449074074074 0.9576958333333334 0.8159712962962963
1 0.43257942708333336 0.5058347222222223 0.0328671875 0.01537314814814815
1 0.18564765625 0.8333550925925926 0.0150453125 0.0352287037037037
1 0.046221093750000004 0.7987097222222223 0.009108854166666668 0.02519722222222222
1 0.27000963541666667 0.9449925925925926 0.010852604166666667 0.03628148148148148
1 0.18288020833333332 0.38910601851851856 0.004302083333333333 0.007841666666666667
1 0.46418203125 0.3180384259259259 0.0064890625 0.013854629629629628
1 0.48014244791666666 0.657636574074074 0.009243229166666667 0.02453240740740741
1 0.48398046874999995 0.4011018518518519 0.0054609375 0.015166666666666665
1 0.6701190104166667 0.8326018518518519 0.0048213541666666665 0.007796296296296296
1 0.42873333333333336 0.9964541666666666 0.01788333333333333 0.007723148148148147
1 0.7271614583333333 0.8808236111111111 0.010572916666666666 0.01905462962962963
