2 0.49973958333333335 0.5361111111111111 0.9994791666666667 0.9259259259259259
1 0.18828125 0.20185185185185187 0.015104166666666667 0.04814814814814815
1 0.20963541666666666 0.15231481481481482 0.021354166666666667 0.049074074074074076
1 0.17708333333333334 0.24166666666666667 0.008333333333333333 0.025925925925925925
1 0.19505208333333332 0.24953703703703703 0.0036458333333333334 0.012037037037037037
1 0.20234375 0.24074074074074073 0.005729166666666666 0.009259259259259259
1 0.2903645833333333 0.2162037037037037 0.0078125 0.010185185185185186
1 0.4276041666666667 0.4152777777777778 0.01875 0.04722222222222222
1 0.44427083333333334 0.500462962962963 0.019791666666666666 0.05648148148148148
1 0.42213541666666665 0.6111111111111112 0.0265625 0.03518518518518519
1 0.4010416666666667 0.6226851851851852 0.014583333333333334 0.030555555555555555
1 0.3880208333333333 0.5708333333333333 0.015625 0.019444444444444445
1 0.47291666666666665 0.7078703703703704 0.023958333333333335 0.06388888888888888
1 0.3890625 0.7273148148148149 0.013541666666666667 0.030555555555555555
1 0.63046875 0.20925925925925926 0.009895833333333333 0.027777777777777776
1 0.62265625 0.25925925925925924 0.015104166666666667 0.03888888888888889
1 0.54921875 0.21805555555555556 0.0078125 0.012037037037037037
1 0.6151041666666667 0.11712962962962963 0.009375 0.028703703703703703
1 0.17265625 0.09675925925925925 0.0078125 0.010185185185185186
1 0.3346354166666667 0.3763888888888889 0.009895833333333333 0.025
1 0.06067708333333333 0.8805555555555555 0.0067708333333333336 0.011111111111111112
1 0.2421875 0.65 0.016666666666666666 0.03148148148148148
1 0.57421875 0.7953703703703704 0.011979166666666667 0.016666666666666666
1 0.8088541666666667 0.9597222222222223 0.019791666666666666 0.030555555555555555
1 0.6830729166666667 0.575462962962963 0.013020833333333334 0.021296296296296296
1 0.79921875 0.6972222222222222 0.005729166666666666 0.011111111111111112
1 0.8265625 0.7731481481481481 0.008333333333333333 0.016666666666666666
1 0.8559895833333333 0.7597222222222222 0.0109375 0.017592592592592594
1 0.7505208333333333 0.29768518518518516 0.010416666666666666 0.013888888888888888
1 0.8497395833333333 0.3263888888888889 0.0078125 0.025
1 0.990625 0.31527777777777777 0.007291666666666667 0.019444444444444445
1 0.98203125 0.4828703703703704 0.0046875 0.025
1 0.8994791666666667 0.43796296296296294 0.005208333333333333 0.009259259259259259
1 0.8661458333333333 0.6259259259259259 0.005208333333333333 0.009259259259259259
1 0.8424479166666666 0.6148148148148148 0.009895833333333333 0.007407407407407408
