2 0.5 0.45964351851851853 1.0 0.9192870370370371
1 0.046301302083333336 0.42513009259259255 0.0134359375 0.02618611111111111
1 0.2172109375 0.4241902777777778 0.024005208333333337 0.07430648148148149
1 0.374890625 0.8173587962962963 0.016447916666666666 0.04027314814814815
1 0.3337421875 0.809500462962963 0.008109375 0.02270462962962963
1 0.4813390625 0.2028648148148148 0.031428125 0.04276666666666667
1 0.4844598958333333 0.7049819444444444 0.019961458333333335 0.01922314814814815
1 0.3903981770833333 0.841575 0.017254687499999997 0.02203888888888889
1 0.5916057291666666 0.47457129629629635 0.015503125 0.02506851851851852
1 0.6248361979166667 0.2610412037037037 0.016339062499999998 0.03874907407407407
1 0.5623614583333333 0.23490277777777777 0.019514583333333335 0.027212962962962963
1 0.583596875 0.6639944444444444 0.018235416666666667 0.05391481481481482
1 0.6096825520833333 0.48739120370370376 0.0120734375 0.03589351851851852
1 0.9637721354166667 0.4606222222222222 0.014002604166666667 0.039762962962962965
1 0.8532455729166667 0.22335138888888886 0.022116145833333333 0.06151759259259259
1 0.9587747395833334 0.3484189814814815 0.011299479166666666 0.02461574074074074
1 0.86097421875 0.0924949074074074 0.0250734375 0.034989814814814814
1 0.8321578125 0.030300000000000004 0.011190625000000001 0.023562962962962963
1 0.8359666666666666 0.05763425925925926 0.010475 0.026379629629629628
1 0.9260635416666666 0.40519814814814814 0.007335416666666666 0.019655555555555558
1 0.9526341145833332 0.3826087962962963 0.005268229166666667 0.020773148148148148
1 0.8135864583333333 0.4729865740740741 0.012589583333333333 0.01819537037037037
1 0.032564322916666666 0.2162902777777778 0.018253645833333332 0.04554351851851852
1 0.05010546875 0.09591111111111111 0.007502604166666666 0.015896296296296297
1 0.09867812499999999 0.09788981481481482 0.005689583333333333 0.018001851851851852
1 0.07504557291666666 0.40011111111111114 0.0073828125000000005 0.015037037037037036
1 0.49689453125 0.18839768518518518 0.009414062499999999 0.023091666666666667
1 0.5635184895833334 0.08012083333333334 0.024953645833333333 0.038019444444444446
1 0.397125 0.024228703703703704 0.013000000000000001 0.024383333333333333
1 0.5009731770833333 0.06777222222222222 0.09257135416666666 0.11702592592592594
1 0.5111625 0.028447685185185187 0.013991666666666668 0.01615462962962963
1 0.6083372395833333 0.8441550925925926 0.017716145833333332 0.03275462962962963
1 0.42403515625000004 0.741363425925926 0.011611979166666668 0.036430555555555556
1 0.08739869791666667 0.6931055555555555 0.0039640625 0.012137037037037038
1 0.13222317708333334 0.22473194444444444 0.024863020833333336 0.05501944444444445
1 0.7566643229166666 0.6077865740740741 0.008120312499999999 0.015573148148148147
1 0.9083265625 0.047165740740740744 0.011444791666666667 0.027664814814814816
1 0.9812255208333334 0.23624120370370372 0.005159375 0.02618611111111111
1 0.564165625 0.6779361111111112 0.02833125 0.06883518518518518
