2 0.5 0.4481777777777778 1.0 0.8963555555555556
1 0.5672140625 0.5878898148148148 0.020886458333333333 0.033187037037037036
1 0.4518729166666667 0.2404865740740741 0.0266625 0.04949166666666667
1 0.45438229166666666 0.14565555555555554 0.005639583333333333 0.011681481481481482
1 0.17821328125 0.3209416666666667 0.013718229166666667 0.051142592592592594
1 0.20612942708333334 0.4000708333333333 0.016425520833333332 0.03532685185185185
1 0.21520833333333333 0.44907175925925924 0.007500000000000001 0.03888425925925926
1 0.16687239583333333 0.13660972222222223 0.020203125 0.021367592592592594
1 0.1688859375 0.1918402777777778 0.022146875 0.029976851851851852
1 0.7213885416666667 0.13067824074074075 0.00944375 0.0335787037037037
1 0.8902455729166667 0.08741759259259259 0.012782812499999999 0.013724074074074073
1 0.8678716145833333 0.11395879629629631 0.0190765625 0.04273240740740741
1 0.7095580729166666 0.5741597222222222 0.011824479166666667 0.01683796296296296
1 0.7828315104166667 0.285899537037037 0.0104546875 0.025502777777777777
1 0.74814375 0.2620958333333333 0.0087875 0.02048796296296296
1 0.4724877604166667 0.709812037037037 0.0053921875 0.010364814814814816
1 0.9038177083333333 0.15965277777777778 0.00971875 0.030416666666666668
1 0.8100578125 0.4239194444444444 0.007615625 0.045987037037037035
