2 0.9688442708333334 0.5768893518518519 0.037688541666666665 0.30192685185185186
2 0.4729296875 0.4594638888888889 0.945859375 0.9189277777777778
1 0.21778411458333333 0.6099208333333334 0.019943229166666666 0.038360185185185185
1 0.09158255208333334 0.6526902777777778 0.0071234374999999996 0.02204722222222222
1 0.10769583333333334 0.650938425925926 0.024766666666666666 0.03150648148148148
1 0.08793463541666666 0.7008657407407407 0.0144109375 0.038768518518518515
1 0.1189421875 0.6903324074074074 0.014967708333333333 0.032516666666666666
1 0.15576015625 0.7778819444444444 0.0177703125 0.029837962962962965
1 0.2539515625 0.7403884259259259 0.019361458333333335 0.02707314814814815
1 0.25047994791666667 0.8741972222222223 0.0145015625 0.020616666666666665
1 0.2988765625 0.655451388888889 0.04046145833333334 0.11090277777777778
1 0.289615625 0.6596180555555556 0.013606249999999999 0.022939814814814812
1 0.3019143229166667 0.6653611111111112 0.009036979166666665 0.045537037037037036
1 0.34318880208333336 0.7229402777777777 0.023877604166666667 0.045880555555555556
1 0.2871908854166667 0.7019263888888889 0.010840104166666666 0.020519444444444444
1 0.32509166666666667 0.7422777777777777 0.016849999999999997 0.04381481481481481
1 0.3300721354166667 0.5743685185185186 0.010144270833333333 0.022811111111111112
1 0.3644174479166667 0.5819652777777778 0.018418229166666668 0.03800462962962963
1 0.44552369791666663 0.7586421296296296 0.011880729166666666 0.028395370370370373
1 0.5329794270833333 0.799162962962963 0.0086671875 0.026103703703703705
1 0.6031393229166666 0.8138162037037038 0.012528645833333333 0.025780555555555557
1 0.6268882812500001 0.8482824074074073 0.0131515625 0.03730555555555556
1 0.6844263020833333 0.860999537037037 0.029269270833333336 0.03311018518518519
1 0.5832763020833334 0.6653601851851852 0.018635937499999998 0.02886851851851852
1 0.5934971354166667 0.7146828703703704 0.0047026041666666666 0.00899537037037037
1 0.63259453125 0.7103416666666666 0.009980729166666667 0.01697962962962963
1 0.6805679687499999 0.7100523148148148 0.021552604166666666 0.031215740740740742
1 0.7098572916666667 0.6931328703703703 0.007214583333333333 0.012191666666666667
1 0.4971190104166666 0.6377324074074073 0.012988020833333334 0.032872222222222226
1 0.53072578125 0.6395976851851851 0.0302015625 0.06067685185185186
1 0.5148833333333334 0.5426606481481481 0.01935 0.02235833333333333
1 0.5435119791666666 0.524948611111111 0.034940624999999996 0.04804537037037037
1 0.5609799479166667 0.47455185185185184 0.020918229166666667 0.03799259259259259
1 0.56828984375 0.5138513888888889 0.009496354166666667 0.016591666666666668
1 0.6046565104166667 0.577487962962963 0.012438020833333334 0.016087037037037035
1 0.7157911458333334 0.5650666666666667 0.010748958333333334 0.022725925925925927
1 0.7040583333333333 0.3587888888888889 0.008116666666666666 0.024985185185185187
1 0.47950234375 0.39188194444444446 0.0215046875 0.035615740740740746
1 0.48874401041666665 0.46170694444444443 0.011863020833333333 0.021562037037037036
1 0.4432286458333333 0.2530643518518519 0.012498958333333334 0.0487212962962963
1 0.47811953125 0.17385555555555557 0.017697395833333334 0.02734074074074074
1 0.48046692708333333 0.20668935185185186 0.01718385416666667 0.04115648148148148
1 0.42734687499999996 0.1418185185185185 0.019277083333333334 0.03178518518518519
1 0.3317424479166667 0.1392287037037037 0.0145265625 0.03216111111111111
1 0.3643005208333333 0.19736064814814813 0.014017708333333333 0.022499074074074074
1 0.4919015625 0.03880324074074074 0.024428125000000002 0.016495370370370372
1 0.543378125 0.03807083333333334 0.007589583333333333 0.01688240740740741
1 0.4935046875 0.15741805555555557 0.009926041666666666 0.018539814814814815
1 0.5130096354166667 0.17547592592592592 0.007269270833333333 0.010211111111111112
1 0.748665625 0.1385949074074074 0.016081250000000002 0.029041666666666664
1 0.6627953125 0.18805370370370372 0.004757291666666667 0.020551851851851852
1 0.28183020833333333 0.029558333333333336 0.013660416666666668 0.02207962962962963
1 0.03903541666666667 0.14674675925925926 0.0103625 0.04164166666666667
1 0.05999401041666667 0.12869907407407408 0.006446354166666667 0.014805555555555556
1 0.09664921875 0.16895879629629632 0.0057984375 0.021250925925925927
1 0.03603489583333333 0.19842500000000002 0.008528125 0.026479629629629627
1 0.03862161458333333 0.23807268518518518 0.006409895833333333 0.011330555555555556
1 0.011484375 0.25500833333333334 0.004218749999999999 0.011868518518518518
1 0.03766822916666667 0.2842458333333333 0.014919791666666666 0.04441759259259259
1 0.0280390625 0.3801967592592593 0.013369791666666667 0.028912037037037038
1 0.3075028645833333 0.23502037037037038 0.0233390625 0.044114814814814815
