2 0.5130208333333334 0.5208333333333334 0.9729166666666667 0.9583333333333334
1 0.425 0.1037037037037037 0.0125 0.03518518518518519
1 0.47942708333333334 0.22916666666666666 0.013020833333333334 0.021296296296296296
1 0.5669270833333333 0.19537037037037036 0.009895833333333333 0.020370370370370372
1 0.3890625 0.4439814814814815 0.013541666666666667 0.028703703703703703
1 0.36640625 0.5875 0.016145833333333335 0.03796296296296296
1 0.39895833333333336 0.4930555555555556 0.015625 0.026851851851851852
1 0.39791666666666664 0.8333333333333334 0.01875 0.05555555555555555
1 0.48046875 0.7384259259259259 0.0109375 0.013888888888888888
1 0.5734375 0.9282407407407407 0.017708333333333333 0.021296296296296296
1 0.6098958333333333 0.9125 0.016666666666666666 0.03796296296296296
1 0.5223958333333333 0.5194444444444445 0.026041666666666668 0.044444444444444446
1 0.5197916666666667 0.4685185185185185 0.015625 0.037037037037037035
1 0.51484375 0.42777777777777776 0.015104166666666667 0.022222222222222223
1 0.6 0.2962962962962963 0.022916666666666665 0.05185185185185185
1 0.421875 0.23194444444444445 0.014583333333333334 0.03796296296296296
1 0.67265625 0.39814814814814814 0.0171875 0.022222222222222223
1 0.696875 0.6152777777777778 0.015625 0.028703703703703703
1 0.6565104166666667 0.7194444444444444 0.0109375 0.022222222222222223
1 0.5489583333333333 0.6643518518518519 0.008333333333333333 0.01574074074074074
1 0.6864583333333333 0.7976851851851852 0.026041666666666668 0.032407407407407406
1 0.6697916666666667 0.8523148148148149 0.014583333333333334 0.025
1 0.6302083333333334 0.9740740740740741 0.007291666666666667 0.016666666666666666
1 0.81015625 0.9587962962962963 0.016145833333333335 0.023148148148148147
1 0.9057291666666667 0.9300925925925926 0.014583333333333334 0.03611111111111111
1 0.8736979166666666 0.8277777777777777 0.009895833333333333 0.040740740740740744
1 0.9265625 0.9013888888888889 0.017708333333333333 0.030555555555555555
1 0.990625 0.7768518518518519 0.005208333333333333 0.005555555555555556
1 0.9927083333333333 0.8064814814814815 0.013541666666666667 0.03518518518518519
1 0.9859375 0.7240740740740741 0.014583333333333334 0.02962962962962963
1 0.9466145833333334 0.7245370370370371 0.0234375 0.023148148148148147
1 0.8986979166666667 0.4828703703703704 0.009895833333333333 0.028703703703703703
1 0.82734375 0.1439814814814815 0.0109375 0.008333333333333333
1 0.83125 0.9791666666666666 0.020833333333333332 0.026851851851851852
