2 0.5 0.46999814814814816 1.0 0.9399962962962963
1 0.39754140625 0.7052587962962963 0.049249479166666665 0.07348055555555555
1 0.2913059895833333 0.5508740740740741 0.018028645833333336 0.04248888888888889
1 0.3455622395833334 0.04207731481481482 0.01924947916666667 0.026747222222222224
1 0.7670057291666666 0.3378435185185185 0.010053125 0.018279629629629632
1 0.9650770833333334 0.32414861111111115 0.0072375 0.018667592592592593
1 0.6642588541666666 0.8021537037037038 0.007684374999999999 0.052455555555555554
1 0.25387317708333335 0.7984657407407407 0.03899635416666667 0.10063518518518519
1 0.2515028645833333 0.5074083333333334 0.014464062500000001 0.025927777777777775
1 0.5911513020833333 0.14075 0.010427604166666667 0.01112962962962963
1 0.6869440104166666 0.07687824074074073 0.009304687499999999 0.013015740740740741
1 0.5091361979166666 0.8613402777777778 0.012022395833333333 0.02453240740740741
1 0.3707755208333333 0.8984583333333334 0.024884375 0.08025
