2 0.5 0.5 1.0 1.0
1 0.39216953125000004 0.1574148148148148 0.017672395833333333 0.035199999999999995
1 0.45586041666666666 0.041579629629629626 0.01797083333333333 0.029455555555555558
1 0.6540653645833333 0.19951527777777778 0.023755729166666666 0.04717870370370371
1 0.6362768229166667 0.27249027777777773 0.027761979166666666 0.026462037037037037
1 0.5848921874999999 0.09520324074074074 0.027076041666666665 0.03855462962962963
1 0.7932315104166666 0.13024768518518517 0.033338020833333336 0.04938425925925926
1 0.8672122395833333 0.043674074074074073 0.05109114583333333 0.08734814814814815
1 0.77594140625 0.32621157407407403 0.022716145833333333 0.05242314814814814
1 0.7902203125 0.35942685185185186 0.012732291666666668 0.03366851851851852
1 0.6577388020833334 0.34662592592592595 0.029019270833333333 0.02102962962962963
1 0.6182669270833333 0.45507453703703704 0.014658854166666667 0.028667592592592592
1 0.75064375 0.5335101851851852 0.026287500000000002 0.022575925925925926
1 0.5177317708333333 0.6466689814814816 0.016713541666666668 0.04333796296296296
1 0.6400817708333334 0.7879342592592593 0.034330208333333334 0.04253518518518519
1 0.5570885416666667 0.6504055555555556 0.00896875 0.024885185185185187
1 0.5824338541666666 0.754648611111111 0.014867708333333333 0.024112037037037036
1 0.564428125 0.8922388888888889 0.01010625 0.030774074074074072
