2 0.5 0.4582212962962963 1.0 0.9164425925925926
1 0.03798151041666666 0.5648814814814814 0.020754687499999997 0.046429629629629626
1 0.8041979166666666 0.5724333333333332 0.016729166666666666 0.030051851851851854
1 0.7840479166666667 0.3250902777777778 0.0097625 0.02240277777777778
1 0.7859356770833333 0.3943199074074074 0.016663020833333334 0.03678796296296297
1 0.7692588541666667 0.7754587962962963 0.009351041666666667 0.013880555555555556
1 0.3602916666666667 0.20519583333333333 0.02266666666666667 0.03261388888888889
1 0.42209453125 0.4280625 0.015022395833333334 0.020939814814814814
1 0.065040625 0.5910666666666666 0.010289583333333333 0.024725925925925926
1 0.70238046875 0.5932828703703704 0.009969270833333332 0.031010185185185186
1 0.7352619791666667 0.00680462962962963 0.011148958333333332 0.01360925925925926
1 0.774075 0.4257324074074074 0.015858333333333332 0.05146481481481482
1 0.751271875 0.38608935185185184 0.009835416666666668 0.018475
1 0.07275052083333335 0.3505819444444444 0.008001041666666667 0.03449722222222222
1 0.30235963541666666 0.4588578703703704 0.007844270833333333 0.010308333333333333
