1 0.5 0.5 1.0 1.0
1 0.5 0.4836333333333333 1.0 0.9672666666666666
1 0.5 0.48240324074074076 1.0 0.9648064814814815
1 0.5 0.48091018518518525 1.0 0.9618203703703705
1 0.8585197916666666 0.8740787037037037 0.015997916666666667 0.04260185185185185
1 0.9847028645833333 0.5851592592592593 0.0089890625 0.024022222222222223
1 0.8799239583333333 0.6462287037037038 0.01505625 0.040605555555555554
1 0.9327205729166667 0.3690425925925926 0.012316145833333332 0.04364074074074074
1 0.9257164062500001 0.49827407407407404 0.014974479166666667 0.04284444444444444
1 0.7180856770833334 0.9194662037037037 0.015338020833333334 0.031525
1 0.7021778645833333 0.8629763888888888 0.010605729166666666 0.03706388888888889
1 0.6757940104166666 0.919426388888889 0.010963020833333333 0.024037962962962962
1 0.4474080729166667 0.6495263888888889 0.019816145833333333 0.03423796296296296
1 0.19526302083333333 0.08798703703703703 0.028026041666666668 0.17597407407407406
1 0.14076015625 0.11418750000000001 0.015895312499999998 0.03393055555555556
1 0.09239869791666666 0.12011990740740741 0.0327140625 0.10505462962962964
1 0.85000390625 0.09163333333333333 0.007299479166666667 0.011044444444444445
1 0.7893263020833333 0.08891064814814814 0.015110937500000001 0.03337685185185185
1 0.9671320312499999 0.10144305555555555 0.013430729166666665 0.02881203703703704
1 0.10289114583333332 0.7954249999999999 0.009948958333333334 0.02418333333333333
1 0.16408463541666668 0.5768675925925927 0.009419270833333333 0.005587037037037037
1 0.1575609375 0.5833166666666666 0.0015802083333333332 0.005522222222222223
1 0.0892765625 0.5351833333333333 0.012928125 0.02592222222222222
1 0.08333203125000001 0.6559587962962964 0.017705729166666666 0.039695370370370374
1 0.2780875 0.558875 0.016591666666666668 0.02886111111111111
1 0.4372138020833333 0.37677777777777777 0.015052604166666667 0.01651851851851852
1 0.4177484375 0.3014601851851852 0.009455208333333333 0.015883333333333333
1 0.3571859375 0.3971462962962963 0.016455208333333336 0.04058888888888889
1 0.25624401041666667 0.44623703703703704 0.017696354166666664 0.03506666666666667
1 0.6512372395833333 0.413487037037037 0.014974479166666667 0.047344444444444446
1 0.6106028645833333 0.4670865740740741 0.020164062500000003 0.036024999999999995
1 0.16044088541666665 0.28790787037037036 0.04171510416666667 0.0887787037037037
1 0.43333203124999997 0.0813912037037037 0.018747395833333333 0.018337962962962962
1 0.38565364583333334 0.07546203703703704 0.007765625 0.013887037037037036
1 0.46266223958333336 0.13789490740740742 0.016991145833333332 0.046160185185185186
1 0.38203020833333334 0.10885972222222222 0.013018749999999999 0.017719444444444444
1 0.43620651041666664 0.8342259259259259 0.0078296875 0.011044444444444445
1 0.43033020833333335 0.8637819444444444 0.011702083333333333 0.025712037037037037
1 0.6189416666666666 0.552825 0.007675 0.01490925925925926
1 0.5861604166666667 0.5782546296296296 0.016070833333333333 0.032435185185185185
1 0.66328984375 0.7823824074074074 0.005746354166666666 0.01106111111111111
1 0.16203333333333333 0.44399675925925924 0.006358333333333333 0.013919444444444444
1 0.11430390625 0.3995356481481481 0.0098578125 0.015737962962962964
1 0.129709375 0.4744634259259259 0.011502083333333333 0.013741666666666666
1 0.17869036458333334 0.5027921296296296 0.010505729166666667 0.02595462962962963
1 0.1018171875 0.5078115740740741 0.015092708333333335 0.02673425925925926
1 0.20006223958333333 0.33142962962962963 0.019916145833333333 0.044340740740740736
1 0.15549869791666668 0.1870273148148148 0.023497395833333334 0.022202777777777776
1 0.4348765625 0.15051018518518516 0.013503125 0.01953888888888889
1 0.355153125 0.18108148148148148 0.008222916666666667 0.01957037037037037
1 0.3218697916666667 0.16899629629629628 0.008322916666666668 0.017622222222222223
1 0.08735703125000001 0.267525462962963 0.010130729166666666 0.03134722222222222
1 0.5218971354166667 0.39120185185185186 0.006294270833333334 0.024996296296296294
1 0.34038645833333336 0.21151666666666666 0.01098125 0.008218518518518517
1 0.022746354166666666 0.0475787037037037 0.009034375 0.01923148148148148
1 0.5820940104166666 0.43463101851851854 0.013146354166666667 0.032225
1 0.9503234375 0.8522444444444445 0.09439687499999999 0.13411851851851853
1 0.6931244791666666 0.6481555555555556 0.007082291666666667 0.007422222222222222
1 0.6896010416666667 0.6404800925925925 0.00524375 0.008737962962962963
1 0.9654361979166667 0.7299777777777777 0.013164062499999999 0.02291851851851852
