2 0.5044270833333333 0.5152180555555556 0.9911458333333333 0.9026583333333333
1 0.709375 0.20879629629629629 0.04791666666666667 0.09537037037037037
1 0.9841145833333333 0.3125 0.011979166666666667 0.03981481481481482
1 0.8619791666666666 0.37037037037037035 0.017708333333333333 0.025925925925925925
1 0.6552083333333333 0.37083333333333335 0.021875 0.041666666666666664
1 0.6390625 0.2152777777777778 0.03125 0.05462962962962963
1 0.95 0.6291666666666667 0.00625 0.025
1 0.5776041666666667 0.663425925925926 0.019791666666666666 0.03796296296296296
1 0.58203125 0.8226851851851852 0.011979166666666667 0.03981481481481482
1 0.6747395833333333 0.7601851851851852 0.0171875 0.020370370370370372
1 0.51796875 0.9277777777777778 0.0140625 0.024074074074074074
1 0.5471354166666667 0.9097222222222222 0.013020833333333334 0.026851851851851852
1 0.9044270833333333 0.9212962962962963 0.0078125 0.014814814814814815
1 0.93203125 0.8824074074074074 0.0067708333333333336 0.011111111111111112
1 0.9299479166666667 0.9217592592592593 0.005729166666666666 0.017592592592592594
1 0.9203125 0.7972222222222223 0.008333333333333333 0.014814814814814815
1 0.8127604166666667 0.7800925925925926 0.011979166666666667 0.012037037037037037
1 0.8161458333333333 0.7555555555555555 0.023958333333333335 0.011111111111111112
1 0.77109375 0.7212962962962963 0.008854166666666666 0.007407407407407408
1 0.9510416666666667 0.38472222222222224 0.008333333333333333 0.017592592592592594
1 0.9125 0.4787037037037037 0.00625 0.012962962962962963
1 0.5080729166666667 0.2671296296296296 0.008854166666666666 0.023148148148148147
1 0.5145833333333333 0.20046296296296295 0.005208333333333333 0.032407407407407406
1 0.6653645833333334 0.27175925925925926 0.008854166666666666 0.017592592592592594
1 0.4822916666666667 0.45694444444444443 0.007291666666666667 0.019444444444444445
1 0.35885416666666664 0.43703703703703706 0.013541666666666667 0.027777777777777776
1 0.33984375 0.44074074074074077 0.013020833333333334 0.016666666666666666
1 0.5302083333333333 0.7805555555555556 0.007291666666666667 0.020370370370370372
1 0.5356770833333333 0.7550925925925925 0.0171875 0.028703703703703703
1 0.51953125 0.7384259259259259 0.015104166666666667 0.026851851851851852
1 0.3190104166666667 0.7074074074074074 0.008854166666666666 0.018518518518518517
1 0.3046875 0.7898148148148149 0.009375 0.024074074074074074
1 0.33255208333333336 0.8490740740740741 0.0109375 0.018518518518518517
1 0.34921875 0.8467592592592592 0.0078125 0.017592592592592594
1 0.31223958333333335 0.9032407407407408 0.0036458333333333334 0.017592592592592594
1 0.33697916666666666 0.9069444444444444 0.009375 0.028703703703703703
1 0.32916666666666666 0.9643518518518519 0.007291666666666667 0.017592592592592594
1 0.25 0.6958333333333333 0.007291666666666667 0.013888888888888888
1 0.22005208333333334 0.9120370370370371 0.0078125 0.024074074074074074
1 0.27734375 0.4810185185185185 0.0109375 0.021296296296296296
1 0.25364583333333335 0.40046296296296297 0.020833333333333332 0.04537037037037037
1 0.24791666666666667 0.21851851851851853 0.004166666666666667 0.007407407407407408
1 0.2833333333333333 0.10787037037037037 0.010416666666666666 0.01574074074074074
1 0.40911458333333334 0.5699074074074074 0.018229166666666668 0.04351851851851852
1 0.428125 0.6643518518518519 0.004166666666666667 0.008333333333333333
1 0.5197916666666667 0.8523148148148149 0.021875 0.041666666666666664
1 0.6424479166666667 0.5314814814814814 0.018229166666666668 0.03148148148148148
1 0.33359375 0.28194444444444444 0.030729166666666665 0.06388888888888888
