2 0.5 0.5297324074074073 1.0 0.9409462962962962
1 0.7284898437499999 0.3184722222222222 0.03302135416666667 0.029537037037037035
1 0.38643046875000003 0.9359166666666666 0.0134859375 0.036648148148148145
1 0.4806682291666667 0.9186708333333333 0.011336458333333332 0.03734166666666667
1 0.6390872395833332 0.4002625 0.010466145833333333 0.02089537037037037
1 0.39582239583333334 0.7455009259259259 0.018728124999999998 0.015075925925925927
1 0.48101171875 0.7706398148148149 0.009940104166666667 0.01905740740740741
1 0.46107734375000003 0.763423611111111 0.013821354166666666 0.01573611111111111
1 0.21952161458333333 0.8392791666666667 0.0098765625 0.019299074074074073
1 0.6982328125 0.578812037037037 0.013132291666666665 0.03169814814814815
1 0.4172755208333333 0.2992597222222222 0.010592708333333334 0.01333425925925926
1 0.44281588541666667 0.3035981481481482 0.027298437499999998 0.02386296296296296
1 0.6958171875 0.4647013888888889 0.017676041666666666 0.03681018518518519
1 0.8756484375 0.36559027777777775 0.023171875 0.042291666666666665
1 0.9705942708333333 0.3718986111111111 0.008896875 0.02342685185185185
1 0.03319192708333333 0.7758606481481481 0.013258854166666667 0.049869444444444445
