2 0.5 0.46024398148148143 1.0 0.9204879629629629
1 0.6453632812500001 0.6792810185185185 0.030309895833333333 0.0752287037037037
1 0.6859182291666667 0.7527930555555555 0.008294791666666667 0.012993518518518519
1 0.76482109375 0.058194907407407404 0.012975520833333334 0.021945370370370372
1 0.7420265625 0.051116203703703705 0.017386458333333334 0.041121296296296295
1 0.6829989583333334 0.38195416666666665 0.006622916666666667 0.021315740740740743
1 0.547321875 0.14242962962962963 0.024852083333333334 0.031155555555555558
1 0.44088776041666666 0.13898287037037035 0.018233854166666667 0.037225
1 0.2872747395833333 0.3495939814814815 0.009966145833333334 0.02326203703703704
1 0.061381250000000005 0.5755078703703703 0.014429166666666667 0.038052777777777776
1 0.5730380208333333 0.18126111111111112 0.022117708333333333 0.03844814814814815
1 0.1259796875 0.44705787037037037 0.009251041666666666 0.027449074074074074
1 0.3690567708333334 0.7128527777777778 0.012071875000000001 0.016446296296296296
1 0.641021875 0.2662157407407407 0.021627083333333335 0.012061111111111111
