2 0.5135416666666667 0.5217592592592593 0.9729166666666667 0.9564814814814815
1 0.9794270833333333 0.9143518518518519 0.025520833333333333 0.06759259259259259
1 0.98125 0.7597222222222222 0.0125 0.019444444444444445
1 0.49114583333333334 0.8675925925925926 0.035416666666666666 0.05
1 0.5434895833333333 0.6416666666666667 0.0140625 0.03148148148148148
1 0.6361979166666667 0.5652777777777778 0.0359375 0.03796296296296296
1 0.6567708333333333 0.5967592592592592 0.03229166666666667 0.03796296296296296
1 0.5356770833333333 0.4949074074074074 0.018229166666666668 0.05462962962962963
1 0.17786458333333333 0.8212962962962963 0.016145833333333335 0.03518518518518519
1 0.47265625 0.7824074074074074 0.015104166666666667 0.027777777777777776
1 0.48333333333333334 0.36944444444444446 0.014583333333333334 0.05555555555555555
1 0.3489583333333333 0.7388888888888889 0.0125 0.037037037037037035
1 0.2950520833333333 0.7625 0.0234375 0.04722222222222222
1 0.10598958333333333 0.28379629629629627 0.0109375 0.028703703703703703
1 0.3625 0.08333333333333333 0.029166666666666667 0.05
1 0.4015625 0.11851851851851852 0.0125 0.03333333333333333
1 0.47890625 0.22175925925925927 0.04114583333333333 0.03611111111111111
1 0.678125 0.09212962962962963 0.017708333333333333 0.03425925925925926
1 0.14114583333333333 0.6949074074074074 0.011458333333333333 0.026851851851851852
1 0.096875 0.7685185185185185 0.011458333333333333 0.04259259259259259
1 0.5026041666666666 0.975925925925926 0.014583333333333334 0.040740740740740744
1 0.7721354166666666 0.7680555555555556 0.027604166666666666 0.03796296296296296
1 0.7872395833333333 0.3101851851851852 0.0140625 0.018518518518518517
1 0.6169270833333333 0.725462962962963 0.021354166666666667 0.01574074074074074
1 0.8786458333333333 0.7791666666666667 0.0125 0.032407407407407406
1 0.7192708333333333 0.975 0.028125 0.02962962962962963
1 0.8369791666666667 0.7625 0.011458333333333333 0.03981481481481482
1 0.8604166666666667 0.44675925925925924 0.009375 0.03981481481481482
1 0.51875 0.22870370370370371 0.0125 0.024074074074074074
1 0.2828125 0.27175925925925926 0.015625 0.012037037037037037
