2 0.49973958333333335 0.5319444444444444 0.9994791666666667 0.9342592592592592
1 0.28240729166666667 0.6572018518518519 0.017939583333333335 0.03847777777777778
1 0.8041666666666667 0.5939814814814814 0.021875 0.026851851851851852
1 0.54375 0.9287037037037037 0.03125 0.03888888888888889
1 0.6432291666666666 0.9550925925925926 0.021875 0.03796296296296296
1 0.3578125 0.9708333333333333 0.011458333333333333 0.05648148148148148
1 0.2794270833333333 0.5889402777777778 0.0234375 0.03713981481481481
1 0.321875 0.6453703703703704 0.009375 0.03888888888888889
1 0.5953125 0.14814814814814814 0.015625 0.024074074074074074
1 0.7049479166666667 0.6240740740740741 0.0265625 0.05
