2 0.5244791666666667 0.5814814814814815 0.95 0.8351851851851851
1 0.6083333333333333 0.9296296296296296 0.019791666666666666 0.02962962962962963
1 0.6236979166666666 0.8958333333333334 0.0171875 0.05277777777777778
1 0.71640625 0.6185185185185185 0.030729166666666665 0.05925925925925926
1 0.8183192708333333 0.3477458333333333 0.021013541666666666 0.06586203703703704
1 0.67265625 0.5291666666666667 0.0078125 0.013888888888888888
1 0.9863458333333334 0.6780625 0.010191666666666667 0.022791666666666665
1 0.8815104166666666 0.7462962962962963 0.0067708333333333336 0.016666666666666666
1 0.47942708333333334 0.9791666666666666 0.0046875 0.03981481481481482
1 0.3848958333333333 0.19768518518518519 0.016666666666666666 0.021296296296296296
