2 0.48264843749999997 0.42965972222222226 0.9652968749999999 0.8593194444444445
1 0.80752734375 0.39733842592592594 0.009846354166666666 0.037269444444444445
1 0.6947700520833333 0.49142500000000006 0.0072484375 0.03099814814814815
1 0.3701611979166667 0.5977675925925925 0.019489062499999998 0.030720370370370367
1 0.14325338541666666 0.33423055555555553 0.011506770833333334 0.049942592592592594
1 0.38427812499999997 0.40854444444444443 0.019597916666666666 0.039311111111111116
1 0.23719635416666665 0.07413425925925926 0.016059375 0.02234259259259259
1 0.4281596354166667 0.31156481481481485 0.007360937499999999 0.03424074074074074
1 0.5682151041666667 0.14508935185185187 0.011430208333333334 0.017956481481481483
1 0.5051098958333333 0.6789851851851851 0.006053125 0.00797037037037037
