2 0.5 0.4606805555555556 1.0 0.9213611111111112
1 0.6313531250000001 0.8138861111111111 0.019997916666666667 0.03517962962962963
1 0.5137776041666666 0.8181277777777778 0.021305208333333332 0.008477777777777779
1 0.7743458333333333 0.716312962962963 0.018483333333333334 0.05299629629629629
1 0.7112338541666666 0.47354537037037037 0.005801041666666667 0.013757407407407407
1 0.7350041666666667 0.3013296296296296 0.011675 0.03599259259259259
1 0.95340703125 0.004029166666666666 0.007855729166666667 0.008058333333333332
1 0.18121692708333334 0.645375462962963 0.015558854166666667 0.04075092592592593
1 0.14260755208333334 0.43202361111111115 0.0091734375 0.02330648148148148
1 0.05362265625 0.2764509259259259 0.0072453125 0.03623518518518518
