2 0.5 0.5098273148148148 1.0 0.9807657407407409
1 0.34281953125 0.36329953703703705 0.025222395833333335 0.04511759259259259
1 0.3084263020833333 0.3434050925925926 0.03664427083333333 0.1127361111111111
1 0.4689799479166667 0.3122976851851852 0.011918229166666666 0.026447222222222223
1 0.2839611979166667 0.575486574074074 0.013755729166666668 0.02319537037037037
1 0.8326158854166666 0.6702518518518518 0.011065104166666668 0.02568888888888889
1 0.8722682291666667 0.8694023148148149 0.018494791666666666 0.02028611111111111
1 0.85020546875 0.8637032407407407 0.0129109375 0.019999074074074075
1 0.6162856770833333 0.7135800925925926 0.0096546875 0.02160462962962963
1 0.7938890625 0.14820324074074076 0.013819791666666666 0.031591666666666664
1 0.7364903645833334 0.12729351851851853 0.008397395833333333 0.01755
1 0.4699744791666667 0.07300092592592591 0.014948958333333335 0.018224074074074073
1 0.5146270833333333 0.5384287037037038 0.0125875 0.015746296296296296
1 0.52099765625 0.9096935185185185 0.005536979166666667 0.017535185185185185
1 0.21908776041666667 0.5548615740740741 0.013175520833333334 0.01898240740740741
1 0.04434427083333334 0.6567282407407407 0.010563541666666667 0.03382685185185185
1 0.09196744791666665 0.6295319444444445 0.005809895833333333 0.01832314814814815
1 0.030890104166666665 0.5943722222222222 0.004488541666666667 0.01467037037037037
1 0.0296859375 0.6915675925925926 0.005205208333333333 0.020172222222222223
1 0.1401140625 0.5795592592592592 0.006269791666666667 0.012822222222222223
1 0.13047526041666666 0.5546828703703703 0.016158854166666667 0.05381018518518519
1 0.50406953125 0.45279444444444444 0.012305729166666666 0.018551851851851854
1 0.16002031249999998 0.40274583333333336 0.012748958333333334 0.03141759259259259
1 0.8087916666666667 0.5740662037037036 0.006125 0.014799074074074074
1 0.9419625 0.6230143518518518 0.006841666666666666 0.02565833333333333
1 0.9144145833333333 0.43384675925925925 0.011120833333333333 0.01769351851851852
1 0.9548484375 0.33407916666666665 0.012821875 0.03667685185185185
1 0.7791953125000001 0.27878425925925926 0.007348958333333333 0.013124074074074074
