2 0.5 0.547450925925926 1.0 0.906012962962963
1 0.2070640625 0.27090277777777777 0.022461458333333333 0.02884259259259259
1 0.27288828125000003 0.17746898148148146 0.0145265625 0.041975
1 0.23450703125 0.2744986111111111 0.011722395833333335 0.023071296296296298
1 0.4912317708333333 0.716249537037037 0.033505208333333335 0.01768425925925926
1 0.3030572916666667 0.9327486111111112 0.009239583333333332 0.02660833333333333
1 0.019556770833333334 0.7623652777777778 0.005780208333333333 0.013619444444444444
1 0.0586296875 0.32622407407407406 0.0068427083333333335 0.01541111111111111
1 0.01494921875 0.5558666666666667 0.0111484375 0.0284
1 0.8345838541666667 0.6400291666666666 0.008751041666666666 0.02820648148148148
1 0.8843963541666666 0.6973453703703704 0.007334375000000001 0.016912962962962963
1 0.9277559895833334 0.6612842592592593 0.0044703125 0.0077537037037037045
1 0.8447192708333334 0.34332268518518516 0.006105208333333333 0.018126851851851852
1 0.75120078125 0.26980879629629634 0.0117765625 0.02665462962962963
1 0.84729921875 0.13323935185185187 0.005015104166666667 0.016478703703703704
1 0.21993671875 0.23032685185185184 0.011748437499999998 0.04769074074074074
2 0.9894294270833334 0.8912212962962963 0.021567187499999998 0.04170185185185185
1 0.9824106770833333 0.3779736111111111 0.0064880208333333335 0.02631759259259259
