2 0.5 0.4990296296296296 1.0 0.9980592592592592
1 0.31227838541666664 0.7248490740740741 0.0287234375 0.040438888888888885
1 0.2617171875 0.35473055555555555 0.03176770833333333 0.061312962962962965
1 0.5234049479166667 0.13743796296296296 0.0259765625 0.043394444444444444
1 0.42288125 0.3317375 0.016595833333333334 0.030141666666666664
1 0.3287364583333333 0.4783291666666667 0.019972916666666667 0.03073240740740741
1 0.49832005208333335 0.22976666666666667 0.011223437499999999 0.028051851851851852
1 0.5775661458333333 0.02505787037037037 0.020757291666666667 0.02048611111111111
1 0.5625716145833334 0.06661342592592592 0.012643229166666665 0.031375
1 0.44324765624999996 0.010849537037037036 0.009411979166666667 0.01984722222222222
1 0.43171458333333335 0.04250648148148148 0.0092625 0.014642592592592592
1 0.4211229166666667 0.08440138888888889 0.0120375 0.016950925925925925
1 0.4619815104166667 0.1476310185185185 0.013546354166666667 0.01748425925925926
1 0.5475880208333332 0.12150555555555556 0.010801041666666667 0.015233333333333335
1 0.5233614583333334 0.8165064814814815 0.027972916666666667 0.06264259259259258
1 0.3836231770833333 0.8379240740740741 0.014121354166666666 0.029551851851851853
1 0.4098619791666666 0.8301462962962963 0.010348958333333333 0.0177
1 0.528828125 0.8941685185185185 0.02015625 0.05315185185185185
1 0.41031510416666667 0.8718425925925927 0.009171875 0.010351851851851852
1 0.43373385416666665 0.9075930555555556 0.021634374999999997 0.03926018518518519
1 0.5020122395833334 0.9264564814814814 0.0092328125 0.015875925925925925
1 0.3286197916666667 0.4098305555555556 0.009322916666666665 0.014105555555555555
1 0.304734375 0.7575574074074074 0.017802083333333333 0.026225925925925927
1 0.38914479166666666 0.9010879629629629 0.02308125 0.03550925925925926
