2 0.49973958333333335 0.5287037037037037 0.9994791666666667 0.9407407407407408
1 0.20833333333333334 0.24953703703703703 0.04791666666666667 0.09907407407407408
1 0.01328125 0.4736111111111111 0.015104166666666667 0.032407407407407406
1 0.11276041666666667 0.8245370370370371 0.0078125 0.012037037037037037
1 0.6640625 0.5226851851851851 0.010416666666666666 0.021296296296296296
1 0.6786458333333333 0.5680555555555555 0.007291666666666667 0.025
1 0.8486979166666667 0.8125 0.0078125 0.017592592592592594
1 0.6700520833333333 0.4027777777777778 0.0067708333333333336 0.027777777777777776
1 0.6578125 0.27361111111111114 0.007291666666666667 0.010185185185185186
1 0.8020833333333334 0.5231481481481481 0.013541666666666667 0.018518518518518517
1 0.8544270833333333 0.3074074074074074 0.005729166666666666 0.05925925925925926
1 0.8708333333333333 0.3162037037037037 0.0125 0.03611111111111111
1 0.03854166666666667 0.8305555555555556 0.004166666666666667 0.012962962962962963
