2 0.5 0.4558490740740741 1.0 0.9116981481481482
1 0.39399088541666666 0.4374606481481481 0.0265234375 0.050847222222222224
1 0.66231484375 0.5159916666666666 0.038171354166666664 0.05976111111111111
1 0.7072361979166666 0.5569231481481481 0.0155140625 0.03606851851851852
1 0.7456192708333333 0.8608555555555556 0.01728020833333333 0.023562962962962963
1 0.3460361979166667 0.5185560185185185 0.012905729166666666 0.022297222222222222
1 0.2983588541666667 0.4747152777777778 0.030051041666666667 0.029060185185185185
1 0.18783828125 0.38324861111111114 0.015259895833333334 0.03501574074074074
1 0.9387554687499999 0.3203388888888889 0.023344270833333333 0.025862962962962963
1 0.09097395833333334 0.35687407407407407 0.018406250000000002 0.0656
1 0.28094479166666664 0.11512361111111111 0.030639583333333335 0.04135833333333334
1 0.36721328124999997 0.6643152777777778 0.014634895833333333 0.037889814814814814
1 0.14954166666666666 0.10976064814814815 0.008458333333333333 0.021373148148148148
1 0.0939890625 0.2111875 0.012978125 0.016819444444444442
1 0.15547864583333335 0.26529305555555555 0.006790625 0.013919444444444444
1 0.17194557291666665 0.3252773148148148 0.006391145833333334 0.01166574074074074
1 0.2500455729166667 0.44021435185185187 0.0073828125000000005 0.01746574074074074
1 0.08436875 0.44577962962962964 0.0051958333333333336 0.017485185185185187
1 0.5492481770833333 0.8340675925925926 0.005788020833333333 0.016283333333333334
1 0.6426356770833334 0.40510555555555555 0.010271354166666666 0.015766666666666665
