2 0.5 0.45082916666666667 1.0 0.9016583333333333
1 0.27960286458333333 0.739300925925926 0.010247395833333334 0.02675
1 0.11175130208333334 0.17364953703703706 0.0068359375 0.010262037037037037
1 0.4747375 0.27325324074074075 0.013016666666666668 0.029839814814814812
1 0.7621390625 0.1368162037037037 0.011778125 0.021780555555555556
1 0.6489682291666666 0.07778657407407408 0.013561458333333333 0.016684259259259256
1 0.6944098958333333 0.4263625 0.010694791666666667 0.013836111111111112
1 0.7807489583333334 0.4906893518518518 0.008372916666666667 0.014712037037037036
1 0.9862309895833333 0.4857384259259259 0.027670312500000002 0.010365740740740741
1 0.96435078125 0.5246837962962962 0.005784895833333333 0.03825648148148148
1 0.8484572916666667 0.6022884259259259 0.008372916666666667 0.013836111111111112
1 0.10778125 0.11804861111111112 0.0249375 0.08239351851851852
1 0.06348567708333333 0.27474907407407406 0.0071796875 0.02542407407407407
1 0.29249010416666665 0.28994120370370374 0.006855208333333334 0.018771296296296296
1 0.027651302083333332 0.8078842592592592 0.0042609375 0.013916666666666666
1 0.09490494791666666 0.672699074074074 0.005434895833333333 0.013916666666666666
