2 0.49973958333333335 0.5375 0.9994791666666667 0.9231481481481482
2 0.90546875 0.15046296296296297 0.03177083333333333 0.026851851851851852
1 0.016927083333333332 0.41203703703703703 0.0067708333333333336 0.027777777777777776
1 0.17291666666666666 0.36435185185185187 0.008333333333333333 0.021296296296296296
1 0.33697916666666666 0.23842592592592593 0.022916666666666665 0.03981481481481482
1 0.4354166666666667 0.17916666666666667 0.023958333333333335 0.03796296296296296
1 0.5234375 0.3162037037037037 0.014583333333333334 0.03611111111111111
1 0.5046875 0.2337962962962963 0.011458333333333333 0.03425925925925926
1 0.6955729166666667 0.45046296296296295 0.013020833333333334 0.026851851851851852
1 0.8184895833333333 0.4976851851851852 0.0109375 0.023148148148148147
1 0.8489583333333334 0.3638888888888889 0.013541666666666667 0.044444444444444446
1 0.7997395833333333 0.37546296296296294 0.013020833333333334 0.05092592592592592
1 0.8104166666666667 0.5254629629629629 0.00625 0.013888888888888888
1 0.6736979166666667 0.9212962962962963 0.016145833333333335 0.025925925925925925
1 0.6143229166666667 0.962037037037037 0.0203125 0.022222222222222223
1 0.63359375 0.9712962962962963 0.025520833333333333 0.04259259259259259
1 0.3736979166666667 0.8574074074074074 0.0171875 0.05
1 0.0640625 0.7490740740740741 0.008333333333333333 0.022222222222222223
1 0.18098958333333334 0.9453703703703704 0.016145833333333335 0.027777777777777776
1 0.53671875 0.3976851851851852 0.0078125 0.012037037037037037
1 0.5484375 0.42777777777777776 0.003125 0.027777777777777776
1 0.5658854166666667 0.49907407407407406 0.005729166666666666 0.018518518518518517
1 0.49973958333333335 0.2902777777777778 0.0046875 0.008333333333333333
1 0.740625 0.687037037037037 0.027083333333333334 0.018518518518518517
1 0.9799479166666667 0.34444444444444444 0.019270833333333334 0.06111111111111111
