2 0.9679416666666667 0.8241041666666666 0.03796666666666667 0.0722824074074074
2 0.5126174479166666 0.48352129629629625 0.9752348958333333 0.9670425925925925
1 0.4381333333333333 0.13287037037037036 0.012724999999999998 0.021296296296296296
1 0.31734427083333333 0.07717592592592593 0.020105208333333333 0.03953703703703704
1 0.255209375 0.2383486111111111 0.0062520833333333335 0.01928981481481481
1 0.23824166666666666 0.2662791666666667 0.008775 0.0029287037037037033
1 0.39382786458333335 0.08169166666666668 0.018905729166666666 0.026346296296296298
1 0.39658203125 0.08389768518518519 0.0119140625 0.019647222222222222
1 0.40049531250000003 0.02382314814814815 0.008282291666666667 0.02542407407407407
1 0.42198046875 0.01701527777777778 0.023127604166666666 0.02662314814814815
1 0.5036901041666667 0.058390740740740736 0.017796875 0.03344814814814815
1 0.5351223958333333 0.14355555555555555 0.016078125000000002 0.026
1 0.5719096354166666 0.1890148148148148 0.012569270833333333 0.028029629629629627
1 0.55611796875 0.17207453703703704 0.011194270833333332 0.03488981481481481
1 0.55945 0.2919787037037037 0.008483333333333334 0.01543888888888889
1 0.613659375 0.16343101851851852 0.006485416666666666 0.039825
1 0.45253802083333333 0.3500069444444444 0.017576041666666667 0.02964351851851852
1 0.37096250000000003 0.3423083333333333 0.03463333333333333 0.05498703703703704
1 0.3773247395833333 0.34423425925925927 0.020274479166666668 0.04032037037037037
1 0.45025651041666664 0.2320087962962963 0.008846354166666666 0.017721296296296294
1 0.4719072916666667 0.43131712962962965 0.024022916666666668 0.016337962962962964
1 0.41231562499999996 0.563637962962963 0.007964583333333334 0.016164814814814812
1 0.2612231770833333 0.6250615740740741 0.008904687500000001 0.02234537037037037
1 0.23032447916666668 0.5785546296296296 0.01585729166666667 0.03859074074074074
1 0.32789609375 0.565200462962963 0.019333854166666668 0.04336388888888889
1 0.3342190104166667 0.3723310185185185 0.010104687499999999 0.01873611111111111
1 0.426284375 0.637212037037037 0.016110416666666665 0.035535185185185184
1 0.42915781249999996 0.6447402777777778 0.011440625000000001 0.011702777777777777
1 0.5769796875 0.7200504629629629 0.013334375 0.04936018518518518
1 0.5801609375000001 0.7635064814814815 0.019696875 0.021457407407407408
1 0.5613911458333334 0.7932134259259259 0.011323958333333333 0.01420462962962963
1 0.56489296875 0.34601574074074076 0.009994270833333334 0.01055
1 0.30544218749999996 0.6325578703703704 0.008801041666666667 0.01511574074074074
1 0.3202760416666666 0.6308643518518519 0.0072187499999999995 0.008025
1 0.6853880208333333 0.8063268518518518 0.016609375 0.03857962962962962
1 0.6357580729166667 0.3222467592592593 0.012141145833333334 0.0296787037037037
1 0.8248283854166666 0.5907962962962963 0.007990104166666666 0.022333333333333334
1 0.4325609375 0.465212962962963 0.014080208333333333 0.02487037037037037
1 0.6390703125 0.11700833333333334 0.014598958333333334 0.03031296296296296
1 0.9888197916666667 0.38839259259259257 0.007847916666666666 0.017525925925925927
1 0.9586015625000001 0.755237962962963 0.007828125 0.017883333333333334
1 0.6876638020833333 0.5372611111111111 0.009702604166666667 0.01896666666666667
1 0.9117226562499999 0.4978041666666667 0.004695312500000001 0.010423148148148148
1 0.9425979166666667 0.43911666666666666 0.004987500000000001 0.007862962962962964
1 0.8155351562500001 0.6409351851851852 0.006070312499999999 0.013351851851851853
1 0.5100596354166667 0.6069111111111112 0.004494270833333333 0.017525925925925927
