2 0.5038572916666666 0.4525962962962963 0.9920895833333333 0.9051925925925925
1 0.2094921875 0.6605430555555555 0.011692708333333333 0.022937962962962962
1 0.14200520833333333 0.7136157407407407 0.020468749999999997 0.008712962962962962
1 0.19471901041666667 0.42010462962962963 0.0279796875 0.04946851851851852
1 0.24456927083333332 0.48099861111111114 0.012055208333333334 0.030515740740740743
1 0.39477213541666667 0.054966203703703705 0.019752604166666667 0.05067314814814815
1 0.3457388020833333 0.16641435185185185 0.017519270833333333 0.05134722222222222
1 0.25773723958333333 0.18368703703703704 0.0144328125 0.019225925925925924
1 0.38233359375000003 0.7613907407407408 0.014667187500000001 0.03574444444444445
1 0.5642419270833333 0.5626101851851852 0.025358854166666667 0.058553703703703705
1 0.8173169270833333 0.6874013888888889 0.028383854166666667 0.08776574074074074
1 0.6429424479166667 0.7020518518518518 0.03171822916666667 0.044844444444444444
1 0.6033760416666667 0.6638481481481482 0.015085416666666665 0.012881481481481482
1 0.5129296875 0.4891921296296296 0.02169270833333333 0.048754629629629634
1 0.7309869791666667 0.5470675925925925 0.011973958333333333 0.033024074074074074
1 0.62076171875 0.44244675925925925 0.010273437500000001 0.031189814814814816
1 0.7676666666666667 0.3530875 0.017625000000000002 0.04136018518518518
1 0.7160268229166667 0.35325833333333334 0.010178645833333333 0.021331481481481483
1 0.6764856770833333 0.3010138888888889 0.016513020833333333 0.03350925925925926
1 0.6680502604166667 0.3614777777777778 0.013183854166666667 0.021103703703703704
1 0.5808291666666666 0.29428518518518515 0.005408333333333334 0.04412592592592592
1 0.5614127604166667 0.2415152777777778 0.009283854166666666 0.014512037037037037
1 0.6168536458333332 0.2822722222222222 0.006623958333333333 0.027507407407407408
1 0.6282578125 0.08861898148148148 0.012765625000000001 0.025386111111111113
1 0.58226796875 0.09758888888888889 0.0114109375 0.021103703703703704
1 0.8445505208333334 0.14547361111111112 0.010976041666666667 0.018725
1 0.6365578125 0.4552439814814815 0.009573958333333334 0.010487962962962963
