2 0.5 0.5282226851851852 1.0 0.9434824074074074
1 0.33927968750000004 0.20354027777777778 0.029601041666666668 0.02189537037037037
1 0.27811458333333333 0.1876351851851852 0.016645833333333335 0.027122222222222225
1 0.4900934895833334 0.27556620370370366 0.021853645833333334 0.02520648148148148
1 0.51711328125 0.3977546296296296 0.018601562500000002 0.04365740740740741
1 0.30030807291666667 0.5804953703703704 0.030824479166666665 0.04802777777777777
1 0.2739020833333334 0.6744481481481481 0.0405125 0.07482222222222223
1 0.31406197916666667 0.300525 0.006248958333333333 0.03253148148148148
1 0.36817994791666664 0.6308949074074074 0.04781822916666667 0.03030833333333333
1 0.5484223958333333 0.6399824074074074 0.018719791666666666 0.029964814814814816
1 0.30830989583333335 0.5189800925925926 0.010369791666666666 0.019441666666666666
1 0.6283434895833333 0.5671925925925926 0.0118953125 0.01957037037037037
1 0.29264843749999997 0.7482680555555555 0.009255208333333332 0.01505462962962963
1 0.34545807291666664 0.8617717592592592 0.0169578125 0.055025
1 0.16061302083333334 0.8713185185185185 0.006642708333333333 0.02411851851851852
1 0.5875583333333334 0.8180625 0.009491666666666667 0.013902777777777778
1 0.6726557291666667 0.6972689814814815 0.005728125 0.02046388888888889
1 0.4952708333333333 0.4866375 0.00825 0.017719444444444444
1 0.5685661458333333 0.16898657407407408 0.010048958333333333 0.039825
1 0.5866799479166667 0.15360277777777778 0.03169322916666666 0.04979814814814815
1 0.7132528645833334 0.19729305555555557 0.0129640625 0.02421574074074074
1 0.7953059895833333 0.4335888888888889 0.024986979166666666 0.04125185185185185
1 0.7273791666666667 0.6087296296296296 0.014133333333333333 0.02486666666666667
1 0.9179901041666666 0.693175462962963 0.018271875 0.1252398148148148
1 0.8351604166666667 0.6790847222222223 0.0057375 0.011873148148148148
1 0.8350716145833333 0.6003935185185185 0.0191015625 0.06375
1 0.8435205729166667 0.4560092592592593 0.0099578125 0.013870370370370371
1 0.7600781249999999 0.27699537037037036 0.01078125 0.026212962962962962
1 0.9391119791666667 0.38425787037037035 0.005307291666666667 0.018515740740740742
1 0.9532015625 0.9309925925925926 0.008486458333333334 0.021244444444444444
1 0.92604140625 0.8453773148148148 0.004166145833333333 0.012976851851851852
1 0.9883263020833333 0.7203689814814815 0.004777604166666667 0.016663888888888888
1 0.9588583333333334 0.6920722222222222 0.004175 0.008218518518518517
1 0.9881020833333333 0.9411458333333333 0.007454166666666666 0.019328703703703702
1 0.7315507812500001 0.9222374999999999 0.005809895833333333 0.012993518518518519
1 0.7179268229166667 0.5571134259259259 0.012936979166666666 0.012375
1 0.5812859375 0.5212875 0.005280208333333333 0.009241666666666667
1 0.25632369791666665 0.5977490740740741 0.006397395833333333 0.034387037037037035
1 0.3617359375 0.7254037037037038 0.012013541666666665 0.03599259259259259
1 0.45445364583333336 0.8491537037037037 0.008907291666666668 0.013122222222222223
1 0.4659026041666667 0.8100064814814815 0.012013541666666665 0.012605555555555556
1 0.39444375 0.9571287037037037 0.014929166666666667 0.019812962962962963
1 0.40494765625 0.7245689814814814 0.0046869791666666666 0.006545370370370371
1 0.43126796875 0.6916662037037037 0.004202604166666667 0.005554629629629629
1 0.3948140625 0.8476847222222222 0.0042114583333333335 0.0046287037037037035
1 0.36434973958333333 0.8448824074074074 0.0057828125 0.008283333333333334
1 0.46588489583333337 0.6582680555555556 0.007811458333333333 0.009128703703703703
1 0.4312723958333333 0.6481472222222222 0.0031697916666666667 0.009257407407407407
1 0.34463567708333337 0.5265384259259259 0.019479687500000002 0.0549287037037037
1 0.5198260416666667 0.25488935185185185 0.026110416666666667 0.01718611111111111
1 0.7700645833333333 0.4195162037037037 0.0140875 0.014958333333333334
1 0.7356671875 0.3565365740740741 0.011959375 0.02233240740740741
