2 0.5 0.526313 1 0.947374
1 0.80161 0.47068 0.0294282 0.0519724
1 0.595169 0.948762 0.0295313 0.0214745
1 0.488137 0.765249 0.019125 0.0337622
1 0.909217 0.328644 0.0118107 0.0215632
1 0.740703 0.247685 0.0173113 0.019963
1 0.788734 0.0877334 0.0231143 0.022522
1 0.430853 0.799989 0.00939941 0.0184311
1 0.821121 0.630691 0.00873297 0.0223287
1 0.816372 0.135781 0.0100392 0.0148417
1 0.640151 0.390024 0.0145899 0.0134627
1 0.84946 0.801183 0.0211449 0.0165393
1 0.472504 0.837076 0.0123256 0.0203025
1 0.0861803 0.388082 0.00850537 0.0262586
1 0.196213 0.695111 0.0247976 0.0538362
1 0.165675 0.932366 0.0175044 0.058079
1 0.460271 0.124305 0.00868025 0.0335802
1 0.423617 0.955836 0.0177103 0.0277215
1 0.208465 0.805708 0.0142155 0.0346944
1 0.687081 0.701694 0.0093317 0.0134703
1 0.0112649 0.642716 0.0098761 0.029038
1 0.438437 0.262772 0.0279009 0.0408034
1 0.164997 0.797518 0.0150256 0.0635027
