2 0.503167 0.548317 0.993666 0.903366
1 0.428649 0.905845 0.0124325 0.0321927
1 0.539537 0.59874 0.0214088 0.0501733
1 0.338313 0.726333 0.0263228 0.0406345
1 0.552832 0.645384 0.0275278 0.0343827
1 0.961843 0.568431 0.011006 0.0256017
1 0.907961 0.565244 0.0180035 0.0452074
1 0.466117 0.765536 0.00998535 0.0250027
1 0.848181 0.484089 0.0116713 0.0213366
1 0.335045 0.847288 0.0241485 0.0340527
1 0.377237 0.92228 0.0101186 0.0248427
1 0.45269 0.735968 0.00908241 0.0246038
1 0.422714 0.778616 0.0104485 0.0114982
1 0.350732 0.958092 0.0129714 0.0309014
1 0.995992 0.675289 0.00786171 0.0321996
