2 0.5 0.523148 1 0.953704
1 0.198572 0.8317 0.0268715 0.0874498
1 0.746366 0.342535 0.0130198 0.0335592
1 0.746437 0.788161 0.0205962 0.0337908
1 0.16429 0.381599 0.0153934 0.0225276
1 0.894549 0.285306 0.0118044 0.0158135
1 0.183788 0.0807497 0.0116685 0.0282842
1 0.629391 0.334868 0.0168773 0.0162733
1 0.606599 0.30291 0.01212 0.0216255
1 0.601261 0.856856 0.014201 0.0214135
1 0.792887 0.335407 0.0101696 0.0461021
1 0.3454 0.331953 0.00784369 0.0173141
1 0.492554 0.0774103 0.0208797 0.0114151
1 0.815961 0.556901 0.0199621 0.0632095
1 0.296038 0.894806 0.0108704 0.0422541
1 0.0816942 0.935659 0.00675662 0.018752
1 0.56522 0.894572 0.0119511 0.0190874
1 0.408511 0.306568 0.00666418 0.0503269
1 0.443076 0.802454 0.0143998 0.0355621
1 0.922533 0.311366 0.00833397 0.0250673
1 0.895048 0.354246 0.00631676 0.00971603
1 0.882591 0.384501 0.0103355 0.0167566
1 0.00386172 0.433632 0.00753957 0.0306685
1 0.40244 0.17722 0.022315 0.0282544
