2 0.512337 0.52021 0.975326 0.959581
1 0.317536 0.931155 0.0329731 0.0647043
1 0.406202 0.923834 0.0160173 0.0322225
1 0.769498 0.362678 0.0129108 0.0359741
1 0.837188 0.709517 0.0183918 0.023524
1 0.395032 0.624454 0.00818558 0.0175232
1 0.493437 0.887397 0.010646 0.0223328
1 0.946595 0.246259 0.0119076 0.0239799
1 0.970652 0.485572 0.0116428 0.0338638
1 0.886865 0.754659 0.0138851 0.0310296
1 0.438609 0.498298 0.0130338 0.0307025
1 0.279427 0.122818 0.0100803 0.0293092
1 0.516513 0.918094 0.0145834 0.0276059
1 0.733303 0.174503 0.0117576 0.0285249
1 0.919353 0.736942 0.00680084 0.0113139
1 0.503754 0.857305 0.00684242 0.0214539
1 0.831661 0.987427 0.0100624 0.0232052
1 0.516668 0.729876 0.0139313 0.0109107
1 0.56873 0.711165 0.00910543 0.0175781
1 0.423446 0.966223 0.0134414 0.0455081
1 0.402428 0.338806 0.0284177 0.0335798
1 0.427735 0.711519 0.0159679 0.0482349
1 0.381375 0.577879 0.00459461 0.012806
1 0.458422 0.934275 0.0533323 0.12797
1 0.424288 0.972134 0.0149847 0.0412873
1 0.406798 0.338257 0.0208191 0.0328559
