2 0.50167 0.520263 0.99666 0.959474
1 0.817395 0.562317 0.0223816 0.0283183
1 0.239089 0.797307 0.0235545 0.0380714
1 0.485338 0.463091 0.0259699 0.0604523
1 0.905841 0.385943 0.0135553 0.0448631
1 0.22037 0.540014 0.0149615 0.0474235
1 0.915478 0.294758 0.0195841 0.0319097
1 0.89616 0.504487 0.00989666 0.0217341
1 0.757442 0.796078 0.0153284 0.069989
1 0.294729 0.752162 0.0163446 0.0808926
1 0.418757 0.640477 0.011454 0.0161709
1 0.605132 0.746407 0.0322117 0.0246409
1 0.204276 0.272596 0.00839024 0.0234123
1 0.784939 0.838625 0.00889378 0.0142225
