2 0.5 0.5 1 1
1 0.592118 0.708423 0.037965 0.0623827
1 0.635652 0.928438 0.0252157 0.0518468
1 0.555761 0.390891 0.0181068 0.029843
1 0.142495 0.732108 0.0181441 0.0304657
1 0.407125 0.0931553 0.0128931 0.0369248
1 0.432967 0.704944 0.0141761 0.0336231
1 0.586388 0.270981 0.0210461 0.0419207
1 0.6216 0.292407 0.0194656 0.026206
1 0.316423 0.851544 0.00939341 0.023371
1 0.969175 0.514919 0.0142548 0.0200223
1 0.0394122 0.124753 0.00832992 0.0205502
1 0.328985 0.654985 0.0169584 0.027616
1 0.642584 0.857927 0.0179813 0.0310818
1 0.816727 0.56757 0.0106869 0.0259198
1 0.805663 0.897213 0.0263395 0.0401082
1 0.287412 0.752878 0.00995626 0.0206323
1 0.435356 0.577853 0.0278816 0.0480289
1 0.64459 0.792178 0.0149405 0.0243802
1 0.974303 0.578733 0.0305525 0.0762751
1 0.578562 0.466602 0.0359238 0.0355612
1 0.80614 0.862079 0.0229221 0.0370032
1 0.0912489 0.903924 0.0212477 0.0361033
1 0.00710789 0.845584 0.0122284 0.0171533
1 0.839461 0.872044 0.0190704 0.0380575
1 0.39911 0.950935 0.0201644 0.029622
1 0.0799834 0.961973 0.0142643 0.0234934
1 0.102467 0.659784 0.0100147 0.0310138
1 0.629468 0.880201 0.0132155 0.0251177
1 0.0672056 0.208549 0.0156725 0.0390211
1 0.339842 0.914883 0.0194199 0.0305233
1 0.269062 0.461315 0.0071348 0.0191447
1 0.599369 0.227943 0.0152773 0.0347552
1 0.602406 0.304102 0.0125662 0.028058
1 0.388447 0.609328 0.0134315 0.0235579
1 0.730207 0.971048 0.0109886 0.0249152
1 0.669153 0.0708377 0.0199179 0.0546518
1 0.687329 0.0757629 0.0143215 0.03693
1 0.701454 0.976661 0.0186639 0.027833
1 0.174343 0.866495 0.0315687 0.125903
1 0.168532 0.805426 0.0154299 0.0206718
1 0.136586 0.651457 0.0130975 0.03643
1 0.421857 0.431714 0.0107002 0.0268311
1 0.48054 0.951282 0.0200647 0.0221144
1 0.662225 0.387162 0.00756486 0.0194862
1 0.103075 0.655691 0.0121982 0.0396589
1 0.742284 0.96002 0.0100666 0.0149966
1 0.723428 0.892083 0.0129051 0.0213742
1 0.805332 0.873459 0.0256367 0.0623579
1 0.740391 0.893896 0.0104708 0.0123291
1 0.680293 0.958453 0.0118475 0.0178514
1 0.989061 0.797166 0.0209965 0.0958961
1 0.141019 0.491142 0.0157306 0.0758149
1 0.825735 0.754689 0.0126637 0.0159592
1 0.672286 0.123812 0.0127375 0.0266438
1 0.0659247 0.979607 0.0131457 0.0290371
1 0.382197 0.797241 0.0153506 0.0300056
1 0.365074 0.880328 0.0217759 0.0259501
1 0.116533 0.803056 0.0123825 0.0114343
1 0.696604 0.82271 0.0100409 0.0135891
1 0.637707 0.867023 0.0289457 0.0510773
1 0.735747 0.967913 0.022716 0.03078
