2 0.5 0.527145 1 0.94571
1 0.246223 0.168029 0.035853 0.0604472
1 0.349915 0.532449 0.0208994 0.0381158
1 0.283827 0.610986 0.0372202 0.0760661
1 0.237425 0.295187 0.0200492 0.0340842
1 0.155529 0.851881 0.0312334 0.0844398
1 0.383438 0.679703 0.0311357 0.0454724
1 0.980028 0.442738 0.00886803 0.0215447
1 0.711781 0.904112 0.0239614 0.0409865
1 0.747572 0.187486 0.011311 0.0468107
1 0.927865 0.933391 0.0122967 0.0233809
1 0.317637 0.897093 0.0105045 0.0208557
1 0.0159208 0.623091 0.0103078 0.039388
1 0.427143 0.476269 0.0160622 0.0209057
1 0.277956 0.241987 0.00774666 0.0155784
1 0.661232 0.873298 0.0180534 0.0408339
1 0.843903 0.67922 0.00922451 0.0252782
1 0.872381 0.810877 0.00929356 0.033372
1 0.648432 0.157755 0.0164148 0.0464297
1 0.167435 0.18278 0.00793942 0.0112173
1 0.331222 0.637289 0.00953484 0.0341575
1 0.434526 0.436098 0.00783749 0.0173245
1 0.83222 0.546347 0.0133644 0.049291
1 0.452211 0.45245 0.0100716 0.0173577
1 0.664532 0.952621 0.0218256 0.0231622
1 0.293169 0.15164 0.00724719 0.0109776
1 0.83042 0.44751 0.0146547 0.0461531
