2 0.499826 0.549096 0.999652 0.900779
1 0.954123 0.808722 0.011499 0.0344981
1 0.708715 0.346043 0.013564 0.024982
1 0.496746 0.46375 0.0103476 0.0214363
1 0.813528 0.740241 0.00686131 0.0123654
1 0.435524 0.794792 0.0197981 0.0289268
1 0.110478 0.317951 0.0120335 0.0216669
1 0.186449 0.385395 0.00802808 0.0290646
1 0.752762 0.39927 0.00867494 0.0216805
1 0.819714 0.361804 0.0134016 0.0352289
1 0.012455 0.7942 0.0112649 0.0380154
1 0.892155 0.351584 0.00568676 0.0161864
1 0.767496 0.314596 0.0135082 0.0136853
1 0.717499 0.316678 0.00924225 0.019964
1 0.891756 0.667821 0.00550327 0.0193778
1 0.532852 0.52412 0.00722739 0.0218145
