2 0.499524 0.529743 0.999048 0.940515
1 0.804542 0.644425 0.0230198 0.0369951
1 0.378576 0.167351 0.014816 0.0262962
1 0.513874 0.786129 0.0223154 0.0563794
1 0.293355 0.45952 0.0106509 0.0197457
1 0.831575 0.520453 0.0126724 0.023797
1 0.240621 0.847679 0.0175805 0.0337043
1 0.637999 0.867893 0.0170588 0.0285582
1 0.912439 0.964242 0.0105879 0.0180288
1 0.371742 0.382603 0.00747232 0.0177038
1 0.311141 0.383338 0.0110468 0.0213318
1 0.93127 0.628057 0.0103134 0.0200724
1 0.353361 0.140467 0.00737123 0.0297849
1 0.0919752 0.46007 0.0069335 0.0212129
1 0.731386 0.716572 0.035586 0.0722555
1 0.732319 0.729275 0.0345193 0.0476886
