2 0.499972 0.527392 0.999945 0.945216
1 0.841067 0.606471 0.0208527 0.0373717
1 0.792294 0.718427 0.0149487 0.0475335
1 0.765098 0.517158 0.0154646 0.0484967
1 0.831447 0.704994 0.017049 0.0231125
1 0.467316 0.951996 0.0215174 0.0205074
1 0.0557863 0.257988 0.0208658 0.0618144
1 0.260315 0.379083 0.020893 0.0395765
1 0.0878991 0.835265 0.011688 0.0199337
1 0.130502 0.90368 0.0141617 0.0235518
1 0.658378 0.87461 0.0264 0.0627428
1 0.0549377 0.599673 0.0104722 0.0233341
1 0.863402 0.350128 0.00619545 0.0218199
1 0.864602 0.922442 0.0124519 0.0265333
1 0.0318913 0.530456 0.0166995 0.0412359
1 0.682607 0.868527 0.0218889 0.0278904
1 0.918605 0.277515 0.00803432 0.0271729
1 0.238192 0.0829166 0.0154091 0.0269145
1 0.172552 0.728552 0.0138825 0.0315959
1 0.146151 0.109756 0.00889417 0.0116278
1 0.0309438 0.523926 0.0139201 0.0280545
1 0.381189 0.0667222 0.00676435 0.0161275
1 0.870531 0.307934 0.0143303 0.0199937
1 0.786586 0.185196 0.0188492 0.029351
1 0.62561 0.461244 0.0120529 0.0225996
1 0.10656 0.427089 0.00769463 0.0235101
1 0.0289444 0.594137 0.00868266 0.0262719
1 0.857228 0.555744 0.00414085 0.008864
1 0.654918 0.238539 0.0135597 0.0193457
