2 0.499616 0.522703 0.999232 0.954594
1 0.81429 0.901523 0.0231314 0.0511283
1 0.131029 0.372153 0.0170392 0.0467373
1 0.608437 0.4095 0.0203629 0.0298818
1 0.381189 0.932643 0.0118062 0.0239488
1 0.0363058 0.2834 0.0177738 0.0457652
1 0.692897 0.632858 0.0266593 0.0638965
1 0.742499 0.955752 0.0332598 0.032156
1 0.109068 0.597155 0.0227696 0.0459403
1 0.457205 0.510349 0.0133102 0.0219057
1 0.726857 0.739058 0.0117968 0.0268648
1 0.791816 0.819914 0.00916239 0.0154433
1 0.730363 0.82216 0.00971222 0.0287421
1 0.290198 0.773196 0.0154671 0.0272556
1 0.0337317 0.200059 0.00839857 0.0238771
1 0.464353 0.179891 0.01521 0.0343873
1 0.0695591 0.709132 0.00691581 0.012206
1 0.808623 0.781939 0.0243664 0.037149
1 0.0401508 0.426825 0.0177246 0.0333087
1 0.211111 0.925218 0.0104411 0.0166233
