2 0.499503 0.549204 0.999006 0.901592
1 0.687598 0.37296 0.0539536 0.1034
1 0.794192 0.687523 0.0127013 0.0271567
1 0.888203 0.539925 0.0187527 0.0273477
1 0.447201 0.153242 0.0175002 0.0424088
1 0.8988 0.488535 0.0154961 0.0276228
1 0.862691 0.582738 0.015831 0.029149
1 0.641272 0.784508 0.0319044 0.0299845
1 0.152006 0.918633 0.0217015 0.0255619
1 0.505551 0.979039 0.0177188 0.0273431
1 0.622457 0.670381 0.0173754 0.0597497
1 0.782334 0.504596 0.0105684 0.0175032
1 0.956141 0.8289 0.0156172 0.0610304
1 0.810809 0.739816 0.00790138 0.0147736
1 0.835833 0.337825 0.0126732 0.0379467
1 0.6532 0.305967 0.014678 0.025775
1 0.221216 0.217147 0.0120383 0.0146953
1 0.937373 0.371705 0.00829582 0.0438322
1 0.719917 0.423116 0.00928307 0.0322671
1 0.252071 0.359971 0.0154556 0.0236113
