2 0.499701 0.535389 0.999402 0.929221
1 0.830561 0.654802 0.0481083 0.0816137
1 0.119743 0.511113 0.0141156 0.0264513
1 0.726 0.52878 0.0191206 0.0268005
1 0.840775 0.50681 0.0146595 0.0345448
1 0.892427 0.696549 0.0169579 0.0283868
1 0.0699371 0.848253 0.0125759 0.030368
1 0.864168 0.771132 0.0138584 0.0331282
1 0.902685 0.981996 0.0178108 0.0328779
1 0.0321715 0.201571 0.0124207 0.0164203
1 0.0758977 0.522371 0.0125681 0.0298998
1 0.140123 0.30113 0.00606128 0.0161666
1 0.389408 0.596448 0.0261871 0.0151318
1 0.958029 0.89977 0.011396 0.0797148
1 0.22684 0.558132 0.0103983 0.019674
