2 0.5 0.52677 1 0.946461
1 0.722721 0.672857 0.0170698 0.0351681
1 0.868117 0.455614 0.0124258 0.0333631
1 0.809672 0.621585 0.0273518 0.0524064
1 0.118435 0.940695 0.0100803 0.0182458
1 0.0821303 0.276565 0.0146911 0.0437894
1 0.129732 0.425966 0.0122334 0.0300383
1 0.691742 0.216971 0.013571 0.0243387
1 0.831215 0.363565 0.0104095 0.0438719
1 0.134725 0.931786 0.010701 0.0150601
1 0.189153 0.512465 0.00940433 0.0594589
1 0.81494 0.416373 0.0088747 0.0174149
1 0.9354 0.932525 0.0085598 0.0306568
1 0.0350026 0.771282 0.00878316 0.0242198
1 0.836712 0.367564 0.022126 0.0533236
1 0.879811 0.545646 0.0107079 0.0217111
1 0.841069 0.370507 0.0295654 0.054883
1 0.841389 0.38241 0.0231319 0.0305578
1 0.658577 0.710665 0.00821438 0.0126621
1 0.164218 0.978655 0.0118394 0.0304894
