2 0.5 0.5 1 1
1 0.326336 0.0474864 0.0166214 0.0462971
1 0.829126 0.836206 0.0318699 0.057411
1 0.623245 0.563913 0.0142015 0.0292901
1 0.678018 0.0193836 0.0298925 0.035179
1 0.519486 0.584299 0.0112446 0.0375632
1 0.229442 0.517759 0.0121646 0.0301139
1 0.204711 0.297637 0.0128342 0.0383184
1 0.268536 0.22953 0.0107913 0.024712
1 0.425845 0.65095 0.0136277 0.043437
1 0.469243 0.391034 0.0201082 0.0622893
1 0.435372 0.90853 0.0155193 0.0296221
1 0.722578 0.248356 0.0174839 0.0328305
1 0.0361804 0.157149 0.0156516 0.0353912
1 0.635139 0.160051 0.0137232 0.036626
1 0.680014 0.897286 0.016684 0.0264377
1 0.758984 0.303247 0.0149361 0.0255104
1 0.1822 0.0473381 0.0139404 0.0456454
1 0.583186 0.0731464 0.0149002 0.0258514
1 0.33711 0.689005 0.0135267 0.0292453
1 0.169787 0.417598 0.00969443 0.0222558
1 0.0874601 0.237912 0.0121402 0.0439362
1 0.515336 0.950334 0.0173842 0.0226152
1 0.283813 0.054001 0.0162711 0.0254289
1 0.284852 0.152169 0.0238298 0.0417095
1 0.543601 0.0467687 0.00883713 0.016177
1 0.183078 0.6701 0.0150219 0.0327542
1 0.284723 0.0203586 0.0221591 0.0327056
1 0.358492 0.761795 0.023387 0.0422755
1 0.142204 0.881971 0.0107968 0.0322469
1 0.577236 0.245077 0.0316157 0.0453284
1 0.283967 0.142926 0.0214493 0.02647
1 0.602181 0.193604 0.0154556 0.0458076
1 0.381945 0.0514621 0.0196444 0.0346373
1 0.260869 0.678585 0.0106417 0.0289156
1 0.0844205 0.340914 0.0139789 0.0211371
1 0.080951 0.0846117 0.0242414 0.039485
1 0.989557 0.79707 0.0208855 0.100451
1 0.103496 0.764234 0.0190488 0.0327759
1 0.165574 0.981439 0.0149981 0.0224398
1 0.296567 0.78443 0.0141476 0.0153971
1 0.211806 0.777209 0.0111273 0.0294713
1 0.0177311 0.971368 0.00993779 0.0212296
1 0.854035 0.782636 0.0200836 0.0350845
1 0.858356 0.643063 0.015593 0.0198251
1 0.249756 0.292301 0.013835 0.0158542
1 0.251756 0.752263 0.0116069 0.0174133
1 0.107237 0.819716 0.00858226 0.0336784
1 0.59573 0.303381 0.0272483 0.0575114
1 0.446462 0.204076 0.00983295 0.0146075
1 0.44497 0.473027 0.00723429 0.0215454
1 0.360497 0.779509 0.0286394 0.0818999
