2 0.512818 0.520111 0.974365 0.959778
1 0.507096 0.271454 0.0206247 0.0389988
1 0.282772 0.885471 0.0160339 0.0333079
1 0.235088 0.513147 0.0120341 0.0267614
1 0.340255 0.253687 0.0126572 0.0223404
1 0.816821 0.757607 0.0127598 0.0239963
1 0.308158 0.239227 0.0104138 0.0207473
1 0.908179 0.636747 0.00970459 0.0227712
2 0.920919 0.303865 0.156039 0.102252
1 0.328466 0.908846 0.0259809 0.0268165
1 0.491408 0.233173 0.0190607 0.0305735
1 0.257505 0.968235 0.0510605 0.0632595
1 0.767046 0.954441 0.0136766 0.0224844
1 0.184566 0.372992 0.0111729 0.0224714
1 0.197716 0.622915 0.00913639 0.0231016
1 0.355707 0.267366 0.00635643 0.022575
1 0.316679 0.116555 0.0115617 0.026793
1 0.719875 0.686113 0.00925903 0.0161306
1 0.352255 0.507369 0.0123415 0.0235243
1 0.286712 0.376565 0.0290057 0.0336587
1 0.389637 0.805348 0.0257095 0.0251292
1 0.564547 0.163567 0.00665283 0.0138364
1 0.385653 0.91905 0.00928326 0.0249217
1 0.366257 0.548316 0.0158274 0.0227225
1 0.373742 0.332303 0.0114262 0.0270271
1 0.241265 0.565034 0.0111361 0.0249489
1 0.40901 0.191731 0.006884 0.0229899
