2 0.499477 0.535518 0.998954 0.928963
1 0.47946 0.835346 0.0140924 0.022132
1 0.336686 0.930437 0.0202472 0.0414824
1 0.147716 0.91458 0.0264498 0.0471717
1 0.66524 0.249041 0.020248 0.03677
1 0.18977 0.136224 0.0137418 0.0313591
1 0.726647 0.622078 0.0183542 0.0218836
1 0.24475 0.679249 0.0326089 0.035966
1 0.233523 0.84589 0.0165532 0.0351878
1 0.643256 0.134066 0.00984713 0.0165643
1 0.846422 0.951783 0.0441914 0.0842834
1 0.744763 0.577938 0.00881666 0.0204386
1 0.754123 0.650198 0.0074543 0.0208769
1 0.210212 0.575804 0.018992 0.0248501
1 0.160016 0.842763 0.0173561 0.0309577
1 0.703455 0.724431 0.0218248 0.0532596
1 0.856269 0.350376 0.020817 0.0337884
1 0.705924 0.709237 0.0149343 0.0236983
1 0.980166 0.862869 0.0089941 0.0279327
1 0.196067 0.930354 0.0191651 0.0316976
1 0.837024 0.697768 0.00713348 0.0171397
1 0.0660966 0.487227 0.00625096 0.028212
1 0.733197 0.350678 0.00714703 0.0185575
1 0.325798 0.992394 0.0135268 0.0152123
1 0.663707 0.233751 0.0231493 0.0653998
1 0.243154 0.471779 0.0103527 0.0338313
1 0.252848 0.782365 0.00792894 0.0261734
1 0.768022 0.830952 0.00905323 0.0280158
1 0.0223158 0.328 0.00833098 0.0284938
1 0.259874 0.141235 0.0136493 0.0366294
1 0.127218 0.847003 0.0117268 0.0258043
1 0.4829 0.0942957 0.0132215 0.0172593
