2 0.499999 0.535164 0.999999 0.929672
1 0.93604 0.709305 0.0236185 0.0604862
1 0.89884 0.431831 0.0176357 0.0462324
1 0.354464 0.129028 0.0205832 0.032679
1 0.308625 0.94715 0.0188854 0.0439609
1 0.533867 0.273599 0.0242876 0.0314352
1 0.354987 0.825941 0.00980682 0.0228577
1 0.18521 0.182734 0.0138195 0.0271653
1 0.858751 0.848967 0.00943756 0.0276567
1 0.60601 0.365112 0.011569 0.0207013
1 0.737998 0.213734 0.00796318 0.0129423
1 0.355122 0.904254 0.00668201 0.0237467
1 0.43054 0.283406 0.00763474 0.0293599
1 0.991299 0.858096 0.0163578 0.0264352
1 0.605906 0.368965 0.0125017 0.0281979
1 0.262698 0.711882 0.0115338 0.0290919
1 0.301646 0.58621 0.0183514 0.0200405
