2 0.511759 0.519841 0.976482 0.960318
1 0.322444 0.383619 0.0186203 0.0641955
1 0.850446 0.853465 0.0255522 0.0471497
1 0.580679 0.915159 0.0299073 0.044725
1 0.720351 0.179277 0.0198542 0.0319168
1 0.467352 0.635784 0.0143324 0.0302911
1 0.408323 0.188049 0.0177701 0.040751
1 0.835543 0.260574 0.0125477 0.033873
1 0.343509 0.478291 0.0225874 0.027697
1 0.369744 0.595315 0.0111781 0.0319278
1 0.267804 0.326241 0.0171025 0.0588866
1 0.481589 0.566508 0.0116062 0.0453543
1 0.95519 0.823341 0.0140129 0.0379795
1 0.451215 0.863902 0.0284397 0.0576099
1 0.517532 0.451159 0.0126505 0.0256749
1 0.398348 0.526962 0.0111005 0.0366584
1 0.421975 0.440228 0.0134932 0.0222425
1 0.486089 0.909177 0.0170816 0.035399
1 0.795182 0.44465 0.0123831 0.026613
1 0.403997 0.3394 0.0124874 0.0312658
1 0.491233 0.925009 0.0270414 0.0670076
1 0.988843 0.595137 0.0203045 0.079646
1 0.569841 0.793841 0.00716934 0.0160241
1 0.665364 0.116226 0.0129237 0.0137292
