2 0.499693 0.517305 0.999386 0.96539
1 0.700409 0.768743 0.0303862 0.0495619
1 0.457549 0.31544 0.0129221 0.0270612
1 0.376706 0.781577 0.043125 0.0787981
1 0.335599 0.695549 0.0248608 0.031888
1 0.728725 0.810498 0.0293028 0.0522217
1 0.542412 0.318347 0.0197718 0.033695
1 0.616756 0.304337 0.0146231 0.0304773
1 0.548013 0.505246 0.0114179 0.0210461
1 0.189283 0.492154 0.0108921 0.0343201
1 0.394152 0.650552 0.0120976 0.0424221
1 0.158645 0.416559 0.0115316 0.0208622
1 0.726043 0.872628 0.0200106 0.0314908
1 0.56474 0.283807 0.0158894 0.02683
1 0.659533 0.777126 0.0133493 0.0249664
1 0.212223 0.297912 0.0101391 0.0213088
1 0.588155 0.347445 0.0168552 0.0312671
1 0.617397 0.407836 0.0101301 0.0232122
1 0.69666 0.296852 0.0329126 0.0457113
1 0.210388 0.205193 0.00933933 0.0486805
1 0.217285 0.530601 0.00993786 0.0273276
1 0.514177 0.133904 0.0101838 0.0197034
1 0.367126 0.649113 0.0272851 0.0601678
1 0.098307 0.731666 0.0156802 0.0193553
1 0.679802 0.275693 0.0142448 0.0294089
1 0.471886 0.796476 0.00898533 0.0193871
1 0.21541 0.556314 0.0148414 0.014466
1 0.388362 0.124501 0.00946382 0.0161987
1 0.561812 0.111549 0.0133383 0.0270285
1 0.468758 0.714973 0.0110346 0.0181096
1 0.364416 0.65493 0.0241639 0.0501938
1 0.360016 0.65356 0.016568 0.0451922
1 0.445652 0.669397 0.0103589 0.0170369
1 0.046874 0.533136 0.0091632 0.019882
1 0.0871436 0.699138 0.010475 0.0480859
1 0.388916 0.168323 0.00826578 0.0178863
1 0.682701 0.279467 0.0180779 0.0328758
