2 0.499804 0.529063 0.99894 0.941873
1 0.644175 0.710806 0.0277361 0.0575355
1 0.886226 0.769002 0.0169788 0.0496882
1 0.430684 0.842947 0.0157017 0.0225033
1 0.582923 0.672707 0.010079 0.0164289
1 0.524594 0.965818 0.0153954 0.0429471
1 0.142105 0.237317 0.00865107 0.017601
1 0.424667 0.728068 0.0212981 0.0436125
1 0.601373 0.71598 0.0168643 0.0265506
1 0.625818 0.797848 0.012452 0.0214118
1 0.218618 0.562197 0.00895557 0.0177105
1 0.186403 0.204206 0.0188533 0.0889013
1 0.485005 0.199147 0.00858593 0.0184454
1 0.254397 0.62066 0.00847936 0.0281477
1 0.498074 0.353657 0.0115255 0.0319251
1 0.172283 0.81926 0.0116711 0.0309153
1 0.19383 0.359133 0.00651727 0.0143112
1 0.158864 0.692132 0.00837569 0.0163998
1 0.164622 0.985229 0.0116283 0.0295427
