2 0.499376 0.52276 0.998752 0.95448
1 0.12515 0.48951 0.024078 0.0496962
1 0.341171 0.256244 0.0150886 0.0236639
1 0.297359 0.912705 0.0132167 0.0248556
1 0.665597 0.348724 0.0182299 0.0180656
1 0.491636 0.696586 0.0129832 0.0195212
1 0.223544 0.908999 0.0159033 0.0207884
1 0.178482 0.568761 0.0231391 0.0586109
1 0.00992304 0.367924 0.0192981 0.0471246
1 0.437797 0.704618 0.0111086 0.0215637
1 0.00519029 0.145213 0.0103806 0.0299947
1 0.646167 0.56144 0.0331011 0.0420129
1 0.934506 0.289992 0.0137373 0.0276306
1 0.844488 0.452974 0.00737629 0.0409671
