2 0.499804 0.548438 0.999608 0.903124
1 0.471772 0.781852 0.0441399 0.063038
1 0.0963877 0.648693 0.0123134 0.0480325
1 0.832911 0.310722 0.013287 0.0287808
1 0.301321 0.860594 0.0296951 0.0477144
1 0.681071 0.813585 0.0202359 0.0295927
1 0.706105 0.361073 0.0126572 0.022413
1 0.52755 0.876733 0.0142954 0.0248001
1 0.788749 0.650202 0.0215597 0.0254596
1 0.136202 0.978416 0.0107971 0.0321486
1 0.0532575 0.841041 0.00782975 0.0204576
1 0.688941 0.611175 0.0084095 0.0228273
1 0.952058 0.338502 0.01437 0.0971417
1 0.670033 0.63754 0.00866985 0.0227376
1 0.822126 0.528441 0.00961895 0.0309759
1 0.279938 0.920793 0.00755399 0.0629145
1 0.489071 0.519187 0.0081172 0.0152769
1 0.260087 0.594427 0.0101858 0.0247447
1 0.731003 0.722575 0.0413347 0.177744
1 0.253506 0.92347 0.0161369 0.0256488
1 0.705329 0.392094 0.0207104 0.0409975
1 0.691579 0.546351 0.0116339 0.0200619
1 0.0828059 0.51679 0.00446091 0.0516409
1 0.68982 0.322182 0.0249741 0.0582282
1 0.529948 0.817309 0.0103997 0.0312395
1 0.810729 0.699029 0.00728359 0.0125361
1 0.73955 0.449636 0.0173861 0.0229601
1 0.761964 0.787524 0.00872504 0.0173967
1 0.632759 0.438158 0.0187811 0.0182152
1 0.812036 0.199582 0.0194111 0.0288463
1 0.48455 0.390701 0.0069294 0.0147517
1 0.62351 0.511915 0.0144627 0.0199391
