2 0.499878 0.544959 0.999756 0.910082
1 0.319037 0.258456 0.0228614 0.0404004
1 0.707331 0.970257 0.0175038 0.0268983
1 0.181734 0.249942 0.0272799 0.0601568
1 0.880026 0.520788 0.0159992 0.0459693
1 0.864971 0.903182 0.0114992 0.03066
1 0.366012 0.875883 0.0135126 0.0286767
1 0.692632 0.664349 0.00834236 0.0193476
1 0.792086 0.256225 0.0159951 0.0407849
1 0.80671 0.60019 0.0206556 0.0374613
1 0.748385 0.466456 0.0140033 0.0314423
1 0.170572 0.157778 0.00825982 0.0146935
1 0.0540977 0.640454 0.0077702 0.0278485
1 0.18503 0.57945 0.0150309 0.0304148
1 0.911255 0.758655 0.017152 0.0319512
1 0.216043 0.459207 0.00827799 0.0254828
1 0.183398 0.629917 0.0169405 0.0251041
1 0.449173 0.951747 0.0148538 0.0243988
1 0.920327 0.508781 0.00763893 0.0200092
1 0.00597387 0.599809 0.00751284 0.02547
1 0.0845075 0.705571 0.00841854 0.0144114
1 0.00866801 0.934702 0.0110317 0.0182824
1 0.468609 0.825694 0.00920677 0.015791
1 0.165988 0.503666 0.0144888 0.0219264
1 0.928023 0.667017 0.00953331 0.0540156
1 0.192385 0.406432 0.00832066 0.0236747
1 0.373263 0.971811 0.0165936 0.0139659
